10317.000027826
10317.000027825
10317.0000144
10317.00002782
10317.000027828
10317.000030086
10317.00003008
10317.000030081
10317.000041622
10317.000006703
10317.000027821
10317.000026447
10317.000009594
10317.000031133
10317.000026193
10317.000026198
10317.00003281
10317.000028098
10317.000032812
10317.00002301
10317.000023017
10317.000028095
10317.000029183
10317.000009188
10317.000035453
10317.000035457
10317.000004801
10317.000012069
10317.000004806
10317.000014543
10317.000014542
10317.000014547
10317.000014549
10317.000014548
10317.000003609
10317.00000589
10317.000030082
10317.000028894
10317.00000966
10317.000009766
10317.000004738
10317.000014608
10317.000004734
10317.000004737
10317.000004736
10317.000023445
10317.000022638
10317.000022639
10317.00002263
10317.000022632
10317.000022634
10317.000022636
10317.000038121
10317.000013333
10317.000013332
10317.0000016
10317.000001979
10317.000007729
10317.000039909
10317.000039906
10317.000039907
10317.000039838
10317.000037597
10317.000003492
10317.000036487
10317.000033472
10317.000033473
10317.000036489
10317.000030765
10317.000028703
10317.000028704
10317.000002773
10317.00000277
10317.000002774
10317.000009507
10317.000043062
10317.000003027
10317.000041935
10317.000041937
10317.000041939
10317.000030748
10317.000030747
10317.000030745
10317.000030744
10317.000030742
10317.00003074
10317.000013454
10317.000014958
10317.000014954
10317.000010274
10317.000014224
10317.000014225
10317.000015578
10317.000023223
10317.000023227
10317.000011052
10317.000011053
10317.00001105
10317.000015577
10317.000011055
10317.000005812
10317.00000581
10317.000005814
10317.000013458
10317.000023843
10317.000036173
10317.000010908
10317.000026661
10317.000010901
10317.00002666
10317.000032662
10317.000028288
10317.000028287
10317.000028284
10317.00003819
10317.000038191
10317.000022175
10317.000022173
10317.000022172
10317.000003149
10317.000003411
10317.000006647
10317.000033047
10317.000033041
10317.000033042
10317.000023013
10317.000041345
10317.000041344
10317.000041343
10317.000013105
10317.000029392
10317.000020701
10317.000020706
10317.000020707
10317.000021168
10317.000041698
10317.000006797
10317.00002773
10317.000017689
10317.000015634
10317.000027734
10317.000027735
10317.000013182
10317.000017687
10317.000025993
10317.000031359
10317.000001018
10317.000030242
10317.000037967
10317.000016333
10317.000016334
10317.000035452
10317.000012061
10317.000042586
10317.000020487
10317.000015017
10317.000026461
10317.00002646
10317.000026467
10317.000026468
10317.000028118
10317.000028113
10317.000028111
10317.000027598
10317.000027599
10317.000027597
10317.000026648
10317.000032872
10317.000031379
10317.000004289
10317.000004288
10317.00000482
10317.000004823
10317.000004822
10317.000014565
10317.00000428
10317.000004283
10317.000014561
10317.000004284
10317.000014563
10317.000004286
10317.000028897
10317.000004753
10317.000004752
10317.000004759
10317.000004758
10317.000031809
10317.0000318
10317.000031495
10317.00002261
10317.000022341
10317.000022618
10317.000022619
10317.000013355
10317.000003086
10317.000003087
10317.000023961
10317.000003085
10317.000015218
10317.000023965
10317.000015214
10317.000005031
10317.000015216
10317.000015211
10317.000003088
10317.000015213
10317.000005033
10317.000005032
10317.000002979
10317.000007704
10317.00000388
10317.000041573
10317.000038383
10317.000036978
10317.000033459
10317.000036977
10317.000002288
10317.000036973
10317.000033184
10317.000002029
10317.000002028
10317.000006074
10317.000002751
10317.00000275
10317.00000202
10317.000017218
10317.000017219
10317.000017216
10317.000017217
10317.000017214
10317.000017215
10317.000017213
10317.000001488
10317.000001482
10317.000036872
10317.000031582
10317.000030186
10317.00003018
10317.000009572
10317.000039927D
10317.000001225
10317.000001221
10317.000030761
10317.000030763
10317.000014024
10317.000011214
10317.000014792
10317.000014796
10317.000014798
10317.000014799
10317.000010299
10317.000018073
10317.000018079
10317.000009392
10317.00003611
10317.000036111
10317.000036112
10317.000036114
10317.00001092
10317.000014173
10317.000028915
10317.000028914
10317.000023203
10317.000023206
10317.000023756
10317.000022158
10317.000012292
10317.000029178
10317.000012299
10317.000012298
10317.000018299
10317.000007132
10317.000007133
10317.00000316
10317.000007134
10317.000007135
10317.000003169
10317.000006661
10317.000006662
10317.000006665
10317.000002567
10317.000006666
10317.000002568
10317.000021988
10317.000010304
10317.000021983
10317.000021982
10317.00002198
10317.000031418
10317.00002134
10317.000041369
10317.000007855
10317.000021187
10317.000021185
10317.000021184
10317.000013165
10317.000013166
10317.000013167
10317.000033801
10317.000017176
10317.000027198
10317.000017667
10317.000017662
10317.000017661
10317.000021327
10317.000021325
10317.000021323
10317.000020431
10317.000001032
10317.000003137
10317.000030512
10317.000030513
10317.00002058
10317.000020581
10317.000007105
10317.000006915
10317.000006914
10317.000006913
10317.000006912
10317.000040543
10317.000040546
10317.000040545
10317.000028137
10317.000029987
10317.000029985
10317.000029984
10317.000032857
10317.000032851
10317.000009141
10317.000009144
10317.000009495
10317.000009149
10317.000009148
10317.000014587
10317.000027316
10317.000009721
10317.000009723
10317.000009722
10317.000031829
10317.000005083
10317.000015184
10317.000015185
10317.000011155
10317.000015181
10317.000031827
10317.000031826
10317.000003146
10317.000035491
10317.000035492
10317.000035493
10317.000035498
10317.000013371
10317.000007098
10317.000013801
10317.000013372
10317.000007095
10317.000023416
10317.000007091
10317.000007092
10317.000022098
10317.000022093
10317.000004774
10317.000003201
10317.00003801
10317.000001487
10317.000022899
10317.000012173
10317.000039942
10317.000041554
10317.000008952A
10317.000008952B
10317.000036919
10317.000036912
10317.000001939
10317.00000193
10317.000001933
10317.000001934
10317.000001936
10317.000006053
10317.00000605
10317.000031533
10317.000002005
10317.000017276
10317.000017174
10317.000013118
10317.000027671
10317.000030165
10317.000030161
10317.000041972
10317.000041973
10317.000041976
10317.00000955
10317.000009551
10317.000009556
10317.000009558
10317.000009559
10317.000001203
10317.000001208
10317.000030701
10317.000030705
10317.000014009
10317.000036953
10317.000003002
10317.000035398
10317.000035393
10317.000035392
10317.00003539
10317.00002951
10317.000029512
10317.000003003
10317.000004187
10317.000004185
10317.000004188
10317.000004189
10317.000022221
10317.00002222
10317.000028805
10317.000036133
10317.000036131
10317.000036136
10317.000036135
10317.000032629
10317.000010947
10317.000010946
10317.000010945
10317.000032623
10317.00003262
10317.000032627
10317.000028933
10317.000028934
10317.000028936
10317.000018054
10317.00001109
10317.000022425
10317.000022136
10317.000022135
10317.000022426
10317.000022048
10317.000002346
10317.000002347
10317.000002345
10317.000030254
10317.0000413
10317.000041305
10317.000038484
10317.00000154
10317.000028216
10317.000013146
10317.000013147
10317.000008954A
10317.00001764
10317.000001059
10317.000017644
10317.000017647
10317.000038228
10317.000038224
10317.000038227
10317.000006932
10317.000010993
10317.000028489
10317.000006841
10317.000028483
10317.000033377
10317.000033374
10317.000026424
10317.000026421
10317.000026423
10317.000030392
10317.000007641
10317.000028153
10317.000028154
10317.000027888
10317.000027889
10317.000010559
10317.000010555
10317.000010556
10317.000009129
10317.000009126
10317.00001139
10317.000027334
10317.000027332
10317.000027331
10317.000031847
10317.00001117
10317.000022309
10317.000013821
10317.000007076
10317.000007073
10317.000007072
10317.000013826
10317.000013829
10317.000007079
10317.000007078
10317.000015251
10317.000015252
10317.000015253
10317.000015254
10317.000015255
10317.000038135
10317.000038136
10317.000004796
10317.000004793
10317.000004792
10317.00000479
10317.000016288
10317.000003226
10317.000003224
10317.000003225
10317.000003223
10317.000003221
10317.000003228
10317.000012156
10317.000012154
10317.000012155
10317.000012153
10317.000012158
10317.000036058
10317.000041539
10317.000002244
10317.000002243
10317.000008950A
10317.000036425
10317.00003341
10317.000036427
10317.000036934
10317.000036939
10317.000036428
10317.000036429
10317.000001911
10317.000001916
10317.000001917
10317.000001919
10317.000016707
10317.000016706
10317.000016705
10317.000016704
10317.000016703
10317.000016702
10317.000016701
10317.0000167
10317.000016709
10317.000002793
10317.00000206
10317.000006034
10317.000006036
10317.000002068
10317.000027653
10317.000027654
10317.000043003
10317.00004163
10317.000029148
10317.000029143
10317.000030141
10317.000030491
10317.000030142
10317.00004195
10317.000041957
10317.000041959
10317.000030721
10317.000002064
10317.000005567
10317.000005566
10317.000005565
10317.000005564
10317.000005569
10317.000005568
10317.00001428
10317.000014933
10317.000003838
10317.000042755
10317.000014937
10317.000042756
10317.000015881
10317.000034132
10317.000021949
10317.000030014
10317.000010968
10317.000010961
10317.00001096
10317.000010963
10317.000010962
10317.000028959
10317.000028955
10317.000028954
10317.000015828
10317.000007038
10317.000042989
10317.000042981
10317.000007033
10317.000041324
10317.000013869
10317.00002347
10317.000022448
10317.000022115
10317.000022444
10317.000008954B
10317.000021149
10317.000021148
10317.000029335
10317.000029339
10317.000013618
10317.000013619
10317.000009198
10317.000006625
10317.000006626
10317.00000662
10317.000001077
10317.000001072
10317.000014222
10317.000030554
10317.000030555
10317.000020498
10317.000030375
10317.000006952
10317.000040057
10317.000040052
10317.000030379
10317.000042568
10317.000017621
10317.00001762
10317.000017625
10317.000017624
10317.000028178
10317.000020368
10317.000014639
10317.000009105
10317.000009455
10317.000009106
10317.000009101
10317.000009102
10317.000011377
10317.000011375
10317.000011378
10317.00002735
10317.000027352
10317.000027353
10317.000027355
10317.000027357
10317.000041287
10317.000003265
10317.000029496
10317.00002318
10317.000005799
10317.00000579
10317.000005791
10317.000022329
10317.000003026
10317.000023982
10317.000023985
10317.000023984
10317.000003029
10317.000005024
10317.000036075
10317.000026002
10317.000036071
10317.00003607
10317.000032984
10317.000032983
10317.000004923
10317.000048392
10317.000048391
10317.00004839
10317.000048394
10317.000038057
10317.000005789
10317.000012132
10317.000012134
10317.000013843
10317.000002261
10317.00000226
10317.000002262
10317.000036406
10317.000036407
10317.0000364
10317.000016233
10317.000016232
10317.000016723
10317.00001623
10317.000016236
10317.000016235
10317.000016726
10317.000016729
10317.000028788
10317.000016238
10317.000006017
10317.000039898
10317.000039896
10317.000013265
10317.000001731
10317.000021178
10317.00002763
10317.000027637
10317.000029169
10317.000001793
10317.000001794
10317.000001795
10317.000001797
10317.000030122
10317.000030121
10317.00003012
10317.000030125
10317.000001248
10317.000001534
10317.00000124
10317.000001531
10317.000010761
10317.000005549
10317.000029553
10317.000029554
10317.000029555
10317.000026584
10317.000042737
10317.000042735
10317.000031298
10317.000031296
10317.000031297
10317.000010183
10317.000010182
10317.000031021
10317.000015865
10317.000015862
10317.00003147
10317.000034118
10317.000030456
10317.000010984
10317.000010981
10317.000014102
10317.000030006
10317.000028205
10317.000028208
10317.000005898
10317.000005892
10317.000005891
10317.000009667
10317.000009661
10317.000004054
10317.000004055
10317.000004056
10317.000004053
10317.000003441
10317.000003491
10317.000037596
10317.000037595
10317.000037594
10317.000037599
10317.000037598
10317.000003097
10317.000013986
10317.000013984
10317.000013982
10317.000013453
10317.000023845
10317.000023846
10317.000023842
10317.000017349
10317.000021165
10317.000021167
10317.000021166
10317.000029314
10317.000029315
10317.000013183
10317.000029311
10317.000016
10317.000023144
10317.00000776
10317.000033803
10317.000040072
10317.000040071
10317.000036877
10317.000036875
10317.000036871
10317.00003687
10317.000036879
10317.00002069
10317.000020691
10317.000020692
10317.000036423
10317.00000245
10317.000002451
10317.000017357
10317.000017356
10317.000017354
10317.000017353
10317.000020349
10317.000020436
10317.000020437
10317.000020347
10317.000003895
10317.000009471
10317.000009472
10317.000009475
10317.000009476
10317.000005159
10317.000011352
10317.000011357
10317.000011358
10317.000014879
10317.000014877
10317.000014876
10317.000014875
10317.00001465
10317.000014873
10317.000023619
10317.000023848
10317.00001113
10317.000031889
10317.000041346
10317.000015294
10317.000015295
10317.000015291
10317.000015292
10317.000015293
10317.000026028
10317.000026021
10317.000026022
10317.000036055
10317.000036057
10317.000026113
10317.000004086
10317.000012112
10317.000012113
10317.000013865
10317.000007039
10317.000013866
10317.000023478
10317.000023475
10317.000023474
10317.000003004
10317.000007037
10317.000013868
10317.000003001
10317.000002208
10317.000002202
10317.000002201
10317.0000022
10317.000002207
10317.000002205
10317.000036461
10317.000013903
10317.000041289
10317.00000778
10317.000041282
10317.000041286
10317.000003267
10317.000013249
10317.000041062
10317.000041063
10317.00004106
10317.000041069
10317.000027615
10317.000027617
10317.000013103
10317.000030104
10317.000030455
10317.000030454
10317.000030103
10317.000030109
10317.000030108
10317.000016749
10317.000016748
10317.000016743
10317.000016742
10317.000016741
10317.00001674
10317.000016747
10317.000016746
10317.000016745
10317.000016744
10317.000017161
10317.000017163
10317.000001516
10317.000001512
10317.000029399
10317.000010746
10317.00001074
10317.000033192
10317.000010748
10317.000026562
10317.000031272
10317.000031279
10317.000027736
10317.000022542
10317.000034175
10317.000015847
10317.000004928
10317.000003358
10317.00000492
10317.000004921
10317.000004922
10317.000013952
10317.000004696
10317.000004925
10317.000004927
10317.000014464
10317.000014468
10317.000032685
10317.000032686
10317.000032687
10317.000028223
10317.000023286
10317.000023285
10317.000023288
10317.000015594
10317.000009642
10317.000023322
10317.000009648
10317.000009649
10317.000004076
10317.000004075
10317.000027563
10317.000004078
10317.000034174
10317.00000233
10317.000013471
10317.000023867
10317.000023864
10317.000037961
10317.000023862
10317.000023863
10317.000030246
10317.00001533
10317.000014646
10317.000012872
10317.000031894
10317.000029371
10317.000029374
10317.000031896
10317.000004924
10317.000004926
10317.000001492
10317.000038246
10317.000038245
10317.000012309
10317.000012307
10317.000001497
10317.000036858
10317.000013431
10317.00003268
10317.000002437
10317.000002438
10317.000007677
10317.0000048
10317.000020414
10317.000020413
10317.000020411
10317.000002806
10317.000015599
10317.000023287
10317.000017088
10317.000017083
10317.000017084
10317.000003535
10317.000009419
10317.0000061
10317.000002276
10317.000001164
10317.000009643
10317.00001133
10317.000035763
10317.000035764
10317.000002794
10317.000014678
10317.000018355
10317.000018351
10317.000018358
10317.000004266
10317.000004265
10317.000026043
10317.000026044
10317.000036039
10317.000010827
10317.000010821
10317.000010822
10317.000023679
10317.000023678
10317.000023677
10317.000023494
10317.000003061
10317.000002889
10317.000006766
10317.000002881
10317.000002882
10317.000002886
10317.000003284
10317.000003285
10317.000003287
10317.00000328
10317.000003281
10317.000003282
10317.00000208
10317.000002087
10317.000026662
10317.000002088
10317.000036048
10317.000029293
10317.000013222
10317.000029296
10317.000029299
10317.000033785
10317.000033781
10317.00004162
10317.000033788
10317.000033789
10317.000001756
10317.000030479
10317.000030478
10317.000016765
10317.000016764
10317.000016767
10317.000016766
10317.000016761
10317.00001676
10317.000016763
10317.000016762
10317.000016769
10317.000016768
10317.000017146
10317.000017142
10317.000017141
10317.000001286
10317.000001284
10317.000001285
10317.00000157
10317.000001571
10317.000001574
10317.000001575
10317.000001579
10317.00000163
10317.000040358
10317.000040357
10317.000040352
10317.000040351
10317.00004035
10317.000026548
10317.000026549
10317.00002654
10317.00001499
10317.000020063
10317.000020062
10317.000028659
10317.000031259
10317.000031257
10317.000031788
10317.000036209
10317.000014194
10317.000014195
10317.000014196
10317.000014197
10317.000014199
10317.000015829
10317.000031439
10317.000031434
10317.000014334
10317.00001444
10317.00001433
10317.000028242
10317.000027238
10317.000027237
10317.00002195
10317.000009621
10317.000009624
10317.000009628
10317.00000401
10317.000004011
10317.000004012
10317.000032929
10317.000031928
10317.000037551
10317.000031925
10317.000031926
10317.000031927
10317.000031921
10317.000037558
10317.000028081
10317.000003078
10317.000013419
10317.000023808
10317.000023809
10317.000007022
10317.00001392
10317.000021552
10317.000029352
10317.000006777
10317.00002935
10317.000029356
10317.000028078
10317.000028079
10317.000013652
10317.000013653
10317.000040033
10317.00004003
10317.000020653
10317.000002418
10317.000002419
10317.000002146
10317.000002141
10317.000002142
10317.000033665
10317.000033666
10317.000014564
10317.000014791
10317.000020473
10317.000016404
10317.000016405
10317.000016407
10317.00001456
10317.000005023
10317.000009434
10317.00000943
10317.000009433
10317.000001141
10317.00000114
10317.000030314
10317.000030317
10317.00003031
10317.000030311
10317.000030312
10317.000030313
10317.000011315
10317.000015393
10317.000029433
10317.000029432
10317.000029439
10317.000018332
10317.000018335
10317.000018338
10317.00000526
10317.000005261
10317.000005262
10317.000005263
10317.000007678
10317.000004249
10317.000026069
10317.000023127
10317.000023126
10317.000023125
10317.000023121
10317.000015127
10317.000015124
10317.000015125
10317.000015122
10317.000015123
10317.000023129
10317.000015121
10317.000022524
10317.000022525
10317.000022526
10317.000022527
10317.00002252
10317.00002229
10317.000022291
10317.000012401
10317.000003047
10317.000003732
10317.000008963
10317.000008964
10317.000008966
10317.000013758
10317.000013757
10317.000013756
10317.000013755
10317.000013201
10317.000006741
10317.000043083
10317.000001779
10317.000021246
10317.000036107
10317.000010919
10317.00000395
10317.000010099
10317.000003952
10317.000003954
10317.000038166
10317.000038165
10317.000033799
10317.000017125
10317.000017126
10317.000027603
10317.000001552
10317.000001805
10317.000029202
10317.000027608
10317.000026529
10317.000030995
10317.000022343
10317.000026526
10317.000026527
10317.000023743
10317.000032619
10317.000020047
10317.000028676
10317.000002606
10317.000023212
10317.000030039
10317.000005079
10317.000031524
10317.000014316
10317.000014317
10317.000014313
10317.00001431
10317.000014311
10317.000014318
10317.000028265
10317.000030111
10317.000028262
10317.00003044
10317.00002721
10317.000027213
10317.000027217
10317.000015219
10317.000031904
10317.000037575
10317.000037576
10317.000031909
10317.000015217
10317.000023086
10317.000035263
10317.000015212
10317.000023089
10317.000028849
10317.000023828
10317.000013927
10317.000023358
10317.000013434
10317.000028841
10317.000023823
10317.000023826
10317.000028847
10317.000003382
10317.00001675
10317.000005928
10317.000005927
10317.000016752
10317.000005921
10317.00000592
10317.000022191
10317.00002219
10317.000015098
10317.000016755
10317.000016756
10317.000016757
10317.00000356
10317.000026519
10317.000022999
10317.000014157
10317.000022994
10317.000022993
10317.000007126
10317.000038286
10317.000038285
10317.000038283
10317.000002382
10317.000002381
10317.000007129
10317.000007128
10317.000013697
10317.00001369
10317.000006654
10317.00002846
10317.000028465
10317.000006657
10317.000002162
10317.00000216
10317.000002161
10317.000017335
10317.000017331
10317.00001733
10317.000005764
10317.000017339
10317.000009227
10317.000005761
10317.000009593
10317.000005763
10317.000002578
10317.000020676
10317.000020672
10317.000040411
10317.000040413
10317.000015394
10317.00000112
10317.000001127
10317.000015632
10317.00003033
10317.000030331
10317.000020458
10317.000030624
10317.000030625
10317.000030626
10317.000030627
10317.000020451
10317.000020456
10317.000020457
10317.00001199
10317.000029416
10317.000014815
10317.00001481
10317.000005716
10317.000005717
10317.000005712
10317.000005713
10317.00003618
10317.000026106
10317.000036395
10317.000026083
10317.000026081
10317.00002608
10317.000036392
10317.000042026
10317.000026089
10317.000026088
10317.000010866
10317.000010867
10317.000010869
10317.000011193
10317.000011192
10317.00001831
10317.000011195
10317.000002414
10317.000003718
10317.000003716
10317.000003715
10317.000009019
10317.000039815
10317.000039813
10317.000013778
10317.00001343
10317.000013772
10317.000031793
10317.000006728
10317.000006729
10317.000006899
10317.000022687
10317.000006894
10317.000021267
10317.00002126
10317.000021261
10317.000021268
10317.00000397
10317.000030438
10317.000038148
10317.000038146
10317.000006092
10317.000006098
10317.000001827
10317.00000182
10317.00000259
10317.000027907
10317.000027901
10317.0000279
10317.000040319
10317.000027909
10317.000027908
10317.000030299
10317.0000265
10317.000026501
10317.000026506
10317.000026507
10317.000026504
10317.000002752
10317.000027296
10317.00000262
10317.000031219
10317.000005161
10317.000017102
10317.000017103
10317.000017101
10317.000017107
10317.000010105
10317.000010104
10317.00001415
10317.000010102
10317.000014158
10317.000014159
10317.000034194
10317.000034192
10317.000034191
10317.00003277
10317.000005019
10317.00000501
10317.000005017
10317.000005015
10317.000032776
10317.000014379
10317.000032779
10317.00002333
10317.000027271
10317.00002727
10317.000027277
10317.000027275
10317.000015856
10317.000034147
10317.000037514
10317.000002027
10317.000004631
10317.000014483
10317.000004636
10317.000003366
10317.000003365
10317.00000336
10317.000015355
10317.000015354
10317.000015351
10317.000023378
10317.000005901
10317.0000059
10317.000005902
10317.000005907
10317.000030508
10317.000004667
10317.000003507
10317.000003508
10317.000022976
10317.00002297
10317.000022979
10317.000007034
10317.000014115
10317.000013907
10317.000013905
10317.000013902
10317.0000139
10317.000014451
10317.00001445
10317.00000236
10317.000002369
10317.0000021
10317.000002811
10317.00000784
10317.000016446
10317.000016447
10317.000016448
10317.000016449
10317.000013019
10317.000041786
10317.000020616
10317.0000011
10317.00003035
10317.000030351
10317.000030356
10317.000030357
10317.00001771
10317.000029479
10317.00002947
10317.000029477
10317.00000709
10317.000029474
10317.00000522
10317.000005221
10317.000005222
10317.000005223
10317.000005224
10317.000005225
10317.000005226
10317.000005227
10317.000005228
10317.000030976
10317.000030977
10317.000030973
10317.000031006
10317.000031005
10317.000031004
10317.000031009
10317.000031008
10317.000012998
10317.000012999
10317.000012993
10317.000012991
10317.000012996
10317.000012997
10317.000042001
10317.000010843
10317.00001084
10317.000042009
10317.000010847
10317.000010845
10317.000023165
10317.000023164
10317.00001516
10317.000005732
10317.000012196
10317.000012195
10317.000009033
10317.000013575
10317.000013573
10317.000023789
10317.000023785
10317.000023784
10317.000023783
10317.00002256
10317.000022564
10317.000020339
10317.000015541
10317.000029271
10317.000013719
10317.000003193
10317.000006702
10317.000002822
10317.000002821
10317.000001732
10317.000029188
10317.000001734
10317.000021207
10317.000041615
10317.000003995
10317.000003996
10317.000040153
10317.000040157
10317.000040156
10317.000039836
10317.00003983
10317.000039831
10317.000028587
10317.000033721
10317.000033728
10317.00001305
10317.000020555
10317.000020551
10317.000044378
10317.000002642
10317.000002641
10317.000002646
10317.000002645
10317.000030989
10317.000033546
10317.000033548
10317.000001594
10317.000001595
10317.000001593
10317.000023816
10317.000031491
10317.000031493
10317.000015326
10317.000031497
10317.000005035
10317.000005034
10317.000005037
10317.000005036
10317.000027786
10317.000043151
10317.000043152
10317.000006794
10317.000027256
10317.000027253
10317.000030019
10317.000030018
10317.000030013
10317.000030012
10317.000037533
10317.000018298
10317.000037538
10317.000005693
10317.000005697
10317.000004612
10317.000004611
10317.000014357
10317.000028838
10317.000012114
10317.00000596
10317.000026129
10317.000026124
10317.000026125
10317.000026126
10317.000026127
10317.00002612
10317.000026123
10317.000022951
10317.00002295
10317.000022953
10317.000022958
10317.000006761
10317.000005655
10317.00001479
10317.000013968
10317.000028804
10317.000028806
10317.000013965
10317.000013967
10317.000014794
10317.000002348
10317.000002349
10317.000022047
10317.000022044
10317.000012382
10317.000012381
10317.000036727
10317.000014172
10317.000014978
10317.000007865
10317.000014979
10317.000006114
10317.000006113
10317.00000611
10317.000002126
10317.000002125
10317.00003999
10317.000039992
10317.000039994
10317.000039996
10317.000018078
10317.000001699
10317.000003837
10317.000013038
10317.00000383
10317.000020634
10317.000001477
10317.00003037
10317.000020496
10317.000020495
10317.000017737
10317.000029455
10317.000029453
10317.000029452
10317.00001337
10317.000030953
10317.000030959
10317.000011956
10317.000011955
10317.000031022
10317.000031024
10317.000031028
10317.000012974
10317.000012975
10317.000012976
10317.000012971
10317.000032943
10317.00003294
10317.000032947
10317.000032944
10317.000028324
10317.000028325
10317.000001098
10317.000001138
10317.000028777
10317.000009231
10317.00000923
10317.00000575
10317.000005754
10317.000005755
10317.000004159
10317.000004158
10317.000004157
10317.000003757
10317.000009059
10317.000009058
10317.000029292
10317.000013551
10317.000022543
10317.000022541
10317.000029219
10317.000013734
10317.000013731
10317.00001373
10317.000013733
10317.000013732
10317.000007183
10317.000007182
10317.000007181
10317.000007184
10317.00003181
10317.000002801
10317.000002805
10317.000031813
10317.000008982
10317.000040131
10317.000040136
10317.000020791
10317.000020792
10317.000020644
10317.000021229
10317.000021958
10317.000021222
10317.000021223
10317.000021221
10317.000021226
10317.000020573
10317.000020577
10317.000020576
10317.000041739
10317.000033566
10317.000033564
10317.000001866
10317.000028439
10317.000030022
10317.000015039
10317.000001311
10317.000014118
10317.000030031
10317.000030032
10317.000010147
10317.000030036
10317.000015641
10317.000023087
10317.000023088
10317.000036093
10317.000015391
10317.000015392
10317.000005948
10317.000005419
10317.000036099
10317.000026105
10317.000026103
10317.0000261
10317.000026101
10317.000026108
10317.000036399
10317.000032887
10317.000032885
10317.000032882
10317.000001799
10317.000023557
10317.000032888
10317.000022939
10317.000002965
10317.000022688
10317.00002268
10317.000012017
10317.000012015
10317.000012013
10317.000012011
10317.00000489
10317.000004894
10317.000004896
10317.000020464
10317.000023888
10317.000023889
10317.000032772
10317.000013941
10317.000016415
10317.000002329
10317.000020468
10317.000002325
10317.000002326
10317.000007846
10317.000007845
10317.000007666
10317.000007667
10317.000007841
10317.000007668
10317.000007848
10317.000007849
10317.000002493
10317.00000249
10317.000002497
10317.000002494
10317.000002498
10317.000009213
10317.000018077
10317.000001679
10317.000013051
10317.000013052
10317.000013053
10317.000013055
10317.000013056
10317.00000381
10317.000001417
10317.000001419
10317.000016484
10317.000016485
10317.000016488
10317.000016489
10317.000028776
10317.000028772
10317.00003425
10317.000034253
10317.000034254
10317.000034257
10317.000034259
10317.000031519
10317.000031515
10317.000031516
10317.00001844
10317.000018441
10317.000011973
10317.000036094
10317.000036091
10317.000014259
10317.000014258
10317.000036098
10317.00001088
10317.000010881
10317.000036191
10317.000028309
10317.000028304
10317.000041986
10317.000005771
10317.000009214
10317.000009219
10317.000009218
10317.000020067
10317.000011281
10317.000009079
10317.000009075
10317.000009074
10317.000009076
10317.000009071
10317.00000907
10317.000009073
10317.000009072
10317.000035348
10317.000012959
10317.000035342
10317.000012951
10317.000013539
10317.000015074
10317.000015075
10317.000011025
10317.000015071
10317.000015072
10317.000015073
10317.000035347
10317.000022211
10317.000013285
10317.000029234
10317.000029237
10317.000013286
10317.000029233
10317.000002869
10317.000002867
10317.000002866
10317.000031783
10317.000038479
10317.000038478
10317.000012228
10317.000020771
10317.000028544
10317.000028545
10317.000028546
10317.000011026
10317.000033761
10317.000001929
10317.000021975
10317.00002197
10317.000020512
10317.000020516
10317.000020515
10317.000020514
10317.000016347
10317.000016344
10317.000002687
10317.000002689
10317.000002688
10317.000001882
10317.000001888
10317.000014198
10317.000001089
10317.000043117
10317.000001086
10317.000030588
10317.000037915
10317.00003058
10317.000030585
10317.000027562
10317.000027561
10317.000001333
10317.000015382
10317.000014132
10317.000030052
10317.000030051
10317.000014136
10317.000014134
10317.000010162
10317.000015381
10317.000010169
10317.000028816
10317.000011417
10317.000034154
10317.00000604
10317.00001295
10317.000002036
10317.000002037
10317.000014399
10317.000014397
10317.000014392
10317.000014393
10317.000014391
10317.000005431
10317.00000543
10317.000005433
10317.000005432
10317.000026163
10317.000026164
10317.000023537
10317.000022666
10317.000022917
10317.000022664
10317.000022662
10317.000022661
10317.000012034
10317.000015913
10317.000015912
10317.000002302
10317.000022001
10317.000002301
10317.000006839
10317.000022009
10317.000002309
10317.000007823
10317.000007827
10317.000007829
10317.000028875
10317.00003698
10317.000013079
10317.000001654
10317.000001656
10317.000003879
10317.000044399
10317.000001438
10317.000001435
10317.000001436
10317.000038317
10317.000030771
10317.000014897
10317.000028759
10317.000034231
10317.00003423
10317.000028755
10317.000034236
10317.000007696
10317.000040493
10317.000014095
10317.000014093
10317.000015901
10317.000004285
10317.000031065
10317.000031064
10317.00001842
10317.000018424
10317.000018426
10317.000018427
10317.000017774
10317.00001427
10317.000010207
10317.000003266
10317.000011962
10317.000028363
10317.000028366
10317.000028367
10317.00001839
10317.000018397
10317.000018398
10317.00003003
10317.000022381
10317.000009097
10317.000015215
10317.000009094
10317.000009093
10317.000009092
10317.000009098
10317.000031922
10317.00003536
10317.000035361
10317.000012933
10317.000012936
10317.00002958
10317.000023274
10317.000002841
10317.000002842
10317.000006818
10317.000006819
10317.000022498
10317.000038415
10317.000022493
10317.000012202
10317.000012201
10317.000004161
10317.000012209
10317.000029282
10317.000020751
10317.000041661
10317.000020753
10317.000041666
10317.000028543
10317.000018318
10317.000002512
10317.000002511
10317.000040397
10317.000040395
10317.000033034
10317.000026597
10317.000033748
10317.00003099
10317.000003409
10317.000016369
10317.00001636
10317.000028692
10317.000014012
10317.000028695
10317.000016366
10317.000017183
10317.000017185
10317.000023807
10317.000027761
10317.00002776
10317.000027762
10317.000027764
10317.00001531
10317.000029619
10317.000029613
10317.000029612
10317.00003021
10317.000030218
10317.000020537
10317.000020531
10317.000020533
10317.000001351
10317.000001352
10317.000001353
10317.000030074
10317.000005637
10317.000005636
10317.000005635
10317.000005634
10317.000005638
10317.00002649
10317.000026493
10317.000026496
10317.000026498
10317.000007006
10317.000005983
10317.000005457
10317.000005456
10317.000005455
10317.000005986
10317.000005989
10317.00000372
10317.000026638
10317.000026639
10317.000026142
10317.000026635
10317.00002614
10317.000026633
10317.000023047
10317.000023515
10317.000031301
10317.000015605
10317.000031303
10317.000022644
10317.00000223
10317.000012055
10317.000014518
10317.000036682
10317.000014516
10317.000014513
10317.000010285
10317.000015933
10317.000009496
10317.00000354
10317.000037489
10317.00000358
10317.000037485
10317.000037487
10317.000039934
10317.000039938
10317.00001389
10317.000022029
10317.000022025
10317.000022027
10317.000022026
10317.000022023
10317.000022022
10317.000001988
10317.00000198
10317.000007778
10317.000007771
10317.000002183
10317.000002184
10317.000002185
10317.000001189
10317.000030686
10317.000030687
10317.000030684
10317.000030685
10317.000038337
10317.000038334
10317.000038333
10317.00002873
10317.000028737
10317.000009725
10317.000009724
10317.000014076
10317.000014071
10317.000018402
10317.000011934
10317.0000184
10317.000018401
10317.000018405
10317.000018408
10317.000018409
10317.000011938
10317.000028346
10317.000028345
10317.000009527
10317.000009526
10317.000009529
10317.000009528
10317.000028765
10317.000009497
10317.000011247
10317.000011244
10317.000011243
10317.00001124
10317.000011248
10317.000012914
10317.000012915
10317.000036108
10317.000023251
10317.000023257
10317.000023256
10317.000005848
10317.000005849
10317.000015037
10317.000015038
10317.000005845
10317.000005846
10317.000022252
10317.00002225
10317.000013237
10317.000011409
10317.00000344
10317.000003118
10317.00003182
10317.000036121
10317.000036144
10317.00003614
10317.000015182
10317.000011402
10317.000038435
10317.000023327
10317.00003843
10317.000002885
10317.000029161
10317.000027291
10317.000012263
10317.000013798
10317.000027295
10317.000028503
10317.000028504
10317.000028506
10317.000002531
10317.000002533
10317.000002532
10317.00002128
10317.000021284
10317.000021285
10317.0000163
10317.000043099
10317.000043098
10317.000013138
10317.000028908
10317.000013134
10317.00001313
10317.000035416
10317.000020731
10317.000027702
10317.000002413
10317.000007099
10317.000018434
10317.000030278
10317.000029631
10317.00002963
10317.00003795
10317.000030063
10317.000020083
10317.000007094
10317.000010161
10317.000005656
10317.000007096
10317.000007093
10317.000030058
10317.000030093
10317.00003009
10317.000030098
10317.000036083
10317.000033668
10317.000003536
10317.000010218
10317.000026616
10317.000026617
10317.000026613
10317.000014684
10317.000014687
10317.000014682
10317.000028089
10317.000032823
10317.000028085
10317.000028087
10317.000023065
10317.00002808
10317.000028082
10317.000031327
10317.000015627
10317.000022092
10317.000035442
10317.00001207
10317.000012073
10317.000012072
10317.000004872
10317.000004873
10317.000016408
10317.000032795
10317.000014538
10317.000020475
10317.000028887
10317.000028886
10317.000028882
10317.00002339
10317.000023395
10317.000009756
10317.000004705
10317.000004707
10317.000004703
10317.000041995
10317.000001811
10317.000016403
10317.000022629
10317.000022623
10317.000022626
10317.000022624
10317.000013304
10317.000013306
10317.0000133
10317.000001965
10317.000016179
10317.000016174
10317.000016177
10317.000038354
10317.000036947
10317.000036943
10317.000031368
10317.000028719
10317.000028718
10317.000028715
10317.000028714
10317.000028716
10317.000028711
10317.00002871
10317.000028712
10317.000002709
10317.00001722
10317.000010797
10317.000014055
10317.000014054
10317.000043075
10317.000010247
10317.000010248
10317.000010249
10317.000005757
10317.000002418b
10317.000002418a
10317.000016718
10317.00001126
10317.000011265
10317.000014949
10317.000014234
10317.000014237
10317.000014236
10317.000014233
10317.000014232
10317.000023233
10317.000011049
10317.000011048
10317.000023235
10317.000018025
10317.000018027
10317.000015016
10317.00001104
10317.000015542
10317.000015015
10317.000003421
10317.000003422
10317.000003423
10317.000003425
10317.000022914
10317.000013154
10317.000022663
10317.000013156
10317.00002266
10317.000036165
10317.000036167
10317.000036166
10317.000032679
10317.000039927E
10317.000039927A
10317.000039927B
10317.000039927C
10317.00003267
10317.000032673
10317.000032676
10317.000020388
10317.000012248
10317.000012242
10317.000007103
10317.000007102
10317.000007101
10317.0000071
10317.000007107
10317.000007106
10317.00000313
10317.000003131
10317.000033072
10317.000033074
10317.000011036
10317.0000165
10317.000013119
10317.000013114
10317.000013117
10317.000013116
10317.000020715
10317.000006671
10317.000033698
10317.000033697
10317.000027729
10317.000033692
10317.000030251
10317.000030259
10317.000030529
10317.000001026
10317.000003951
10317.000016328
10317.000016321
10317.00000139
10317.000001391
10317.000001399
10317.000042593
10317.00002922
10317.000023616
10317.000026452
10317.000026181
10317.00002613
10317.000032801
10317.000023008
10317.000023
10317.000023005
10317.000023006
10317.000031342
10317.000031345
10317.000031346
10317.000009193
10317.000004818
10317.000004819
10317.00000464
10317.000004813
10317.000014551
10317.000014556
10317.000014558
10317.000014559
10317.000002878
10317.000035468
10317.000022609
10317.00003546
10317.000006809
10317.000003098
10317.00002391
10317.000003091
10317.000003092
10317.000023918
10317.000023919
10317.000031505
10317.000002944
10317.000002942
10317.000001944
10317.000001947
10317.000001948
10317.000007732
10317.000007734
10317.000003896
10317.000027229
10317.000039978
10317.000038379
10317.000036963
10317.000036967
10317.000017202
10317.000017205
10317.000017208
10317.000031594
10317.000031593
10317.000031592
10317.000009566
10317.000001238
10317.000001234
10317.000001231
10317.00000123
10317.000030759
10317.000030754
10317.000030755
10317.000030756
10317.000030757
10317.00003075
10317.000030751
10317.000014035
10317.000030753
10317.000011202
10317.000010263
10317.000014962
10317.00001011
10317.000009385
10317.000009382
10317.000015568
10317.000005802
10317.000005805
10317.000005806
10317.000036102
10317.000036101
10317.000010918
10317.000036106
10317.000036104
10317.000036109
10317.000010912
10317.000010913
10317.000032612
10317.000023217
10317.000023211
10317.000023213
10317.000023744
10317.000022164
10317.000022167
10317.000022161
10317.000022162
10317.000022163
10317.000023653
10317.000007125
10317.000003159
10317.000007127
10317.000001652
10317.00000315
10317.000003154
10317.000003155
10317.000003157
10317.00000665
10317.000006651
10317.000006652
10317.000006653
10317.000013421
10317.000030703
10317.000022522
10317.000030706
10317.000023831
10317.000023833
10317.000023832
10317.000013171
10317.00001317
10317.000013174
10317.000013178
10317.000044413
10317.000017699
10317.00001769
10317.000001004
10317.000002059
10317.000001001
10317.000001002
10317.000020599
10317.000020598
10317.000020593
10317.000010548
10317.000020594
10317.000017074
10317.000017075
10317.000017071
10317.000017079
10317.000026474
10317.000004695
10317.000020336
10317.000028109
10317.000031101
10317.000027879
10317.000027878
10317.000020509
10317.000027875
10317.00000373
10317.000003731
10317.000026658
10317.000026654
10317.000026655
10317.000032868
10317.000031363
10317.00003136
10317.000031364
10317.000009174
10317.000005654
10317.000005657
10317.000030707
10317.000009178
10317.000005658
10317.000004837
10317.00000429
10317.000004291
10317.000031388
10317.000014571
10317.000014574
10317.000003558
10317.000003559
10317.000027308
10317.000027307
10317.000009715
10317.000009716
10317.000004749
10317.000023681
10317.000031817
10317.000035484
10317.000035483
10317.000035488
10317.00002397
10317.000023971
10317.000023972
10317.000023973
10317.000015221
10317.00001522
10317.000015223
10317.000015222
10317.000015225
10317.000015224
10317.000022081
10317.00002208
10317.000002963
10317.000007719
10317.000003216
10317.000003215
10317.000003214
10317.000012164
10317.000012163
10317.000012162
10317.00003995
10317.000039953
10317.000039952
10317.000039958
10317.000041549
10317.00000229
10317.000036901
10317.0000369
10317.000036905
10317.000036904
10317.000001922
10317.00002267
10317.000020104
10317.0000201
10317.000002749
10317.000002038
10317.000002034
10317.000002035
10317.000006042
10317.00000203
10317.000006047
10317.000017269
10317.000017265
10317.000023817
10317.000027682
10317.000027683
10317.000027681
10317.000030193
10317.000041962
10317.000041967
10317.00000954
10317.000009542
10317.000001218
10317.000001216
10317.000030774
10317.000030775
10317.000030772
10317.00002875
10317.000014019
10317.000014018
10317.000011225
10317.000011224
10317.00001122
10317.000011223
10317.000029503
10317.000029502
10317.000029509
10317.000014909
10317.000018066
10317.000030591
10317.000004191
10317.00000419
10317.000036124
10317.000036126
10317.000036123
10317.000032639
10317.000028909
10317.000022143
10317.000012285
10317.00001228
10317.000023836
10317.000003173
10317.000003171
10317.000003174
10317.00002199
10317.000003132
10317.000021993
10317.00004137
10317.000015538
10317.00002124
10317.000013159
10317.000013155
10317.000013626
10317.000013624
10317.00001362
10317.000044439
10317.00001805
10317.000016501
10317.000018053
10317.000006678
10317.000006679
10317.000006675
10317.00000667
10317.00001767
10317.000017671
10317.000001025
10317.00000102
10317.000030568
10317.000022137
10317.000022424
10317.000022134
10317.000006909
10317.0000069
10317.000006901
10317.000023951
10317.000042557
10317.000003956
10317.000028127
10317.000028121
10317.000010205
10317.000027899
10317.000027898
10317.000029991
10317.000029992
10317.000029997
10317.000029998
10317.000010546
10317.000010544
10317.000032841
10317.000032846
10317.000032847
10317.000032848
10317.000032849
10317.000031386
10317.00003138
10317.000009485
10317.000009486
10317.000014594
10317.000014593
10317.000017124
10317.000027324
10317.000027326
10317.000007089
10317.000004821
10317.00003183
10317.000011145
10317.000011143
10317.00002231
10317.000013814
10317.000007082
10317.000008953B
10317.000008953A
10317.000002905
10317.000004764
10317.000004765
10317.000038006
10317.000038003
10317.000038008
10317.000041522
10317.000041527
10317.000041525
10317.000036925
10317.000036436
10317.000036433
10317.00003692
10317.00003643
10317.000005421
10317.000036929
10317.000001905
10317.000001907
10317.000001906
10317.000001903
10317.000012148
10317.000002014
10317.000006027
10317.000006026
10317.000006029
10317.000002019
10317.000040374
10317.000013498
10317.000040377
10317.000027665
10317.000027666
10317.00002766
10317.000043015
10317.000023486
10317.000030171
10317.000041945
10317.000001272
10317.00000127
10317.000001275
10317.000010737
10317.000010732
10317.000010738
10317.000010739
10317.00003538
10317.000035383
10317.000029521
10317.00002952
10317.000014929
10317.000029527
10317.000014293
10317.000042765
10317.000014291
10317.00001429
10317.000014295
10317.000014922
10317.000029581
10317.000034128
10317.000034127
10317.000034126
10317.000004974
10317.000004973
10317.000004972
10317.000030001
10317.000004979
10317.00001443
10317.000010953
10317.000028926
10317.000028927
10317.000028924
10317.000022905
10317.000028922
10317.000028923
10317.000018049
10317.000009236
10317.000015522
10317.000018041
10317.000015524
10317.000015525
10317.000036437
10317.000022124
10317.000022125
10317.000036435
10317.000022679
10317.000036926
10317.000004846
10317.000042999
10317.000042991
10317.000011093
10317.000004596
10317.000022432
10317.000013609
10317.000013608
10317.000029325
10317.000007697
10317.0000136
10317.000007695
10317.000007694
10317.000007693
10317.000013604
10317.0000208
10317.000006619
10317.000016383
10317.000016381
10317.000040043
10317.00004004
10317.000021303
10317.000006929
10317.000021304
10317.000015451
10317.000002466
10317.000002465
10317.000006021
10317.00000713
10317.000015454
10317.000015903
10317.000017652
10317.000017651
10317.000026436
10317.000020373
10317.000022014
10317.000002996
10317.000010568
10317.000014607
10317.000010561
10317.000010565
10317.000010567
10317.000010566
10317.000009138
10317.000005163
10317.000005162
10317.00000516
10317.000007131
10317.000011389
10317.000011387
10317.000027342
10317.000027349
10317.000031851
10317.000011162
10317.000011163
10317.00001116
10317.000005788
10317.000005785
10317.000005784
10317.000005782
10317.000011168
10317.000022337
10317.000022331
10317.00002233
10317.000023427
10317.000003033
10317.000003032
10317.000003031
10317.00000303
10317.000015265
10317.000015264
10317.000007068
10317.000015263
10317.000023429
10317.000008951A
10317.000008951B
10317.000002922
10317.00000478
10317.000038024
10317.000038022
10317.00003802
10317.000022591
10317.000012123
10317.000012122
10317.00001212
10317.000012128
10317.000013833
10317.00001383
10317.000002259
10317.000036414
10317.000036416
10317.000016716
10317.000016717
10317.000016711
10317.000028793
10317.000028488
10317.000006007
10317.000002782
10317.000016719
10317.000002781
10317.000002071
10317.000002079
10317.000039883
10317.000041057
10317.000038417
10317.000041055
10317.000022499
10317.000013852
10317.000027648
10317.000027649
10317.000027644
10317.000001782
10317.00000312
10317.000001786
10317.000030159
10317.000029155
10317.000001789
10317.00003015
10317.000029153
10317.00003048
10317.000030482
10317.000030484
10317.000001529
10317.000001528
10317.000001525
10317.000001524
10317.000001253
10317.000001252
10317.000030738
10317.000002013
10317.000030732
10317.000010714
10317.000010712
10317.000030734
10317.000030735
10317.000005574
10317.000005575
10317.000005576
10317.000005577
10317.00000557
10317.000005571
10317.000005572
10317.000005573
10317.000005578
10317.000026595
10317.000029542
10317.000029541
10317.00002954
10317.000042744
10317.000031288
10317.000031285
10317.000031284
10317.000031286
10317.000031468
10317.000031463
10317.000031467
10317.000010979
10317.00002894
10317.000028941
10317.000015158
10317.000015096
10317.000015097
10317.000009677
10317.000009676
10317.000009675
10317.000015099
10317.000035264
10317.00000404
10317.000015152
10317.000015157
10317.000018302
10317.000028848
10317.000023829
10317.000023857
10317.000003389
10317.000023855
10317.00003761
10317.000037611
10317.000041336
10317.000041334
10317.000041335
10317.000022109
10317.000002519
10317.000023355
10317.00002245
10317.0000221
10317.000022101
10317.000021154
10317.000021155
10317.000021151
10317.000021153
10317.000021158
10317.0000293
10317.000029302
10317.000013197
10317.000029306
10317.000016012
10317.000033033
10317.000006636
10317.000006637
10317.000006635
10317.000001067
10317.000001065
10317.000023379
10317.000014612
10317.000038272
10317.000006941
10317.000006944
10317.000036882
10317.000040068
10317.000036885
10317.000020683
10317.000020682
10317.000020681
10317.00002068
10317.000020684
10317.000002449
10317.000002443
10317.000002445
10317.000002444
10317.000002446
10317.000017638
10317.000017636
10317.000020358
10317.000020422
10317.000020421
10317.000028162
10317.000028166
10317.000028167
10317.000028693
10317.000009444
10317.000009446
10317.000009447
10317.000009117
10317.000009118
10317.000022904
10317.000011363
10317.000027365
10317.000027364
10317.000027361
10317.00002736
10317.000027363
10317.000027362
10317.000029484
10317.000029483
10317.000029481
10317.000023625
10317.000023626
10317.00002362
10317.000018369
10317.000018362
10317.00002344
10317.000008957B
10317.000008957A
10317.000036068
10317.000036069
10317.000026014
10317.000026016
10317.000036067
10317.000036061
10317.000036062
10317.000036063
10317.000048388
10317.000048389
10317.000013859
10317.00000704
10317.000006795
10317.000002274
10317.000002272
10317.000002271
10317.00001622
10317.000016221
10317.000016222
10317.000016223
10317.000016224
10317.000002052
10317.000002051
10317.000002056
10317.000013277
10317.000041071
10317.00004107
10317.000029172
10317.000029173
10317.00003013
10317.000030133
10317.000030136
10317.0000039
10317.000016738
10317.000016739
10317.000016736
10317.000016737
10317.000016734
10317.000016735
10317.00001673
10317.000016731
10317.000027192
10317.000027193
10317.000027194
10317.0000338
10317.000033802
10317.000017173
10317.000033804
10317.000017171
10317.000001501
10317.0000015
10317.000038281
10317.000034124
10317.000010773
10317.000014381A
10317.000010776
10317.000014381B
10317.000034121
10317.00000508
10317.000005081
10317.000005082
10317.000005084
10317.000005085
10317.000005086
10317.000005087
10317.000005088
10317.000031263
10317.000037935
10317.000013215
10317.000020534
10317.000015874
10317.000015877
10317.00001587
10317.000005552
10317.000005553
10317.00000555
10317.000005551
10317.000036189
10317.000004689
10317.000036181
10317.00000468
10317.000032699
10317.000032698
10317.000032693
10317.000028215
10317.00002896
10317.000023299
10317.000018083
10317.00001808
10317.000009659
10317.00000965
10317.000009652
10317.000005885
10317.000005887
10317.000022308
10317.000037582
10317.000037584
10317.000029368
10317.000013648
10317.000031073
10317.000029362
10317.000021277
10317.000015523
10317.000001704
10317.000015521
10317.000007077
10317.000014272
10317.000038255
10317.000038256
10317.000040003
10317.000040002
10317.000040007
10317.000036862
10317.000036863
10317.000016699
10317.000016698
10317.000016697
10317.000002421
10317.00000242
10317.000017343
10317.000017619
10317.000010693
10317.000010691
10317.00001069
10317.000020403
10317.000020405
10317.000020404
10317.00002818
10317.000030679
10317.000030678
10317.000030675
10317.000030674
10317.000030672
10317.000034578
10317.000031099
10317.000011348
10317.000031097
10317.000011342
10317.000011341
10317.000035771
10317.00003577
10317.000014648
10317.000014649
10317.000014647
10317.000031895
10317.000031897
10317.00003189
10317.000031891
10317.000031892
10317.000031893
10317.00001834
10317.000018345
10317.000031899
10317.000004218
10317.000004219
10317.000004216
10317.000004214
10317.000004215
10317.000004213
10317.000036046
10317.000026037
10317.000036045
10317.000010834
10317.000010833
10317.000010832
10317.000038063
10317.00003806
10317.000038068
10317.000002529
10317.00001387
10317.000013876
10317.000013877
10317.000013874
10317.000013875
10317.000007021
10317.000013879
10317.000006778
10317.000036451
10317.000005987
10317.000005454
10317.000007792
10317.000041279
10317.000005458
10317.000013254
10317.000013258
10317.000013259
10317.0000276
10317.000027606
10317.000033793
10317.000033794
10317.000033796
10317.000001747
10317.000026634
10317.000001749
10317.00003011
10317.000030116
10317.000030441
10317.000030114
10317.000003922
10317.000003924
10317.000016759
10317.000026632
10317.000040415
10317.000016751
10317.000016754
10317.000017153
10317.000017154
10317.000001299
10317.000010757
10317.000012048
10317.000026556
10317.000014984
10317.000028647
10317.000031796
10317.000014187
10317.000014188
10317.000034148
10317.000034141
10317.00001585
10317.000008950B
10317.000015604
10317.000004915
10317.000014458
10317.000014327
10317.000014325
10317.000014324
10317.000014323
10317.000004918
10317.00001432
10317.000022645
10317.000022396
10317.00001558
10317.000015581
10317.000015584
10317.000015587
10317.000012052
10317.000022399
10317.000004009
10317.000036931
10317.000017114
10317.000031933
10317.000036422
10317.000036935
10317.00003668
10317.0000134
10317.000015329
10317.000023819
10317.00001451
10317.000011018
10317.000040025
10317.000040027
10317.000012318
10317.000036848
10317.000036849
10317.00001231
10317.000012311
10317.000012312
10317.000041735
10317.000020642
10317.000020641
10317.000020648
10317.000028434
10317.000002159
10317.000001047
10317.000002067
10317.000020461
10317.000020392
10317.000020396
10317.000020469
10317.000016414
10317.000003104
10317.000017098
10317.000017099
10317.00001709
10317.000017093
10317.000017095
10317.000017097
10317.000009402
10317.00000117
10317.000030301
10317.00003065
10317.000030309
10317.000030308
10317.000011329
10317.000014666
10317.000014667
10317.000014668
10317.000018327
10317.000030072
10317.000004278
10317.000008204
10317.000008201
10317.0000082
10317.000008203
10317.000008202
10317.000004273
10317.000040048
10317.000026053
10317.000026054
10317.000026055
10317.000026056
10317.000028393
10317.000028395
10317.000028394
10317.000022289
10317.000022288
10317.000022535
10317.00002253
10317.000027204
10317.000012417
10317.000012418
10317.000023487
10317.00002348
10317.000007007
10317.000007005
10317.000003059
10317.000003729
10317.000002897
10317.00000289
10317.000006759
10317.000002898
10317.000008972
10317.000008976
10317.000041258
10317.000013232
10317.000013235
10317.000029287
10317.000013238
10317.000007788
10317.000029147
10317.000043097
10317.000028962
10317.000043093
10317.000043092
10317.000021257
10317.000021252
10317.000001763
10317.000001765
10317.000001764
10317.000003949
10317.000016772
10317.000016773
10317.00001677
10317.000016771
10317.000021237
10317.000017133
10317.000001546
10317.000030148
10317.000040348
10317.000040347
10317.000026535
10317.000020078
10317.000020079
10317.000040062
10317.00002007
10317.000020071
10317.000020072
10317.000031222
10317.000042025
10317.000015835
10317.000005041
10317.000005042
10317.000014309
10317.000014308
10317.000004642
10317.000014303
10317.000014305
10317.000014304
10317.000014307
10317.000014306
10317.000028257
10317.000003842
10317.000018313
10317.000031911
10317.000011191
10317.000030728
10317.000018311
10317.000007779
10317.000013935
10317.000013934
10317.000013933
10317.000023838
10317.000023346
10317.000002503
10317.000023343
10317.000023342
10317.000023341
10317.00002334
10317.000015304
10317.000015305
10317.000015302
10317.000015303
10317.000015301
10317.00000385
10317.000012886
10317.000004025
10317.000004026
10317.000013685
10317.000013684
10317.000013687
10317.000013686
10317.000003557
10317.000015364
10317.000014605
10317.000012337
10317.000012334
10317.000012335
10317.000012333
10317.00001233
10317.000020661
10317.000020662
10317.000028417
10317.000002171
10317.000002173
10317.000002172
10317.000033677
10317.000033679
10317.000009139
10317.000040407
10317.000040406
10317.000040402
10317.000040401
10317.000041883
10317.000009427
10317.000001156
10317.000001155
10317.000001152
10317.000001151
10317.000010305
10317.000042751
10317.000030323
10317.000030322
10317.000009131
10317.000020447
10317.000011302
10317.000009134
10317.000029421
10317.000029429
10317.000005259
10317.00000425
10317.000013995
10317.00002335
10317.000026078
10317.000026079
10317.000026076
10317.000026077
10317.000010873
10317.000010877
10317.000010876
10317.000010875
10317.000010879
10317.000010878
10317.000008959A
10317.000015159
10317.000008959B
10317.000015153
10317.000015151
10317.000018306
10317.000018301
10317.000015156
10317.000015155
10317.000015154
10317.00002251
10317.000022518
10317.000003701
10317.000003703
10317.000003702
10317.000003704
10317.000008955
10317.000005039
10317.000005038
10317.000039803
10317.000039808
10317.000013213
10317.000013746
10317.000013214
10317.00000676
10317.000006733
10317.000006732
10317.000006887
10317.000006737
10317.000006736
10317.000021279
10317.000021278
10317.000001702
10317.000021275
10317.000001705
10317.000003969
10317.000030403
10317.000030404
10317.000038175
10317.000038176
10317.000006084
10317.00000608
10317.000001833
10317.000034179
10317.000037987
10317.000026518
10317.000020057
10317.000020055
10317.000020052
10317.000020053
10317.000028601
10317.0000286
10317.000002619
10317.000017119
10317.000017118
10317.00003353
10317.000017117
10317.000017116
10317.000017111
10317.000014142
10317.00003418
10317.000034185
10317.000034184
10317.00001449
10317.000014493
10317.000014492
10317.000014495
10317.000014369
10317.000005786
10317.0000272
10317.000027201
10317.000027805
10317.000027807
10317.000037569
10317.000037566
10317.000037564
10317.000037565
10317.000037563
10317.000006726
10317.000004625
10317.000028856
10317.000013913
10317.000013912
10317.000028852
10317.000028853
10317.000013917
10317.00000339
10317.000028859
10317.000015362
10317.000005938
10317.000005935
10317.000011935
10317.000003578
10317.000003579
10317.000022988
10317.00002298
10317.000002372
10317.000002371
10317.000023423
10317.000012355
10317.000016187
10317.000015262
10317.000017327
10317.000017324
10317.000010227
10317.000016459
10317.000016458
10317.000010225
10317.00000708
10317.000013005
10317.000013003
10317.000013001
10317.000013
10317.000041779
10317.000007081
10317.000041772
10317.000020602
10317.000020601
10317.000020606
10317.000020605
10317.000020604
10317.000030348
10317.00003034
10317.000030347
10317.000030346
10317.000030345
10317.000030344
10317.000007104
10317.000011982
10317.000011984
10317.000011986
10317.0000294
10317.000014802
10317.000014803
10317.0000148
10317.000014801
10317.000005721
10317.00000572
10317.000005237
10317.000005236
10317.000005235
10317.000005238
10317.000030967
10317.000030965
10317.000030964
10317.000030963
10317.000012988
10317.000012985
10317.000012984
10317.000012987
10317.000012981
10317.000012983
10317.000026094
10317.000026095
10317.000026096
10317.000026098
10317.000010852
10317.000023118
10317.000023119
10317.000015177
10317.000015176
10317.000015179
10317.000015178
10317.000012184
10317.000012183
10317.000003761
10317.000008988
10317.000009009
10317.000009007
10317.000009003
10317.000013584
10317.000013585
10317.000040316
10317.00003982
10317.000029244
10317.000029245
10317.000003189
10317.000041323
10317.000006717
10317.00001518
10317.000001724
10317.000001726
10317.000030298
10317.00003042
10317.000003982
10317.000003981
10317.000001851
10317.000001587
10317.000022443
10317.000028591
10317.000002588
10317.000002589
10317.000028594
10317.000002587
10317.000022446
10317.000033737
10317.000027911
10317.000033733
10317.000020032
10317.000020034
10317.000020039
10317.00002862
10317.000028622
10317.000002632
10317.000002638
10317.000033554
10317.000008949A
10317.00001416
10317.000014165
10317.000014164
10317.000031483
10317.000031482
10317.000031486
10317.000005008
10317.000005009
10317.000031332
10317.000005007
10317.000030342
10317.000035436
10317.000037943
10317.000035435
10317.000022385
10317.00003543
10317.000027267
10317.000002258
10317.000023563
10317.000037505
10317.000037507
10317.000035438
10317.000016708
10317.000004603
10317.000004602
10317.000014344
10317.000014347
10317.00001434
10317.000028833
10317.000015036
10317.000003372
10317.000005915
10317.000005912
10317.000026138
10317.000026137
10317.000026136
10317.000026135
10317.000026134
10317.000026133
10317.000022964
10317.000022965
10317.000022969
10317.000032701
10317.000032703
10317.000032702
10317.000032707
10317.000016714
10317.000016715
10317.000028796
10317.000002359
10317.00001671
10317.000016712
10317.000016713
10317.000007651
10317.00000765
10317.000006001
10317.000028459
10317.000002132
10317.000013393
10317.000013392
10317.000015928
10317.000021685
10317.000013029
10317.000013028
10317.000013023
10317.000013022
10317.000013027
10317.000020627
10317.000020622
10317.000020628
10317.000001118
10317.000001111
10317.000001116
10317.000001441
10317.000001114
10317.000030361
10317.00003036
10317.000030363
10317.000030362
10317.000030369
10317.000030368
10317.000020481
10317.00002048
10317.000020483
10317.000020489
10317.000017704
10317.0000177
10317.000017701
10317.000040055
10317.000005234
10317.00003749
10317.00003101
10317.000031012
10317.000036146
10317.000012963
10317.00001296
10317.000042014
10317.000032939
10317.000032933
10317.000023178
10317.000005749
10317.000005219
10317.000008199
10317.000027272
10317.00000416
10317.000004162
10317.000004163
10317.00000902
10317.000008991
10317.00000899
10317.000008999
10317.000023798
10317.000023799
10317.000013563
10317.000023794
10317.000023796
10317.000023792
10317.000022554
10317.000022553
10317.000022558
10317.000029264
10317.000029263
10317.000013703
10317.000013704
10317.000029159
10317.000018082
10317.000029154
10317.000023929
10317.00002919
10317.000023928
10317.000029196
10317.000029197
10317.000029152
10317.000030151
10317.000038131
10317.000016286
10317.000016287
10317.000016285
10317.000040144
10317.000016289
10317.000039842
10317.000041636
10317.000041633
10317.000041632
10317.000041631
10317.000015607
10317.000040328
10317.000040323
10317.000040324
10317.000040325
10317.000033713
10317.000021239
10317.000033716
10317.000021945
10317.00002123
10317.000020545
10317.000020541
10317.000043168
10317.00000502
10317.000005021
10317.000005026
10317.000027796
10317.000005025
10317.000043161
10317.000027799
10317.000043164
10317.000027243
10317.000001305
10317.000001301
10317.00000162
10317.000010139
10317.000014103
10317.00003
10317.000014106
10317.000030002
10317.00002354
10317.000023549
10317.000023548
10317.000005686
10317.000005685
10317.00000253
10317.000026038
10317.000002534
10317.000028822
10317.000030736
10317.000028821
10317.000030737
10317.000005971
10317.000023375
10317.00001071
10317.000003843
10317.000026119
10317.000026111
10317.00002611
10317.000036383
10317.000026116
10317.000003844
10317.000032893
10317.000032894
10317.000032897
10317.000022945
10317.000015353
10317.000015352
10317.000004881
10317.000004887
10317.000004888
10317.000013956
10317.000023329
10317.000023328
10317.000003359
10317.000023893
10317.000023892
10317.00002881
10317.000028811
10317.000028817
10317.000002336
10317.000002335
10317.000002334
10317.000012391
10317.000012393
10317.000007675
10317.000007674
10317.000003538
10317.000007676
10317.000007673
10317.000002489
10317.000039986
10317.000039987
10317.000039985
10317.000039982
10317.000001192
10317.00000376
10317.000001688
10317.000001687
10317.000001685
10317.000013042
10317.000013049
10317.000009107
10317.000001464
10317.000029442
10317.000029443
10317.000029446
10317.000029448
10317.000029449
10317.000010098
10317.000031034
10317.000031035
10317.000031033
10317.000018451
10317.000031523
10317.000011949
10317.000001126
10317.000012947
10317.000012946
10317.000012948
10317.000010894
10317.000032955
10317.000023157
10317.000023154
10317.000009596
10317.000009221
10317.000009222
10317.000004145
10317.000020603
10317.000004148
10317.000033497
10317.000004077
10317.000035359
10317.000035355
10317.000035354
10317.00001354
10317.000013541
10317.000001128
10317.000029208
10317.00001372
10317.000029203
10317.000013724
10317.000036147
10317.000002818
10317.000002817
10317.00000281
10317.000032732
10317.000027359
10317.000038118
10317.000038446
10317.000040125
10317.000012231
10317.000020784
10317.000020788
10317.000020789
10317.000020783
10317.000020787
10317.000041617
10317.000028556
10317.000028555
10317.000013764
10317.000022617
10317.000021969
10317.000021963
10317.000020567
10317.000020562
10317.000004294
10317.000020084
10317.000001895
10317.000001892
10317.000023452
10317.000001099
10317.000043104
10317.000011116
10317.000009694
10317.000009693
10317.000009692
10317.000001321
10317.000001322
10317.000001325
10317.000030026
10317.000030027
10317.000006716
10317.000014121
10317.000030023
10317.00003002
10317.000014122
10317.000028175
10317.000014381
10317.00001438
10317.000005957
10317.000001372
10317.00002844
10317.000023521
10317.000023527
10317.000023526
10317.000022922
10317.000022925
10317.000012004
10317.000012007
10317.000036675
10317.000009674
10317.000032746
10317.000015384
10317.000015385
10317.000015383
10317.00000231
10317.000003025
10317.000003022
10317.000030054
10317.000007833
10317.00000783
10317.000007837
10317.000003028
10317.000028842
10317.000028845
10317.000001661
10317.000013061
10317.000001669
10317.000013063
10317.0000038
10317.00004436
10317.000003809
10317.000010259
10317.000017292
10317.000017293
10317.000001404
10317.000001405
10317.000038305
10317.000038302
10317.00001774
10317.000017743
10317.000017746
10317.000010256
10317.000036072
10317.000026
10317.000028768
10317.000034247
10317.000034244
10317.000034245
10317.000028762
10317.000034241
10317.000009531
10317.000009532
10317.000011969
10317.000031502
10317.000011964
10317.000031501
10317.000031506
10317.000031056
10317.000031057
10317.000036082
10317.000048393
10317.000036081
10317.000036086
10317.000036087
10317.000036084
10317.000036085
10317.00001424
10317.000014241
10317.000032976
10317.000028373
10317.000018386
10317.00001838
10317.000018383
10317.00001129
10317.000011291
10317.000011298
10317.000009061
10317.000012928
10317.000012937
10317.000012923
10317.000012922
10317.000012921
10317.000035377
10317.000013521
10317.000013524
10317.000011039
10317.00001504
10317.000011031
10317.000022267
10317.000007766
10317.00001329
10317.000029227
10317.000013295
10317.000003476
10317.000003475
10317.000013299
10317.000003473
10317.000037612
10317.000006806
10317.000006803
10317.000006802
10317.000002877
10317.000022484
10317.000022482
10317.00002248
10317.000040107
10317.000040104
10317.000040105
10317.000012211
10317.00001221
10317.000012212
10317.000020764
10317.000020765
10317.000020766
10317.000028572
10317.000033751
10317.000033752
10317.000028689
10317.000016358
10317.000020507
10317.000016354
10317.000016355
10317.00002868
10317.000016353
10317.00000269
10317.000015624
10317.000031322
10317.000021159
10317.000027755
10317.00002775
10317.000027752
10317.000027753
10317.00001319
10317.000029304
10317.000027281
10317.0000109
10317.000001347
10317.000001345
10317.00001017
10317.000010171
10317.000030045
10317.000030048
10317.000010178
10317.000018032
10317.000015003
10317.000031823
10317.000026488
10317.000014534
10317.000005422
10317.00000542
10317.000010115
10317.000005429
10317.000014162
10317.000026627
10317.000026626
10317.000026157
10317.000026623
10317.000026622
10317.000023053
10317.000023052
10317.000031319
10317.000031313
10317.000022674
10317.0000229
10317.000035418
10317.000022908
10317.000012025
10317.000035412
10317.000004847
10317.000014503
10317.000014502
10317.000015908
10317.000015452
10317.000015453
10317.000015902
10317.000015455
10317.000028782
10317.000002997
10317.000022015
10317.000028783
10317.000022019
10317.000016231
10317.000016722
10317.000016237
10317.000030247
10317.000028784
10317.000016234
10317.000007811
10317.000016728
10317.000016239
10317.000013889
10317.000013888
10317.000013887
10317.000013886
10317.000013882
10317.00001388
10317.000003531
10317.000039899
10317.000001647
10317.000028619
10317.00000164
10317.000007764
10317.000007761
10317.000013088
10317.000038097
10317.000002199
10317.000002191
10317.00002159
10317.000001423
10317.000030695
10317.000030692
10317.000018344
10317.00001488
10317.000015327
10317.000028744
10317.00004006
10317.000015261
10317.000018415
10317.000018414
10317.000018417
10317.000031071
10317.000018411
10317.000034597
10317.000018412
10317.000018419
10317.000017766
10317.000017767
10317.000023258
10317.00003517
10317.000035429
10317.000009085
10317.00000908
10317.000009081
10317.000012905
10317.000012906
10317.000012903
10317.000029596
10317.000029597
10317.000013509
10317.000023261
10317.000011015
10317.000011012
10317.000010807B
10317.000010807A
10317.000005851
10317.00000585
10317.000003105
10317.000003103
10317.000007151
10317.000007152
10317.000003453
10317.000003452
10317.000029607
10317.00000285
10317.000002851
10317.000040145
10317.000038401
10317.000038402
10317.000012276
10317.000012275
10317.000037502
10317.000028513
10317.000028511
10317.000002504
10317.000002505
10317.000002506
10317.000006685
10317.000040383
10317.000033001
10317.000033007
10317.000033008
10317.000021296
10317.000013867
10317.000027775
10317.000027772
10317.000007176
10317.000018308
10317.000037927
10317.000020523
10317.00002052
10317.000013787
10317.000020527
10317.000027808
10317.000027804
10317.000027803
10317.000013959
10317.000001363
10317.000001362
10317.000001613
10317.00003006
10317.000030061
10317.000030066
10317.000030067
10317.000001247
10317.000023356
10317.000042676
10317.000015183
10317.000023302
10317.000035784
10317.000035787
10317.000023301
10317.000026608
10317.0000233
10317.000010765
10317.000026601
10317.00000337
10317.000010764
10317.000005765
10317.000033157
10317.000008949B
10317.000031331
10317.000015613
10317.000022382
10317.000022384
10317.000035433
10317.00000341
10317.000012044
10317.000012046
10317.00000486
10317.000004865
10317.000004864
10317.000023389
10317.000003668
10317.000003666
10317.000023382
10317.000023387
10317.000023385
10317.000015922
10317.000015923
10317.000005999
10317.000005992
10317.00000599
10317.000015929
10317.000004719
10317.000004716
10317.000004711
10317.000037497
10317.000037494
10317.000016721
10317.000003593
10317.000003594
10317.000003595
10317.000022654
10317.000022652
10317.000022653
10317.000039924
10317.00001672
10317.000013312
10317.000013311
10317.000023926
10317.000023925
10317.000023924
10317.000022033
10317.000022036
10317.000022034
10317.000022035
10317.000001622
10317.000007749
10317.000007748
10317.000007741
10317.00000774
10317.000003841
10317.000007745
10317.00002658
10317.000016725
10317.000007746
10317.000016166
10317.000009111
10317.000016727
10317.000043118
10317.000038346
10317.000033496
10317.000033495
10317.000028723
10317.000028727
10317.000002711
10317.000028729
10317.000002712
10317.000014064
10317.000014063
10317.000011925
10317.00001778
10317.000017781
10317.000017782
10317.000010252
10317.000010255
10317.000004641
10317.00000924
10317.00000953
10317.000009533
10317.000009539
10317.000011259
10317.000035338
10317.00002324
10317.000015557
10317.000018035
10317.000018033
10317.000005878
10317.000011072
10317.000011073
10317.000011074
10317.000011075
10317.000011077
10317.000005871
10317.000005873
10317.000005875
10317.000011368
10317.000011369
10317.000003432
10317.00000343
10317.000003125
10317.000003439
10317.000023987
10317.000013972
10317.000013971
10317.000036158
10317.000036159
10317.000036151
10317.000033742
10317.000032641
10317.000032643
10317.000038428
10317.000038429
10317.000038424
10317.000038425
10317.000012254
10317.000034116
10317.000034117
10317.000007178
10317.000007174
10317.000013783
10317.00000252
10317.000029621
10317.000030261
10317.000031479
10317.000013716
10317.000016313
10317.000016314
10317.000016315
10317.000016316
10317.000003196
10317.000020722
10317.000040505
10317.000033685
10317.000033684
10317.00002962
10317.000030263
10317.000030264
10317.000020093
10317.000020091
10317.000020094
10317.000020099