	chao1	shannon	observed_otus	simpson	equitability
10317.000002503	515.105263158	5.45945079747	368.0	0.93149464	0.640512830858
10317.000013618	707.967741935	6.62436005687	468.0	0.98012658	0.74679680783
10317.000031796	1003.54166667	6.45653519627	585.0	0.96642466	0.702385718839
10317.000026504	681.045454545	6.07618535729	453.0	0.96292882	0.688646997454
10317.000007104	689.163934426	5.81377968666	428.0	0.95776876	0.665080551777
10317.000007077	627.934782609	5.81367081686	385.0	0.96010248	0.676896493076
10317.000016408	886.681818182	6.44176783488	525.0	0.9727128	0.712886683135
10317.000005802	488.5	4.48850608697	270.0	0.88890866	0.555727196324
10317.000006952	410.069767442	5.84388657342	329.0	0.96566924	0.698867001687
10317.000013023	599.038461538	5.97799912081	387.0	0.96765758	0.695424285689
10317.000002645	497.279069767	4.76097082916	334.0	0.88951676	0.567883916592
10317.000002027	535.0	5.77793325777	400.0	0.95637266	0.66844393647
10317.000027353	945.011111111	6.56779729401	621.0	0.960076	0.707855048797
10317.000023798	807.701754386	6.08520042252	469.0	0.953114	0.685776610001
10317.000041962	791.774193548	6.5467611658	549.0	0.9747312	0.719371944802
10317.000040352	504.6	4.34078274182	345.0	0.7853915	0.514893205936
10317.000028811	529.454545455	4.94923330442	365.0	0.90974438	0.581458778907
10317.000027772	930.475	6.98312966113	607.0	0.98042956	0.755296074014
10317.000027617	830.071428571	5.44329595892	416.0	0.93301622	0.625634581154
10317.000039952	153.04	4.43797819731	139.0	0.89963596	0.623404260826
10317.000026028	756.416666667	6.08641226233	454.0	0.96719856	0.689557449448
10317.000001441	566.82	5.13739468525	375.0	0.90035778	0.600812398518
10317.000016347	760.632653061	6.17667869309	457.0	0.95454574	0.699031631204
10317.000001595	587.661764706	6.26734611917	432.0	0.97005052	0.715868264169
10317.000002146	616.444444444	5.88040798891	412.0	0.95991114	0.676959377428
10317.000012158	933.28	6.61962765659	576.0	0.97294	0.721884601624
10317.000014313	381.486486486	4.12010004034	245.0	0.85658284	0.519124101667
10317.000007749	358.255319149	5.54880896863	296.0	0.9428255	0.675904804071
10317.000017335	701.585714286	6.03606864772	474.0	0.9675907	0.679068849072
10317.000002578	502.661764706	6.00359261554	385.0	0.9668689	0.699009440909
10317.000007719	434.03125	5.06442431446	328.0	0.92836794	0.605969823659
10317.000006716	576.516666667	5.9438792239	428.0	0.95497646	0.679963584276
10317.000006802	520.047619048	5.70928729233	399.0	0.9385013	0.660778407843
10317.000002898	506.849056604	5.79523545409	381.0	0.95773114	0.675935844729
10317.000001647	553.615384615	5.79154367896	393.0	0.95289268	0.671998679735
10317.000002878	387.12	5.63089932365	336.0	0.92952564	0.670958811492
10317.000017667	715.716981132	5.99586314753	435.0	0.96402292	0.684078835093
10317.000009213	461.718309859	5.69715995381	371.0	0.95106452	0.667484023938
10317.000031434	608.40625	5.2556585282	397.0	0.92373842	0.608787380067
10317.000027217	608.0	4.72263691795	380.0	0.83096934	0.551075436249
10317.000001546	574.636363636	6.33042927486	387.0	0.97624082	0.736422700573
10317.000009074	513.558441558	6.01455576062	408.0	0.96865274	0.693526380851
10317.000027277	769.0	5.55656357857	454.0	0.92845428	0.629528471584
10317.000001333	211.219512195	4.33527571358	175.0	0.90867046	0.581821619132
10317.000023984	686.967741935	5.83944284359	458.0	0.94878802	0.660629959844
10317.000028933	719.88	6.17348600144	483.0	0.96407932	0.692414706293
10317.000015568	724.214285714	6.071617846	465.0	0.9659564	0.685200123914
10317.000006944	600.063829787	2.9295571047	419.0	0.55757546	0.336312961033
10317.000002028	600.857142857	5.611194312	417.0	0.91545456	0.644675606141
10317.000003896	551.052631579	5.91224500224	390.0	0.95687124	0.686884874488
10317.000011025	643.892857143	6.23591847915	428.0	0.97151444	0.713372079178
10317.000017293	874.508474576	5.93701225335	499.0	0.95571652	0.66239887753
10317.000031284	352.206896552	3.65061906004	211.0	0.80073566	0.472810796859
10317.000020034	669.825	5.98074717646	486.0	0.95753076	0.670125806457
10317.000031847	604.568965517	5.42129058785	388.0	0.93472952	0.630389015253
10317.000013935	620.235294118	6.1461719823	478.0	0.96406972	0.690513869592
10317.000014019	643.76744186	6.31226169015	494.0	0.96906006	0.705409325163
10317.000023052	546.139534884	5.37354605292	342.0	0.93915502	0.638351176077
10317.000015385	677.153846154	6.45165937817	469.0	0.97398556	0.727075000007
10317.000017354	838.149253731	6.67115321882	523.0	0.97562214	0.738722080902
10317.000023475	704.923076923	6.50750188998	468.0	0.97674978	0.733622809851
10317.000003475	639.508474576	5.94260073903	465.0	0.94516432	0.670640159844
10317.000017269	559.508196721	5.62439905058	400.0	0.93569106	0.65068170121
10317.000014801	600.195652174	5.60598608484	354.0	0.95326726	0.662050924749
10317.000009716	674.0	6.59589990319	515.0	0.97698198	0.732192059227
10317.000013155	629.473684211	5.81837769197	460.0	0.94502128	0.657779010373
10317.000015604	573.8125	5.68168048929	374.0	0.95338478	0.664765490665
10317.000009236	498.75	5.63161972108	360.0	0.93533624	0.66317912677
10317.000041289	605.04	5.58597798812	429.0	0.93892918	0.638774628761
10317.000030735	694.448275862	6.22700055754	464.0	0.96436116	0.702981927932
10317.000022541	593.059701493	5.19573751205	396.0	0.90471752	0.602100219148
10317.000034132	333.666666667	3.42569605795	234.0	0.76493172	0.435265223405
10317.000026633	640.0	5.87698654005	433.0	0.95441142	0.671024978008
10317.000028715	386.6875	4.81872061643	253.0	0.91059984	0.603623261292
10317.000026126	437.875	4.41576334524	274.0	0.89173922	0.545288447861
10317.000033665	598.056603774	4.83304888738	352.0	0.89212718	0.571320758328
10317.000028755	729.081081081	6.15237912911	489.0	0.96123788	0.688671610282
10317.000016485	542.076923077	4.46519908757	317.0	0.85227762	0.5374358306
10317.000001001	454.75	4.58346316515	306.0	0.8718319	0.55507422595
10317.000002334	591.338235294	5.87387633379	427.0	0.95627808	0.672214959429
10317.000006797	366.023255814	4.75380296434	277.0	0.89837982	0.585895246244
10317.000013156	784.52173913	6.57892123259	499.0	0.97630858	0.734017356519
10317.000001529	620.185714286	6.14632965404	443.0	0.968792	0.6991486487
10317.000002418b	764.555555556	6.43349875115	545.0	0.9714155	0.707746885202
10317.000005849	416.784313725	4.26544978142	286.0	0.83157528	0.522734931149
10317.000011341	549.620689655	5.73727845026	389.0	0.9576917	0.666844214313
10317.000013355	798.649350649	6.33825770302	535.0	0.9652479	0.699324882803
10317.000006794	601.380952381	5.38628655898	402.0	0.92519448	0.622616388302
10317.000028723	740.537313433	5.59527560613	464.0	0.94196358	0.631664891718
10317.000002774	441.105263158	4.5766631921	334.0	0.84666034	0.545899882968
10317.000001531	512.413333333	6.26198478613	414.0	0.96804216	0.720307606918
10317.000018027	659.621621622	6.45690064095	479.0	0.97571204	0.725178158563
10317.000001948	384.509090909	5.04452744702	289.0	0.92762726	0.617073187322
10317.000001032	420.305084746	5.55879874299	333.0	0.95404068	0.663390349436
10317.000016697	839.375	7.0847150559	590.0	0.98522524	0.769695289968
10317.000011162	563.181818182	4.20899256027	405.0	0.75227576	0.485927082495
10317.000005999	432.739130435	4.97962132781	349.0	0.91327816	0.589507785641
10317.000001362	653.131147541	6.56034408952	465.0	0.97693706	0.740354333403
10317.000010947	485.117647059	5.7015171624	299.0	0.9624177	0.693277723944
10317.000002851	455.092307692	5.41372293491	356.0	0.93520964	0.638732090739
10317.000035452	569.365384615	6.50215083046	398.0	0.97542996	0.752857871696
10317.000005928	680.402061856	6.17757297642	518.0	0.95066056	0.685117480523
10317.000027807	824.205479452	6.35226934078	512.0	0.97035096	0.705807704531
10317.000031313	1080.45205479	6.50929575174	594.0	0.96977778	0.706432636682
10317.000014458	584.076923077	5.45798201227	331.0	0.94602886	0.652035101422
10317.000016759	641.776119403	6.11259966962	459.0	0.96012946	0.691286754339
10317.000014308	665.766666667	6.09714348949	443.0	0.9575592	0.69355369327
10317.000010546	427.01754386	4.55504916121	310.0	0.884459	0.55038432703
10317.000015305	667.197368421	6.71276385396	504.0	0.97613184	0.747750310914
10317.000014295	521.25	5.03516030286	330.0	0.91480276	0.601836765776
10317.000011055	604.284090909	6.17783906356	484.0	0.95376626	0.692671128507
10317.000002818	517.404255319	3.73069670616	339.0	0.68525576	0.44385888358
10317.000009667	599.553571429	4.79798650766	355.0	0.9093503	0.566356285651
10317.000012254	545.615384615	5.270525767	385.0	0.92018736	0.613657105938
10317.000026037	595.328125	6.28279966237	454.0	0.9656741	0.711807075146
10317.000007037	424.5	5.74307286134	363.0	0.92713954	0.675351663861
10317.000015594	728.188405797	6.6436045661	505.0	0.97933582	0.739810835752
10317.000004286	538.285714286	5.48416234702	375.0	0.94127624	0.641366477651
10317.000001351	557.716981132	5.03832625621	358.0	0.90560828	0.593875019035
10317.000010115	545.267857143	5.55157887804	374.0	0.93641334	0.649543398961
10317.000010981	510.050847458	6.00738066622	387.0	0.96260326	0.698842258796
10317.000013028	436.372881356	5.96892124625	370.0	0.9587629	0.699642991451
10317.000017095	608.1875	6.44671630248	459.0	0.97595146	0.729072707155
10317.000011048	698.090909091	6.34662280361	483.0	0.96929364	0.711833632325
10317.000002079	437.630769231	5.24064606301	342.0	0.94376722	0.622563302665
10317.000014937	574.753424658	6.3075867939	449.0	0.96903988	0.715911186628
10317.000013653	408.277777778	5.01891994704	311.0	0.91324904	0.606093331933
10317.000021178	647.305084746	5.79562971711	429.0	0.9463505	0.662748981262
10317.000006741	565.553846154	5.83224741385	418.0	0.95356004	0.669806691717
10317.000014548	627.642857143	6.03832821482	432.0	0.96297054	0.689709400986
10317.000013215	694.681818182	6.10704052173	456.0	0.96067958	0.691397777164
10317.000010867	601.518518519	5.76780051798	389.0	0.96103942	0.670391796052
10317.000026613	552.322033898	5.89112891285	408.0	0.95870158	0.679294278192
10317.000006909	565.891566265	6.14790920236	452.0	0.96414772	0.697027716621
10317.000011163	552.636363636	5.25458025151	344.0	0.91503408	0.623595436943
10317.000012276	727.050847458	6.06243038518	469.0	0.95435966	0.683210522128
10317.000015003	570.788461538	5.46949814432	389.0	0.91667194	0.635720093482
10317.000001613	574.304347826	5.8751964027	423.0	0.95319018	0.673412467629
10317.000006029	569.803571429	5.84828305944	401.0	0.95726392	0.676300800886
10317.000005024	598.346153846	6.20113847234	470.0	0.95639924	0.698600420601
10317.000026632	608.103448276	6.2093675377	418.0	0.97043076	0.713117197018
10317.000033799	507.775	5.15459918597	285.0	0.95190504	0.632092477973
10317.000029152	643.068181818	4.23251869341	343.0	0.77503842	0.50255119272
10317.000022999	632.0	5.41369030947	383.0	0.93606608	0.630877959067
10317.000037575	773.323943662	6.8351239756	531.0	0.97964712	0.755048063404
10317.000027681	675.018867925	6.48130779994	441.0	0.9741345	0.737800479347
10317.000021296	711.0	6.41920112612	524.0	0.97122412	0.710605617055
10317.000028712	722.982758621	5.64355681138	439.0	0.9455443	0.642914926367
10317.000027363	727.181818182	5.88094040549	458.0	0.95532762	0.665324677027
10317.000033801	686.264705882	5.58032100462	425.0	0.93682166	0.639115462943
10317.000011225	651.1875	5.9623283678	432.0	0.95923836	0.68102855306
10317.000011409	496.042553191	5.30749804829	339.0	0.9363546	0.631458503295
10317.000009475	426.018518519	4.92806833672	315.0	0.90549726	0.593799833165
10317.000012928	552.886792453	5.66319328691	364.0	0.95136906	0.665647623904
10317.000028841	666.892307692	5.9575015022	438.0	0.96424162	0.678934025604
10317.000014534	576.2	5.59705782898	389.0	0.9492322	0.65054636319
10317.000016715	638.743243243	6.55867651156	469.0	0.97803142	0.739135382879
10317.000008954A	527.887096774	5.74911889047	382.0	0.94352198	0.670261334221
10317.000015912	542.682926829	5.24297657347	335.0	0.92993232	0.625055528037
10317.000016725	694.016949153	6.41820817084	433.0	0.97860454	0.732820803203
10317.000018358	495.3	4.73700113009	325.0	0.87327034	0.567693329955
10317.000010102	493.942307692	5.54938322871	352.0	0.95318164	0.655999537426
10317.000008949B	517.4375	6.00575406055	404.0	0.9592717	0.693648344408
10317.000010869	608.739130435	6.16238733947	438.0	0.95907478	0.702283405581
10317.000014571	594.703125	6.39793708079	447.0	0.9734256	0.726697168113
10317.000010827	575.85	5.92307528147	397.0	0.96228396	0.686097367856
10317.000014162	615.90625	5.87957095486	427.0	0.95792432	0.672866660155
10317.000016736	639.676056338	5.74695260392	456.0	0.95292686	0.650631061261
10317.000001929	571.055555556	5.77287996174	396.0	0.95406174	0.668981503013
10317.000003196	614.529411765	6.12182887528	461.0	0.95979964	0.691839726531
10317.000028833	337.034482759	4.1275948732	202.0	0.89275298	0.538976350091
10317.000004291	957.461538462	6.30826808024	539.0	0.97191604	0.695191727629
10317.000035347	923.697368421	6.33747388233	540.0	0.97211156	0.698204542613
10317.000031035	608.893617021	4.92217558347	345.0	0.88397594	0.583856626119
10317.000016765	651.789473684	6.17942353044	465.0	0.96431004	0.697366315892
10317.000004918	682.875	6.2645020394	481.0	0.97046662	0.703095085486
10317.000001347	657.018518519	5.93349586307	436.0	0.95339442	0.676707473667
10317.000005938	484.246153846	5.69039540151	405.0	0.94129862	0.656954650335
10317.000003982	545.285714286	5.12463671724	382.0	0.88443792	0.59745604656
10317.000001934	550.733333333	5.49695962592	421.0	0.91913372	0.630553298741
10317.000015355	607.438596491	5.97635299367	414.0	0.95432074	0.687451769685
10317.000002418a	734.446808511	6.39973293554	512.0	0.97710752	0.711081437282
10317.000026083	689.47826087	5.72485164385	456.0	0.9353397	0.648128940207
10317.000009476	357.881355932	4.70273349457	293.0	0.88642968	0.573871022425
10317.000003729	596.505263158	5.76388717277	482.0	0.94329348	0.64669120813
10317.000017219	683.054054054	6.42062757123	482.0	0.97365892	0.720375551521
10317.000004283	276.428571429	3.10576725399	150.0	0.74480616	0.429636900158
10317.000003473	603.125	6.54823840166	492.0	0.96837312	0.732259187028
10317.000007068	343.121212121	4.90855736002	240.0	0.9310746	0.62079490043
10317.000011342	607.358208955	6.01286931281	445.0	0.94939322	0.683462224039
10317.000026056	524.025	4.73050617687	324.0	0.90738534	0.567217177196
10317.000012209	536.045454545	5.77351408475	399.0	0.94780656	0.668211853641
10317.000016355	836.258064516	6.46535767005	499.0	0.9756253	0.721346947036
10317.000015185	531.773584906	5.22332221881	356.0	0.913614	0.616267873612
10317.000003028	461.126760563	5.29267599828	372.0	0.91388226	0.61981233929
10317.000012985	737.444444444	6.16932728038	476.0	0.95991138	0.693586697845
10317.000016755	704.961538462	6.05184617513	482.0	0.9418658	0.678999362253
10317.000014327	478.0	5.56410470721	368.0	0.95444406	0.652791020455
10317.000013249	567.11627907	5.33897306496	331.0	0.94643092	0.637817756833
10317.000008950A	333.023255814	3.76553461961	250.0	0.79222532	0.472713606727
10317.000016716	645.019607843	6.14312876761	411.0	0.96896348	0.70748964639
10317.000022662	590.878787879	5.90915641596	417.0	0.95880848	0.678908763878
10317.000022443	607.137931034	5.2200759924	396.0	0.93206202	0.6049206473
10317.000017074	449.375	5.47555296614	350.0	0.94589622	0.647901572175
10317.000002511	526.222222222	4.9119106469	354.0	0.88791164	0.58008260043
10317.000013821	390.105263158	5.04548011348	305.0	0.92842334	0.611375822124
10317.000004819	494.529411765	4.95250953063	281.0	0.92009884	0.608833288995
10317.000017075	488.418181818	4.95234902396	352.0	0.89824194	0.585423376797
10317.000010834	620.818181818	5.66896671718	401.0	0.9400942	0.655564495094
10317.000014303	472.166666667	6.00009998975	361.0	0.96716602	0.706238509339
10317.000015265	612.310344828	5.67573716059	393.0	0.95758484	0.658561532099
10317.000003193	398.055555556	4.8862912168	285.0	0.9216609	0.5991907056
10317.000013619	685.363636364	6.67192105488	501.0	0.97791494	0.743914475665
10317.000005015	659.788461538	5.89338254446	409.0	0.96531308	0.679277516254
10317.000022925	397.135135135	5.26463660865	279.0	0.94596024	0.648025356414
10317.000003439	568.552238806	5.30753525128	395.0	0.93927912	0.615315836396
10317.000016735	605.929577465	6.09078371745	440.0	0.9655503	0.693603714704
10317.000011168	600.692307692	5.94505267953	379.0	0.96161106	0.694024652779
10317.000004972	556.516666667	6.32430812555	408.0	0.97243896	0.729243305785
10317.000009382	545.2	5.9094847438	389.0	0.96596844	0.686859762017
10317.000027308	485.109090909	5.54768346323	368.0	0.92001762	0.650864449843
10317.000003895	561.666666667	5.99161575889	405.0	0.96391164	0.691730461258
10317.000001322	419.056603774	5.03442811989	308.0	0.93478434	0.608994570637
10317.000026106	556.872727273	5.63347295947	385.0	0.93667802	0.655915721793
10317.000008957B	525.054054054	6.33727872122	422.0	0.9706571	0.726660548641
10317.000001047	388.534883721	4.88598629757	278.0	0.91034578	0.601800931157
10317.000017071	479.733333333	4.59491324712	313.0	0.85035814	0.554270542922
10317.000015262	470.4375	5.49407825814	372.0	0.95071788	0.643398065275
10317.000003981	475.942857143	5.4484769614	379.0	0.94576144	0.636054470019
10317.000014334	691.192307692	6.38151417499	496.0	0.97020136	0.712684193397
10317.000011378	652.4	5.77999561384	452.0	0.95542398	0.655315004205
10317.000016718	591.108695652	5.89754598955	361.0	0.96651204	0.694167446464
10317.000016714	638.714285714	6.59701471885	457.0	0.97872268	0.746602209558
10317.000007748	510.365853659	5.29721414851	342.0	0.92558752	0.629283316516
10317.000007073	718.136363636	5.7945565099	492.0	0.95531492	0.647978430054
10317.000001247	726.909090909	6.73372803393	513.0	0.9804073	0.747958057814
10317.000002036	417.75	5.00511764916	294.0	0.9280668	0.610404591631
10317.000012112	562.454545455	5.79479027759	383.0	0.96026942	0.675288990424
10317.000002437	414.25	4.89120689258	304.0	0.91655762	0.59302253622
10317.000003731	629.880597015	5.50904842552	423.0	0.94604478	0.631444745032
10317.000013171	593.071428571	5.6118744735	368.0	0.9438143	0.658395457489
10317.000001487	520.518518519	5.76122730712	370.0	0.96009264	0.675298289471
10317.000014306	528.117647059	5.32848555955	356.0	0.93419394	0.628675453629
10317.000002064	570.383561644	6.20769397198	439.0	0.96713124	0.707181525108
10317.000002336	519.685185185	5.34208980132	362.0	0.907379	0.628492548252
10317.000006074	461.047619048	5.69945129707	357.0	0.96143394	0.672122522001
10317.000012061	450.982142857	4.64981350731	317.0	0.89497218	0.559656206908
10317.000016756	639.123076923	6.03809615537	436.0	0.96267082	0.688637000742
10317.000011018	708.436619718	6.18671353153	494.0	0.95877468	0.691379038368
10317.000015261	725.647058824	5.87515264168	456.0	0.96062648	0.665145001495
10317.000013458	553.054054054	6.31335022267	429.0	0.96880302	0.721951993598
10317.000041935	518.636363636	4.26574792577	313.0	0.81370934	0.51456432181
10317.000033721	614.3	6.27278524512	446.0	0.97161146	0.712743618999
10317.000031491	472.266666667	6.39719548798	383.0	0.9775143	0.745489564882
10317.000017671	402.162790698	5.18000022934	280.0	0.9391041	0.63720259444
10317.000036943	511.118421053	5.99524348665	414.0	0.96165844	0.689624717442
10317.000036102	607.0	6.26138610436	436.0	0.9691329	0.714102928547
10317.000028894	529.0	5.28453656915	373.0	0.9391273	0.618578588999
10317.000040358	546.529411765	5.63860984831	353.0	0.9496767	0.666224801824
10317.000031506	669.815384615	6.12992571412	454.0	0.95917074	0.694487287182
10317.000016446	634.776119403	5.86160212416	452.0	0.94276738	0.664567255283
10317.000028793	508.935483871	5.44458033052	352.0	0.950435	0.643610655652
10317.000042026	703.042857143	6.45748356619	478.0	0.97307902	0.72548929284
10317.000037582	526.033898305	5.79010963049	375.0	0.9571387	0.677146660498
10317.000029202	480.071428571	4.64959295695	324.0	0.86621676	0.557515177772
10317.000022618	729.075	6.30156352597	507.0	0.96631074	0.701276916525
10317.000021229	463.947368421	3.34463765335	260.0	0.6973932	0.416914024799
10317.000034121	370.976744186	4.50910067313	244.0	0.9116556	0.568560082272
10317.000036071	486.02	4.93926910919	326.0	0.91153788	0.591619348234
10317.000036166	670.56	5.77411027318	390.0	0.96051838	0.670836375823
10317.000031593	617.394736842	4.86378447679	335.0	0.88328292	0.579849124213
10317.000034194	787.391304348	6.04668026456	535.0	0.94851072	0.667153998069
10317.000036131	651.779661017	5.94219546059	428.0	0.95906486	0.679770966341
10317.000002347	432.375	4.96002044847	312.0	0.92075018	0.598645704511
10317.000016767	723.166666667	6.2136897607	454.0	0.96601652	0.703977298675
10317.000036109	554.46875	4.11059314951	276.0	0.81012236	0.506947123539
10317.000004973	608.080645161	6.32140242173	435.0	0.9676183	0.721220197728
10317.000031379	739.614285714	5.94919161372	461.0	0.95223412	0.67232965556
10317.000004737	626.549019608	5.7315216053	419.0	0.92820206	0.657978299589
10317.000006666	432.411764706	4.83866146064	317.0	0.9101584	0.582386135555
10317.000003969	304.477272727	5.01509770575	248.0	0.9343734	0.630497099903
10317.000001749	582.246575342	6.26514431949	462.0	0.96403738	0.707786030781
10317.000009507	584.378378378	6.35290396802	451.0	0.9744537	0.720530312801
10317.000040348	781.337837838	5.96755823642	496.0	0.95709836	0.666453808869
10317.000026595	744.158730159	6.1267697668	447.0	0.96383126	0.695897159192
10317.000012335	555.166666667	5.49420469773	393.0	0.93524798	0.637498136546
10317.000022554	695.661764706	6.28350496619	464.0	0.97207762	0.709360854313
10317.000003718	792.53164557	6.43898382306	533.0	0.96902728	0.710862188898
10317.000006113	584.622222222	5.14550798931	359.0	0.91030228	0.606221131501
10317.000006662	641.380952381	6.25187797684	442.0	0.97002342	0.711418672953
10317.000013756	805.313432836	6.63964451809	523.0	0.9726747	0.735233003046
10317.000001216	559.678571429	6.2477311882	452.0	0.96961534	0.708345172453
10317.000016722	577.58490566	6.16446311821	394.0	0.97221142	0.714964749377
10317.000016358	433.97826087	4.93156218992	322.0	0.91795974	0.591959115913
10317.000035392	794.405797101	5.98391840294	461.0	0.96555384	0.676254197204
10317.000043118	828.929577465	6.58823252897	543.0	0.97279928	0.725192238266
10317.000006685	465.136363636	4.94085970196	289.0	0.92547	0.604392002307
10317.000005992	467.75	4.38547037823	329.0	0.82998976	0.524455855827
10317.000012947	732.596774194	5.99826949599	464.0	0.96205324	0.677159896741
10317.000012122	725.0	5.65963845893	399.0	0.9482009	0.655032177988
10317.000004758	554.0	5.67439488607	403.0	0.9503949	0.655648009617
10317.000042014	756.404494382	6.71428483106	561.0	0.977114	0.735259527173
10317.000027267	756.333333333	6.34536957641	499.0	0.96819612	0.70795974567
10317.000006625	394.42	4.95107120846	307.0	0.91455954	0.599251315934
10317.000008951B	300.488372093	4.1437563823	227.0	0.87365094	0.529448758802
10317.000006778	800.012195122	6.53377224034	540.0	0.97672964	0.719830888981
10317.000012971	812.373493976	6.46460244849	553.0	0.97026656	0.709527624488
10317.000017652	842.261904762	6.91883530608	576.0	0.98008694	0.754513837899
10317.000015254	746.509090909	6.27807821748	476.0	0.966657	0.705813023328
10317.000001438	645.611111111	5.95392453506	413.0	0.9655774	0.685146826805
10317.000006803	553.12	5.79355633792	388.0	0.9556591	0.673676169077
10317.000013299	648.850746269	5.80863884509	459.0	0.95184664	0.656911185319
10317.000036039	444.784313725	5.24749758339	314.0	0.93191566	0.632638639216
10317.000011026	686.225806452	5.79979628279	435.0	0.94463354	0.66170921305
10317.000012993	552.178571429	5.95766384179	438.0	0.96236884	0.678952526292
10317.000009419	592.064516129	6.05795059551	426.0	0.95858114	0.693549168651
10317.000010693	679.037037037	6.28832340198	512.0	0.9683869	0.69870260022
10317.000008951A	386.625	3.990100483	216.0	0.86248116	0.514527190998
10317.000001669	449.241935484	5.09605956983	336.0	0.92306884	0.607229125533
10317.000036068	504.8	5.80290431253	408.0	0.95103588	0.669121276195
10317.000042981	647.47826087	6.17277207352	449.0	0.96567478	0.700609714037
10317.000028776	906.533333333	6.79738498752	619.0	0.97435904	0.732966875839
10317.000004011	322.565217391	4.77562514204	267.0	0.9160282	0.592458167696
10317.000004285	610.3125	6.21811218473	478.0	0.9645963	0.698596251227
10317.000026116	517.803571429	4.99482539974	349.0	0.9003266	0.591307705392
10317.000022498	680.766666667	6.36397621788	458.0	0.97002056	0.719971659263
10317.000023929	783.622641509	5.2707781977	459.0	0.86613952	0.596083393328
10317.000009558	541.411764706	5.51171860481	387.0	0.93980072	0.641181588723
10317.000002051	630.75	5.8058600552	432.0	0.9348869	0.663156443045
10317.000016726	704.987341772	6.80513938441	521.0	0.98034746	0.75402040461
10317.000005927	636.359550562	5.79614716816	497.0	0.92819804	0.647100718655
10317.000013539	641.916666667	6.19880108964	474.0	0.96311468	0.69737654875
10317.000004289	644.333333333	6.11740611193	443.0	0.95655476	0.695858578607
10317.000011073	574.147540984	5.53032003548	403.0	0.94587566	0.639000879674
10317.000001111	493.813953488	4.96748283308	336.0	0.89234684	0.591908358899
10317.000013053	432.0	4.24590698923	307.0	0.85814388	0.513901990801
10317.000010225	743.230769231	6.86598588955	509.0	0.98253476	0.763606651587
10317.000003226	667.126582278	6.43898956933	500.0	0.97051396	0.718173599196
10317.000013167	539.643835616	6.03075507562	423.0	0.96247972	0.691242535361
10317.000010879	507.105263158	5.09871868931	360.0	0.91771994	0.600424740215
10317.000013055	647.157894737	5.39461557787	424.0	0.92429424	0.618087161306
10317.000006665	578.927710843	6.94052121828	490.0	0.98469976	0.776636724644
10317.000002638	464.4	5.69781359856	377.0	0.95521652	0.665755258996
10317.000002443	634.318681319	6.70491365018	518.0	0.9773386	0.743601664387
10317.000017349	792.375	7.01084239453	543.0	0.98222036	0.771710540857
10317.000005814	511.873015873	6.19060086966	406.0	0.96991328	0.714409796553
10317.000020071	664.0	5.82889264944	409.0	0.96303282	0.671844342625
10317.000004026	512.347826087	6.07729111234	419.0	0.95465726	0.697672616031
10317.000013134	605.842105263	6.26247776666	415.0	0.97526812	0.720076020494
10317.000004822	476.277777778	6.15547932241	379.0	0.96698302	0.718589830858
10317.000009101	573.2	6.63386610426	439.0	0.97962608	0.75573112498
10317.000013159	662.727272727	6.27989653593	470.0	0.96670042	0.707473052069
10317.000016772	566.4	6.27385815841	441.0	0.97041414	0.714185423607
10317.000006635	542.405797101	5.3765237955	419.0	0.91312432	0.617224574604
10317.000001734	585.846153846	6.2438518624	434.0	0.9673819	0.7126422818
10317.000001286	499.514705882	5.63963418471	398.0	0.93535792	0.652990541154
10317.000014397	740.828125	6.36866793024	472.0	0.97436932	0.716978932379
10317.000016731	649.891891892	6.30071891936	478.0	0.9618098	0.707877002912
10317.000016458	902.366336634	6.69498695879	604.0	0.9717357	0.724690804062
10317.000009174	510.933333333	6.25266159059	422.0	0.96657002	0.716957972303
10317.000013222	544.043478261	5.390778774	401.0	0.92594362	0.623394586958
10317.000004847	451.936170213	5.49762433067	329.0	0.9381785	0.657457701156
10317.000002261	635.039473684	6.17764583658	478.0	0.96080798	0.694049913323
10317.000016729	668.189873418	6.60829068204	499.0	0.97665292	0.737294137755
10317.000001652	470.75	6.26452404965	378.0	0.97347644	0.731645255912
10317.000017083	465.323943662	5.69948060338	373.0	0.95738594	0.667149639999
10317.000002606	459.285714286	5.64747949839	395.0	0.93125878	0.654726423201
10317.000011357	582.213333333	6.14781781265	458.0	0.96499108	0.69551714838
10317.000004813	645.708333333	6.32146476617	443.0	0.96722604	0.719070371725
10317.000013453	518.773584906	5.43307121945	363.0	0.92966176	0.638897290096
10317.000016768	707.878378378	6.46151290696	495.0	0.9720234	0.721853132004
10317.000013174	383.825	4.06871463711	265.0	0.81326748	0.505439898914
10317.000016166	562.882352941	5.37188628834	361.0	0.92950048	0.632294956933
10317.000011358	699.037037037	6.93179565036	532.0	0.98248416	0.765497454081
10317.000001436	596.133333333	6.10453412543	455.0	0.96149228	0.691361927048
10317.000009385	603.394366197	6.52122636431	476.0	0.9744715	0.733148956824
10317.000006053	481.581081081	5.48464384826	393.0	0.9277268	0.636388781498
10317.000002185	418.019607843	5.32826085003	319.0	0.93173562	0.640615188576
10317.000016488	443.37037037	4.22378080932	245.0	0.8429407	0.532187664573
10317.000001516	408.385964912	5.00057063612	325.0	0.88632184	0.599280117975
10317.000011352	661.75862069	6.44333403902	510.0	0.96681834	0.716375455363
10317.000004009	439.609375	5.54818078027	351.0	0.94728612	0.656175761826
10317.000013801	525.163265306	5.71992495123	377.0	0.9522411	0.668338837604
10317.000003996	755.743589744	6.65915705078	565.0	0.96455892	0.728405061222
10317.000017339	631.818181818	5.94399145598	412.0	0.9498097	0.684279179789
10317.000010183	747.939759036	6.87094659825	556.0	0.97881832	0.753480754339
10317.000012318	512.8	5.15345871619	370.0	0.88814808	0.604059112823
10317.000007666	608.630769231	6.25769997298	439.0	0.9671238	0.712878217021
10317.000002349	493.430769231	5.68106368151	378.0	0.95029694	0.66350184917
10317.000015908	426.052631579	5.50209272172	317.0	0.94991042	0.662237386048
10317.000001423	505.0	4.85131778035	330.0	0.89687794	0.579862651249
10317.000005845	521.797101449	6.11966906142	404.0	0.96560182	0.706805218793
10317.000009118	503.31884058	5.76895840295	391.0	0.95767282	0.669950271744
10317.000005576	533.661764706	6.06758688278	416.0	0.96701632	0.697388531999
10317.000002801	613.144927536	6.57831789485	466.0	0.97291922	0.742123167034
10317.000013265	738.409090909	6.42374329118	545.0	0.96637486	0.706673690557
10317.000010833	430.022222222	4.89980435678	311.0	0.91042524	0.591708730117
10317.000013238	395.895833333	4.92577861721	271.0	0.94171628	0.609463967072
10317.000012983	639.924242424	5.83966116574	452.0	0.92501576	0.662079668749
10317.000004915	554.6875	6.03302962572	380.0	0.9653832	0.703982645852
10317.000001099	863.134831461	7.31626133207	644.0	0.986344	0.784088147782
10317.000015856	919.5	6.41093496919	540.0	0.97007078	0.706297809033
10317.000003061	554.936708861	5.98362984103	430.0	0.95671172	0.683984674767
10317.000028859	579.0	6.34625879776	474.0	0.97118916	0.71396581272
10317.000012903	806.185185185	6.49404982318	491.0	0.97449678	0.726437975154
10317.000004736	636.473684211	5.68628971406	467.0	0.90949432	0.641266602864
10317.000010962	563.213333333	6.14041178166	439.0	0.9631213	0.699516726847
10317.000002348	647.078125	5.71551659533	463.0	0.92546254	0.645466013491
10317.000002444	448.541666667	5.72858013096	377.0	0.95120016	0.669350143314
10317.000015584	619.0	5.64749767782	456.0	0.9355359	0.639371447937
10317.000023375	755.092307692	4.95035310476	473.0	0.85035492	0.557114816529
10317.000015624	840.924242424	6.13907391318	521.0	0.95839274	0.680219277588
10317.000006671	643.012658228	6.57823970096	488.0	0.9755591	0.73658416459
10317.000009102	511.620689655	5.36724695115	378.0	0.92388908	0.62685061754
10317.000015214	719.617977528	6.36801794532	520.0	0.97147316	0.705803407408
10317.000002172	690.448979592	5.7968349811	421.0	0.94555926	0.664951840351
10317.000001189	574.204081633	5.67340076182	367.0	0.94881146	0.665920538559
10317.000007678	319.958333333	3.03134618431	259.0	0.70043054	0.378123821292
10317.000003358	524.797468354	5.84784905745	412.0	0.95420136	0.673211155533
10317.000009231	558.0	5.10360124016	421.0	0.89980034	0.585431368691
10317.000018318	520.323943662	6.30274188515	428.0	0.967523	0.72101649471
10317.000013859	723.347826087	6.1099977852	482.0	0.95490626	0.68552380207
10317.000013757	519.097826087	6.52962976974	462.0	0.9699965	0.737665487261
10317.000012298	770.720588235	5.83136882211	481.0	0.94123286	0.654482468789
10317.000017171	699.791666667	6.14151757268	481.0	0.96330606	0.689291949402
10317.000014587	479.181818182	5.23955706222	336.0	0.93579222	0.624327798659
10317.000016764	659.0	6.17347920946	428.0	0.96763968	0.706229196891
10317.000016727	636.666666667	5.99596946076	422.0	0.96463944	0.687524511649
10317.000002013	577.506329114	5.90848342715	473.0	0.940605	0.664943205225
10317.000013454	516.764705882	6.31901059798	410.0	0.97466064	0.728040219638
10317.000016766	656.842105263	6.0857144897	442.0	0.96267338	0.692510465219
10317.000001234	575.516129032	4.6662540973	378.0	0.8461757	0.54498037618
10317.000026623	913.129032258	6.58068129617	625.0	0.96442242	0.708536292603
10317.000006761	604.43902439	6.86921769601	499.0	0.9810623	0.766406046876
10317.000009532	570.0	6.62181643324	441.0	0.97938742	0.75379529709
10317.000005846	483.0	6.21239095449	372.0	0.97230528	0.727517908017
10317.000004821	812.101010101	6.77918097398	605.0	0.9716472	0.733614766344
10317.000002712	579.859375	5.59891187532	430.0	0.93302382	0.640007824654
10317.000013734	777.4	6.70247772573	524.0	0.97895254	0.741964338944
10317.000009659	527.174418605	5.88538219138	422.0	0.95641272	0.674844083759
10317.000017292	685.643835616	6.87982881887	507.0	0.9813577	0.765629850503
10317.000015862	579.230769231	5.94907166395	405.0	0.96399008	0.686818756703
10317.000002446	558.327868852	4.43100985571	380.0	0.84046952	0.517046034172
10317.000006678	495.109589041	5.76160406498	394.0	0.95149218	0.668240482153
10317.000014224	633.548387097	6.60894831536	446.0	0.9810488	0.75094006187
10317.000017218	668.323943662	6.51198920859	466.0	0.97742324	0.734640394767
10317.000009661	556.529411765	6.22259526727	437.0	0.96662344	0.709411473263
10317.000006729	522.962264151	5.78644453184	372.0	0.96230482	0.677636364405
10317.000013686	532.571428571	5.54652022123	336.0	0.95363078	0.660904484639
10317.000010845	762.355932203	6.50624532776	477.0	0.97688586	0.731215816226
10317.000017205	690.743589744	6.36157661773	500.0	0.9624384	0.709539334848
10317.000014551	514.444444444	5.82227295247	373.0	0.96406202	0.681523032452
10317.000005238	535.478873239	5.63819526302	421.0	0.93405304	0.646754363135
10317.000022448	632.34375	5.80884708287	441.0	0.94900204	0.66125083
10317.000001004	336.87755102	5.28292320783	274.0	0.94532088	0.652371237075
10317.000014122	592.345679012	5.83199135119	445.0	0.955297	0.662902446752
10317.000016728	827.222222222	6.76429996129	564.0	0.9754313	0.740112911507
10317.000010773	577.022222222	4.47593123907	370.0	0.8507984	0.524643196391
10317.000005553	489.397058824	6.30611321285	393.0	0.9706214	0.731704703996
10317.000014054	679.011904762	6.38343102422	514.0	0.9716466	0.708827132349
10317.000026081	515.542372881	5.36097079191	369.0	0.94089082	0.628670213722
10317.000016769	562.96875	5.69069724505	393.0	0.94890152	0.660297365853
10317.000004738	795.690140845	6.43092876342	521.0	0.9707622	0.712557265075
10317.000036427	821.438596491	6.37761159465	493.0	0.97083564	0.712945239085
10317.000043092	685.109090909	6.34347241587	448.0	0.96508826	0.720247165239
10317.000036069	343.025641026	5.18198853579	262.0	0.940347	0.645053613485
10317.000028711	634.615384615	5.73759745793	411.0	0.95045054	0.660785562242
10317.000027901	864.233333333	6.89329714271	599.0	0.9783906	0.74712651014
10317.000031057	741.269230769	5.74712970303	428.0	0.9487386	0.657455975293
10317.000021275	823.46875	5.45398130781	474.0	0.92335302	0.613582950378
10317.000031439	778.227272727	5.70899704227	408.0	0.9448786	0.658293016907
10317.000036437	616.210526316	6.19675591469	497.0	0.9635109	0.691825981878
10317.000043117	676.658227848	5.97534449435	475.0	0.95816564	0.67200740524
10317.000040144	447.813953488	4.5553935822	290.0	0.85170806	0.55690027017
10317.000039994	598.131147541	5.71172191075	410.0	0.9423474	0.658071894314
10317.000036067	648.22972973	6.655172822	472.0	0.98000224	0.749233396526
10317.000036877	739.0	6.56265992874	556.0	0.97112028	0.719673466075
10317.000038417	589.136986301	5.87819635763	452.0	0.9473704	0.666448649475
10317.000031891	497.413793103	6.17462237234	431.0	0.96305938	0.705546624762
10317.000028719	662.353846154	5.84697328474	420.0	0.9598847	0.670967242418
10317.000023341	569.012345679	5.33362140112	410.0	0.93396156	0.614509318527
10317.000035492	665.868421053	6.36087396766	490.0	0.96256828	0.711774831998
10317.000027775	823.359375	5.95724619261	503.0	0.94951986	0.663803319202
10317.000036094	436.622222222	4.14677101353	296.0	0.81177768	0.50512145314
10317.000039831	498.040540541	5.60682867673	411.0	0.93538486	0.645725230241
10317.000043164	505.695652174	5.26916544699	329.0	0.9386799	0.630136435925
10317.000036422	600.662650602	6.33501397639	455.0	0.9691165	0.717464655059
10317.000036939	611.038461538	5.58302744769	399.0	0.9484107	0.646165414164
10317.000036147	686.0	6.04166856548	465.0	0.94259054	0.681820258572
10317.000035412	669.0	6.06926268509	432.0	0.96261308	0.693242795363
10317.000031272	447.384615385	3.87433102697	221.0	0.82232384	0.497480675628
10317.000037565	578.086956522	5.74646476255	433.0	0.9391682	0.656122208998
10317.000014232	628.962962963	6.18257861394	491.0	0.96407348	0.691596155224
10317.000009677	718.368421053	5.44049961117	423.0	0.94418252	0.623587709614
10317.000036045	729.255319149	6.27264834942	420.0	0.96987746	0.719815425983
10317.000018424	649.769230769	4.80477667568	380.0	0.88143274	0.5606601669
10317.000014978	632.418918919	6.296911043	454.0	0.96982312	0.713405817922
10317.000017133	651.05	5.82268817977	431.0	0.9530904	0.665332670493
10317.000026136	566.202702703	5.99567222939	429.0	0.96267028	0.68562448879
10317.000013197	744.714285714	6.33353332693	489.0	0.97311178	0.708949254183
10317.000001936	632.32	4.84534647299	365.0	0.91267716	0.569253674312
10317.000009495	411.765957447	4.81061682274	300.0	0.92096612	0.58460600527
10317.000033748	583.949152542	5.11695126478	392.0	0.86986056	0.593978364608
10317.000006717	534.328125	6.04281035892	419.0	0.9598628	0.693714227829
10317.000022553	787.333333333	6.49864171703	555.0	0.97196292	0.712856134506
10317.000034127	536.0	5.56775090845	399.0	0.94267648	0.644397346319
10317.000005085	395.147540984	5.76242921865	338.0	0.96125658	0.685931664935
10317.000009648	648.5625	6.06758276753	469.0	0.95598298	0.683791174046
10317.000013001	780.539473684	5.94214815981	500.0	0.95064722	0.662758323327
10317.000034147	917.619047619	5.65473428172	526.0	0.94444616	0.62559851332
10317.000028856	647.125	5.42405920125	392.0	0.9408922	0.629627613628
10317.000005163	382.428571429	4.42190297925	268.0	0.8810884	0.548209035982
10317.000009628	535.363636364	6.05597317252	443.0	0.96202136	0.688870545262
10317.000016762	578.666666667	5.77010385469	406.0	0.9459437	0.665883459088
10317.000014291	649.5	6.44497815949	479.0	0.96781138	0.723839137935
10317.000011191	510.430769231	6.00619817537	395.0	0.96713462	0.696313576617
10317.000013764	694.126760563	5.86831861746	457.0	0.94897954	0.664133677566
10317.000016333	694.666666667	6.08559015753	473.0	0.9659277	0.68487487101
10317.000034126	788.491803279	6.03598666549	472.0	0.95655764	0.679525973514
10317.000006036	520.639534884	6.46640816613	439.0	0.97379364	0.736654288942
10317.000013902	826.25	6.19321072932	511.0	0.95839634	0.688350248257
10317.000015295	439.163934426	4.77077061576	326.0	0.88646662	0.571436813803
10317.000006795	815.584415584	6.26641878365	536.0	0.96111416	0.691193154182
10317.000002141	486.3125	5.03113067762	330.0	0.9095711	0.601355117432
10317.000006017	489.2	4.89477770551	332.0	0.8905535	0.584448317603
10317.000014451	438.267857143	5.3446333112	337.0	0.93471368	0.636523148401
10317.000013984	632.766666667	6.09811485356	410.0	0.9705489	0.702589876772
10317.000015587	462.382978723	4.88940961034	313.0	0.89452256	0.589794752052
10317.000003508	502.304347826	6.09621738044	417.0	0.95611148	0.700400381163
10317.000036114	445.282608696	5.20535516758	322.0	0.932875	0.624823803158
10317.000010712	537.373493976	6.36794911558	444.0	0.9731547	0.72409006037
10317.000013986	636.818181818	5.97882226406	417.0	0.96028044	0.686912741347
10317.000014259	664.229508197	5.77465959357	437.0	0.94797248	0.658344242862
10317.000006899	712.961538462	6.54244728858	511.0	0.9766654	0.727166475054
10317.000003879	384.815384615	5.42864478228	319.0	0.94823522	0.652684318353
10317.000003287	617.703703704	6.81504157183	501.0	0.98049482	0.759872312014
10317.000013952	537.75	5.95830690258	381.0	0.96202972	0.694955923923
10317.000010169	302.837209302	3.91897112366	233.0	0.8466617	0.498331429544
10317.000001805	492.513513514	6.1989880585	407.0	0.96829536	0.715084819992
10317.000005009	547.111111111	5.85923448437	387.0	0.95819992	0.681608323057
10317.000033803	596.8	5.53564495571	355.0	0.944659	0.653429789932
10317.000014237	620.625	5.94263180032	429.0	0.95237494	0.679559144376
10317.000017185	843.043478261	6.42989831595	540.0	0.97191012	0.708387016041
10317.000035361	385.538461538	5.48913894878	294.0	0.94998248	0.669433938082
10317.000044399	584.56097561	5.46436575676	354.0	0.92938914	0.645325969005
10317.000005987	568.313432836	6.21206762135	421.0	0.97186034	0.712582954434
10317.000003922	677.545454545	6.12769150061	465.0	0.96847064	0.691528202535
10317.000015542	415.434782609	4.86719348671	299.0	0.9117224	0.591827881307
10317.000017114	387.64	5.00323553757	231.0	0.94529288	0.637212869538
10317.000014222	400.090909091	5.35657558274	276.0	0.9496541	0.660610399746
10317.000001882	635.015384615	6.40207891941	481.0	0.96310468	0.718535998044
10317.000012004	728.961538462	6.44810335078	527.0	0.96519836	0.713154880386
10317.000001732	547.717647059	6.35925711238	458.0	0.96644754	0.719437775712
10317.000001151	546.044776119	6.05643880685	417.0	0.96803728	0.695830181911
10317.000002262	534.0	6.37134732989	450.0	0.96610324	0.722884672499
10317.000027295	684.0	6.0475984401	481.0	0.96225262	0.678750955061
10317.000029188	759.5	5.8467854968	470.0	0.95023686	0.65868014808
10317.000014392	580.661290323	5.50378635322	398.0	0.94822292	0.63726126757
10317.000002512	507.038461538	5.34158163505	358.0	0.93049602	0.629620182155
10317.000012242	605.214285714	6.11181169502	454.0	0.96366212	0.692435067209
10317.000031519	571.6	5.72801907218	377.0	0.9542239	0.669284586968
10317.000015329	615.478873239	6.28910794866	443.0	0.96951164	0.715389764516
10317.000014318	586.681818182	6.31498926196	435.0	0.97383552	0.720488508769
10317.000013609	543.769230769	4.64792358204	343.0	0.88422874	0.551874595017
10317.000014317	609.2	5.50123023089	395.0	0.92843718	0.637771379834
10317.000029154	509.016129032	5.80108517531	388.0	0.94795996	0.674551624157
10317.000009529	392.326086957	5.04215208281	289.0	0.93011938	0.616782620252
10317.000011955	660.065217391	5.49673607584	387.0	0.9451065	0.639438661985
10317.000003266	397.75	5.34147983598	334.0	0.92475676	0.637126459813
10317.000016405	595.553846154	6.35101863015	419.0	0.97604462	0.729096516894
10317.000010984	604.0	6.08422064526	417.0	0.9692318	0.699022064517
10317.000010843	547.318181818	6.09203178313	428.0	0.9641284	0.69691183329
10317.000008955	431.5	5.7848844446	319.0	0.96654898	0.695514905083
10317.000027648	443.0	4.66881091997	326.0	0.87065922	0.559224211607
10317.000014357	539.872727273	5.39213423016	368.0	0.92577724	0.632615127098
10317.000017093	462.178571429	4.96972781423	341.0	0.90216208	0.590675967151
10317.000014379	577.181818182	5.95164728644	449.0	0.9505251	0.675512047706
10317.000005915	466.916666667	4.4945564936	288.0	0.86157588	0.550134363878
10317.000001363	465.0	5.12100236922	360.0	0.86854568	0.603048864733
10317.000013604	461.1	2.58069756664	211.0	0.55091968	0.334239659868
10317.000014095	482.0	5.43759850734	363.0	0.93499064	0.639429672582
10317.000012275	575.833333333	5.77843909612	395.0	0.9588806	0.66990889691
10317.000011389	607.486486486	6.19518619283	442.0	0.96679284	0.70496755636
10317.000002205	332.786885246	3.93204448819	277.0	0.80727726	0.484615410217
10317.000011155	581.962264151	5.63741506046	401.0	0.93505442	0.651915832658
10317.000006929	417.3125	5.26219396416	332.0	0.93441876	0.628318709099
10317.000013648	494.6875	4.98825561436	320.0	0.90408334	0.599411044831
10317.000012155	731.0	6.9148381965	550.0	0.98304672	0.759597888371
10317.000006654	535.12244898	6.29416613176	399.0	0.97183996	0.728470798943
10317.000002071	520.0	5.44029308276	406.0	0.92889698	0.627822525838
10317.000004159	408.0625	5.05720100214	317.0	0.8928995	0.608689773466
10317.000002568	316.222222222	4.80584902691	246.0	0.90526836	0.605079036832
10317.000008957A	708.278688525	6.45142113668	470.0	0.97237178	0.72679646482
10317.000002749	763.157894737	6.29484693392	471.0	0.96646112	0.708912429442
10317.000017661	589.051724138	6.21720770256	414.0	0.972336	0.715156959797
10317.000002201	214.127659574	3.67722764319	187.0	0.81980326	0.487250439599
10317.000001939	481.666666667	4.90405762607	323.0	0.88023832	0.588341687358
10317.000009447	468.130434783	5.17432710937	333.0	0.92493902	0.617507275922
10317.000029245	688.53271028	6.24920230675	526.0	0.96973142	0.691366115147
10317.000014958	517.762711864	5.9294372931	380.0	0.95868344	0.691894655417
10317.000015364	705.163934426	5.90742676155	444.0	0.95672898	0.671724745716
10317.000016484	621.018867925	5.40396302947	387.0	0.94132644	0.628646316887
10317.000010908	558.725806452	5.95900647763	415.0	0.94690408	0.685182100503
10317.000001524	507.413333333	5.33916196031	409.0	0.92593268	0.615397464515
10317.000014949	442.118644068	5.28884087771	346.0	0.93372824	0.627039003377
10317.000015933	581.820895522	6.20647744673	426.0	0.9695084	0.710553380316
10317.000014012	670.158730159	5.76680898797	434.0	0.95435352	0.658194974266
10317.000004774	541.307692308	5.50727475919	385.0	0.92952872	0.6412222309
10317.000008954B	542.725806452	5.75468722463	399.0	0.943343	0.666032880677
10317.000016703	722.225806452	6.29968052864	471.0	0.97055976	0.70945677872
10317.000003365	372.525	5.03200617001	279.0	0.9164148	0.619390821095
10317.000017216	727.338235294	6.88306708277	506.0	0.98361386	0.766233107653
10317.000004163	472.016666667	5.33590179105	355.0	0.93871608	0.629852025251
10317.000013697	625.818181818	5.43689179473	406.0	0.92081242	0.627430009256
10317.000017161	524.4	4.69109982166	327.0	0.89749634	0.561596715544
10317.000001072	483.789473684	5.10579344292	350.0	0.91616308	0.60414931959
10317.000011956	716.472727273	5.44337295943	417.0	0.94076608	0.625394446699
10317.000007641	469.763888889	6.02921458795	391.0	0.96389504	0.700173873594
10317.000017079	355.651162791	4.62506603259	254.0	0.92072476	0.578952132164
10317.000009193	398.42	4.95688611112	311.0	0.89242382	0.598602020116
10317.000012984	607.114285714	6.09289722418	441.0	0.96590944	0.693585713157
10317.000015581	504.333333333	5.15900245385	348.0	0.93198928	0.611043110307
10317.000014802	476.444444444	5.55813160434	365.0	0.94985044	0.652994962427
10317.000017353	743.947368421	6.62697269612	520.0	0.97656712	0.734504825502
10317.000001059	405.063829787	5.20470462992	316.0	0.9365798	0.626787337932
10317.000017088	554.318181818	5.64146886853	409.0	0.94809616	0.650241679057
10317.000004602	465.222222222	5.48882124222	317.0	0.94876902	0.660640017495
10317.000014399	466.283018868	5.51188498686	349.0	0.9464889	0.652519318119
10317.000005008	558.428571429	5.67306828067	395.0	0.94019406	0.657692994731
10317.000010104	645.444444444	6.40311900476	456.0	0.971325	0.724917778268
10317.000010565	628.411764706	5.53722953248	379.0	0.93459188	0.646415433268
10317.000027194	398.057692308	4.955938178	314.0	0.91860836	0.597488218935
10317.000015224	616.216666667	6.70625136489	447.0	0.97726992	0.761716442969
10317.000013933	530.894736842	5.7900784703	343.0	0.9580104	0.687489188347
10317.000018033	576.873015873	5.38159721121	380.0	0.93290912	0.627968247911
10317.000006084	403.5	5.4568732507	286.0	0.9550744	0.668745011469
10317.000002059	670.054545455	6.21754213882	430.0	0.96952818	0.710723031113
10317.000003047	426.188679245	5.18080234304	329.0	0.92594672	0.619569143638
10317.000008982	386.222222222	5.54372414538	305.0	0.95098958	0.67174953241
10317.000010765	494.098360656	5.2517696646	365.0	0.89572836	0.617002147292
10317.000012072	545.078431373	5.15501491204	346.0	0.91744732	0.611172747976
10317.000017183	507.549295775	5.90932604513	420.0	0.94702488	0.678122510222
10317.000012228	591.451612903	6.2158994546	416.0	0.9708659	0.714435092474
10317.000011224	649.322033898	5.38719224806	420.0	0.89805208	0.618205240734
10317.000026111	383.06122449	4.4567851481	280.0	0.88676256	0.548238404151
10317.000006637	644.075949367	6.38664716891	493.0	0.97013044	0.713955314652
10317.000012113	325.157894737	4.29398908475	264.0	0.86636222	0.533786512824
10317.000013079	589.678571429	5.51557946806	371.0	0.94893062	0.646209902397
10317.000004162	436.953125	5.86850964814	350.0	0.96442714	0.694398657244
10317.000012906	617.84375	5.29399248026	409.0	0.9402576	0.610191182385
10317.000012976	607.6875	6.11141842613	426.0	0.96774006	0.699670474675
10317.000009533	275.24137931	3.86667892665	199.0	0.81852224	0.506333507117
10317.000014309	462.230769231	5.71271187679	370.0	0.94260672	0.669611586731
10317.000002371	570.873015873	5.85096536456	423.0	0.94894644	0.670635116531
10317.000002329	639.5	5.9715087268	469.0	0.93351484	0.672964031901
10317.000010761	622.603448276	6.09788252882	450.0	0.95146496	0.691857716516
10317.000009129	636.56	5.99179236509	404.0	0.95802322	0.692035806359
10317.000014323	643.283018868	5.71397049471	421.0	0.94402552	0.655446499435
10317.000006894	588.0	5.90096441716	433.0	0.95339854	0.673762733889
10317.000014241	349.117647059	4.88664605933	284.0	0.91359462	0.599607078314
10317.000001685	392.685185185	5.00491246035	310.0	0.92169702	0.604741085956
10317.000011302	612.0	5.29130144116	393.0	0.9126212	0.613955066151
10317.000012231	404.731707317	5.27898075117	284.0	0.9455327	0.647747798031
10317.000001579	554.323076923	5.76675830508	411.0	0.95311196	0.664143948208
10317.000017662	708.933333333	6.1617110803	482.0	0.96492868	0.691325881861
10317.000003432	432.8125	4.76261316223	275.0	0.8754636	0.587738369268
10317.000011116	774.22972973	6.50049438842	508.0	0.97560412	0.723186385433
10317.000006841	605.051724138	6.23604095529	430.0	0.96569238	0.712837618295
10317.000013563	668.5	5.34574414859	433.0	0.87148052	0.610368566493
10317.000017217	804.75	6.80043654493	518.0	0.98144448	0.754195534379
10317.000006728	329.153846154	4.44205370013	258.0	0.87235194	0.554478553473
10317.000013286	552.75862069	5.42217953733	385.0	0.93441844	0.63131443614
10317.000022964	651.015873016	5.61117411732	423.0	0.94907312	0.643150347605
10317.000002466	562.846153846	5.52272223476	411.0	0.91882576	0.636038889756
10317.000017644	583.092307692	5.83226616062	418.0	0.95569946	0.669808844697
10317.000017173	549.220338983	5.60543905249	389.0	0.94348524	0.651520513295
10317.000013332	701.225806452	6.95972554611	561.0	0.97758062	0.762136942807
10317.000002173	301.632653061	4.74416680781	245.0	0.91050894	0.597755226365
10317.000011329	522.098360656	5.83379961768	393.0	0.95715396	0.676901679108
10317.000007039	468.949152542	6.18304827409	398.0	0.9634279	0.715910271171
10317.000002886	564.0	5.91613306512	425.0	0.96054122	0.67757609636
10317.000009126	499.101694915	5.26782791608	374.0	0.91376174	0.616344093261
10317.000022636	444.053571429	5.00898292053	327.0	0.91127498	0.599652205949
10317.000014233	573.0	6.58777808328	438.0	0.97794702	0.750762159643
10317.000023088	669.275862069	5.96937565384	436.0	0.96168652	0.680799517064
10317.000004974	569.046153846	6.24383930239	434.0	0.96605878	0.712640848263
10317.000002414	233.166666667	3.80681067529	169.0	0.84706676	0.514372745572
10317.000006027	537.368421053	5.75749240831	397.0	0.95371402	0.666917133258
10317.000017098	611.625	6.27215549759	448.0	0.97202816	0.712149737702
10317.000014559	519.8	5.28661014369	342.0	0.93742236	0.628023612239
10317.000016313	621.161290323	5.67206995732	338.0	0.9494552	0.675175736105
10317.000022899	547.928571429	6.02538448956	445.0	0.95716274	0.68488478124
10317.000003837	647.692307692	5.49979292698	400.0	0.94192028	0.636266130096
10317.000010285	449.5	4.8491938485	277.0	0.93499318	0.597651952608
10317.000005848	460.803571429	4.70136590345	329.0	0.86768826	0.562233618243
10317.000005907	533.3	5.69555942603	387.0	0.9461085	0.662567903641
10317.000014132	873.142857143	6.20903052554	529.0	0.95251834	0.686298826661
10317.000003382	679.285714286	6.23199064489	486.0	0.96226554	0.698276926532
10317.000003221	312.357142857	4.43717893863	239.0	0.8617783	0.561606599183
10317.000014607	414.325	3.93206674388	283.0	0.7869258	0.482778604902
10317.000017125	732.092783505	6.89254493993	584.0	0.97668398	0.750019208285
10317.000013826	769.4	5.17544068566	429.0	0.8968536	0.59182836196
10317.000004872	396.818181818	5.41769618015	291.0	0.94247714	0.661915539721
10317.000014293	498.810344828	5.58572082655	352.0	0.95611824	0.660295050348
10317.000016721	602.015873016	6.64271685928	427.0	0.98139446	0.760202188523
10317.000016763	592.3	6.23213237254	411.0	0.96857722	0.717739981579
10317.000012173	448.025	5.26974143476	287.0	0.94669804	0.645413534053
10317.000012951	540.147058824	5.82242094196	413.0	0.94547574	0.670014073779
10317.000004705	607.038961039	5.39828985413	448.0	0.88115922	0.612929750407
10317.000007651	391.608695652	4.16627028383	266.0	0.86908636	0.517209708932
10317.000001827	555.467741935	5.21916673694	394.0	0.89747044	0.605327693017
10317.000014666	693.28	6.48405191927	504.0	0.969248	0.722273558865
10317.000017146	446.93220339	4.99911475127	349.0	0.8973096	0.591815496236
10317.000004161	486.185185185	5.91797959267	369.0	0.9610228	0.693989510434
10317.000023299	497.12	5.04655753874	332.0	0.9264209	0.602571197439
10317.000013733	503.571428571	5.68045173901	394.0	0.94225858	0.658828299569
10317.000012034	384.676470588	4.80801177546	242.0	0.93039014	0.607159339844
10317.000014391	671.181818182	6.46597200921	489.0	0.97210266	0.723773886845
10317.000014646	538.246575342	5.52457360525	418.0	0.93290498	0.634471775133
10317.000001793	525.358974359	5.90259021379	426.0	0.95210268	0.675762614949
10317.000013214	421.477272727	4.73595589812	295.0	0.89740532	0.577233814523
10317.000023154	598.117647059	5.51493399432	379.0	0.94431294	0.643812655133
10317.000009222	490.142857143	5.85987301525	361.0	0.96355774	0.689733169493
10317.000027198	422.833333333	4.56853526857	274.0	0.88909872	0.564153762515
10317.000007734	565.859375	5.97621548074	416.0	0.96198888	0.686886602786
10317.000006818	257.6	3.75940175134	200.0	0.7884012	0.491820052341
10317.000026639	748.683544304	6.12262623828	519.0	0.95170728	0.678814197083
10317.000005041	348.068181818	4.80022539316	265.0	0.92660482	0.59631250994
10317.000013312	437.447368421	5.50931381602	371.0	0.93383138	0.645475813366
10317.000001285	666.643835616	6.07637735551	488.0	0.94659328	0.680389213773
10317.000017215	766.0	6.76025609838	499.0	0.98216592	0.754249083594
10317.000016698	672.863013699	6.60017100557	492.0	0.97663476	0.738066569714
10317.000014979	604.058823529	6.07252690999	416.0	0.96801042	0.697956322521
10317.000014538	459.0	4.30406067395	327.0	0.82525212	0.515262183686
10317.000004278	353.666666667	4.28699689855	254.0	0.84626892	0.536633634527
10317.000009556	459.466666667	5.67887866037	345.0	0.95169888	0.673614924652
10317.000022663	685.344262295	5.86261652722	430.0	0.95086978	0.670151724821
10317.000001141	440.637931034	5.40209733325	357.0	0.9371465	0.637056287433
10317.000002359	450.386363636	5.53727916166	331.0	0.95071344	0.661508295861
10317.000014236	463.893617021	5.61866506474	334.0	0.94785038	0.670188841201
10317.000001799	405.842105263	5.02389966853	319.0	0.89466516	0.604021935886
10317.000023213	537.788461538	5.59616347206	356.0	0.94817644	0.660257134989
10317.000013652	596.438356164	5.81598446654	420.0	0.95265278	0.667411132122
10317.000010205	513.108695652	5.37501013625	328.0	0.93557362	0.643132119702
10317.000005989	575.785714286	5.88493852531	414.0	0.96344368	0.67693648752
10317.000011072	440.869565217	3.8788947123	208.0	0.88211856	0.503723794261
10317.000013178	349.794117647	3.62049419075	232.0	0.70556294	0.460741021516
10317.000003423	338.2	4.34262714505	275.0	0.82636876	0.535909281235
10317.000013306	624.482142857	5.59395725983	403.0	0.9402133	0.646353843349
10317.000002489	444.054545455	5.67423101798	329.0	0.96496456	0.678577992332
10317.000004759	419.666666667	3.96312748176	268.0	0.84529428	0.491331968713
10317.000002687	452.238095238	4.86259755991	337.0	0.88007532	0.579114735852
10317.000004158	483.130434783	5.25633370966	369.0	0.92506442	0.61639963449
10317.000004157	532.840909091	5.28035407621	351.0	0.92466588	0.6245002634
10317.000001321	488.552238806	5.88783037219	389.0	0.95752528	0.684342873122
10317.000003022	490.238095238	6.0136741717	388.0	0.9658768	0.699271525428
10317.000003757	425.684210526	5.67925708882	349.0	0.95575492	0.672333506932
10317.000002087	507.016666667	5.51629696793	390.0	0.92917382	0.640883615111
10317.000009214	542.282608696	4.89953103233	360.0	0.88268972	0.576968416287
10317.000013829	529.158730159	5.44725895063	394.0	0.92544836	0.631782209698
10317.000016757	499.5625	5.7006678934	388.0	0.94595268	0.662875077691
10317.000014593	506.835820896	6.08049581637	409.0	0.95901274	0.700844390225
10317.000006047	467.737704918	5.42063603351	364.0	0.93472784	0.637137620588
10317.000010098	589.114285714	5.49164134799	423.0	0.92221258	0.629449553344
10317.000009117	497.25862069	5.94629465062	370.0	0.9625513	0.696990830634
10317.000026135	604.3	6.07604987952	436.0	0.96594152	0.69296557354
10317.000009624	531.142857143	5.84603506543	386.0	0.95958512	0.680368262545
10317.000009075	531.0	5.77607133421	377.0	0.96127692	0.674899204856
10317.000001765	558.147058824	6.29646580341	431.0	0.97430992	0.719469131492
10317.000016353	668.962962963	5.80845915831	481.0	0.94511966	0.651911207429
10317.000008949A	655.825	6.00764875421	402.0	0.95975764	0.694441435408
10317.000005571	300.37037037	3.33984909911	192.0	0.71486184	0.440325064071
10317.000006626	470.04	5.54802137004	378.0	0.9483765	0.64796359355
10317.000014608	567.348837209	5.13387282782	357.0	0.89978602	0.605425219519
10317.000015264	552.051724138	5.38415563679	377.0	0.93273378	0.629106212136
10317.000007732	420.137931034	5.27508717581	326.0	0.93746768	0.631843207536
10317.000027644	554.015625	5.71692396858	423.0	0.92660704	0.655271349765
10317.000007697	584.345679012	6.30073971901	459.0	0.96878064	0.712563908272
10317.000004881	395.56097561	5.11838930779	282.0	0.92775042	0.628829414078
10317.000004642	342.666666667	3.17031640578	224.0	0.75291556	0.406067924083
10317.000001353	470.833333333	5.6903428301	380.0	0.95150386	0.663995181502
10317.000028759	427.022222222	5.28834908123	301.0	0.94289008	0.642287267186
10317.000004631	500.703703704	6.30954135739	432.0	0.96771584	0.720687885005
10317.000009433	352.0	4.98895082831	269.0	0.92720844	0.61809751495
10317.000009061	543.012195122	6.38237375164	453.0	0.96649664	0.723348986617
10317.000013995	712.714285714	6.41860920641	480.0	0.97476252	0.720634113276
10317.000015155	489.015625	5.58082837268	364.0	0.9537247	0.655966511734
10317.000022965	692.246153846	6.11635528238	479.0	0.96021904	0.686931316963
10317.000016701	647.12345679	6.52023619656	494.0	0.97428148	0.728650940201
10317.000022638	444.875	4.49182059387	281.0	0.87341432	0.552198817353
10317.000013972	539.064516129	5.8180815353	391.0	0.95644764	0.675654950746
10317.000017163	555.013513514	5.48111032539	410.0	0.94153714	0.631502147888
10317.000001026	612.833333333	6.50428461637	459.0	0.97279192	0.735583228866
10317.000010919	506.458333333	5.08820141699	390.0	0.88572384	0.591147455892
10317.000014311	523.571428571	5.42526710671	380.0	0.94147762	0.633064004186
10317.000005039	492.916666667	5.11643804128	314.0	0.92453086	0.616838092563
10317.000004249	569.769230769	5.56777721038	369.0	0.94810352	0.652921984595
10317.000017176	445.357142857	5.14556957055	300.0	0.92700352	0.625310845224
10317.000002258	549.06	5.15305160144	360.0	0.91620416	0.606822979977
10317.000013118	596.725806452	6.28873360591	426.0	0.97017174	0.719970540446
10317.000013431	747.763157895	6.64666300583	514.0	0.97832618	0.738056863188
10317.000014197	785.858974359	6.52332104472	523.0	0.97414824	0.72235206395
10317.000015541	446.285714286	4.60915652324	303.0	0.8902547	0.559148276196
10317.000022661	652.342465753	6.00718239726	467.0	0.95566204	0.677455008869
10317.000014258	596.202702703	6.35184514504	459.0	0.97186058	0.718343528401
10317.000014324	588.212765957	5.30688884226	363.0	0.93686422	0.624058983071
10317.000002369	543.666666667	4.01286657827	353.0	0.76144568	0.474136589119
10317.000002372	485.518518519	5.1621330713	362.0	0.88459044	0.607320784385
10317.000013056	662.272727273	5.88847913948	446.0	0.9570687	0.669076936045
10317.000013852	568.0	5.87141919123	421.0	0.96001922	0.673507355205
10317.000012017	638.970588235	5.9108945519	440.0	0.95447006	0.673118371726
10317.000021237	358.941176471	2.30739294933	222.0	0.4655594	0.296031542183
10317.000016489	443.468085106	4.26703559808	304.0	0.81648608	0.517346398974
10317.000012355	578.313432836	6.11541237032	431.0	0.96525826	0.698780961283
10317.000018409	622.283018868	5.63859918348	400.0	0.93900574	0.652324501899
10317.000004077	310.78125	4.60404052702	207.0	0.92526658	0.598433525975
10317.000004294	510.076923077	6.03493105154	417.0	0.96053918	0.693359134855
10317.000022993	738.3	6.3651222487	503.0	0.97091978	0.7092520838
10317.000008963	312.823529412	3.9820157395	229.0	0.8165172	0.507961758252
10317.000013372	447.142857143	4.84105790434	307.0	0.91783012	0.58593589095
10317.000016407	751.775510204	5.96244237578	423.0	0.9600485	0.683412563286
10317.000006657	449.175438596	5.64150473028	344.0	0.95380952	0.669514297795
10317.000005805	538.576923077	5.91889343428	436.0	0.95208276	0.675042085687
10317.000012988	304.1	3.83654368701	204.0	0.81783118	0.500043143597
10317.000011093	709.814814815	6.69501917753	524.0	0.97803062	0.741138677597
10317.000004979	511.956521739	5.61183500632	396.0	0.92764846	0.650319050816
10317.000014188	486.368421053	5.62590038797	359.0	0.93641622	0.662818852093
10317.000011223	815.345679012	6.77362034394	577.0	0.97622784	0.738476301672
10317.000013608	406.818181818	5.09225405714	301.0	0.91572516	0.618470886082
10317.000009594	496.344262295	4.9333914926	361.0	0.89825528	0.580682165242
10317.000022994	725.91	6.6469379372	552.0	0.97922876	0.729749145291
10317.000002494	387.818181818	4.45629860088	282.0	0.8285342	0.547487006095
10317.000005887	415.220338983	5.104535119	333.0	0.91738412	0.609178258266
10317.000028817	667.8	5.98772723087	426.0	0.95600356	0.685509592329
10317.000027879	708.923076923	5.95951295445	472.0	0.9477279	0.670916631607
10317.000002325	595.25	4.61049316506	404.0	0.8663368	0.532499486094
10317.000026127	549.217391304	5.64745363628	400.0	0.9519212	0.653348865633
10317.000031851	675.428571429	5.65871021904	435.0	0.93451612	0.645612449705
10317.000036428	478.833333333	5.52204115693	351.0	0.94473822	0.653084264281
10317.000026648	353.636363636	4.58427184461	253.0	0.8552363	0.574254733105
10317.000027761	895.372881356	6.65919196512	534.0	0.97586132	0.734953696198
10317.000030744	469.685185185	5.38506655317	333.0	0.93790236	0.642657046534
10317.000021239	423.775	5.07348998191	282.0	0.93872838	0.623313222345
10317.000036165	605.661290323	6.0818836602	423.0	0.96685292	0.697102871586
10317.000027762	348.2	4.63410863845	232.0	0.88545208	0.58973273686
10317.000023342	673.418181818	5.34059713241	387.0	0.93333684	0.621274923415
10317.000029227	578.62	5.54928697288	364.0	0.95136132	0.65225915852
10317.000030751	395.85	4.56057477463	310.0	0.86832922	0.551051984154
10317.000026658	663.142857143	6.25158797915	436.0	0.97098308	0.71298546513
10317.000036106	397.433333333	3.93933902486	239.0	0.8520026	0.498595802283
10317.000030756	455.8125	4.32736659424	312.0	0.84664646	0.522288053124
10317.000038402	507.633802817	5.61707116538	384.0	0.95528528	0.654291869639
10317.000033785	829.213333333	6.49204653356	531.0	0.97232488	0.71714970792
10317.000028955	868.164556962	6.58857976084	566.0	0.97373806	0.720483979377
10317.000035491	659.28	6.08694996994	470.0	0.95639274	0.685736309251
10317.000036399	356.571428571	4.10689728386	248.0	0.87644352	0.516318320997
10317.000002326	723.454545455	5.1087512394	338.0	0.91225298	0.608121004253
10317.000036934	365.8	4.45972614819	230.0	0.89503948	0.568444561045
10317.000036101	570.388888889	5.70088085015	385.0	0.95040504	0.663764147727
10317.000043083	703.5	4.90575257508	441.0	0.8710732	0.558446954407
10317.000036085	665.081081081	4.8850479708	359.0	0.89520968	0.57553487711
10317.000036124	407.318181818	3.44936810613	276.0	0.67990288	0.425400222262
10317.000033728	474.714285714	5.032286266	367.0	0.89687892	0.590669145566
10317.000036081	440.057692308	5.52867678508	331.0	0.94048234	0.66048061723
10317.000037612	457.848484848	4.53321147135	286.0	0.86771892	0.555549381142
10317.000028718	488.333333333	5.03631207404	302.0	0.93265216	0.611321273159
10317.000030771	375.043478261	3.60013259964	197.0	0.80784494	0.472331162909
10317.000034241	553.411764706	5.88905878647	389.0	0.95989322	0.684485651786
10317.000009144	364.0	4.40205944661	210.0	0.88921404	0.570640309092
10317.000004765	458.181818182	5.91937954272	357.0	0.96453858	0.698058128679
10317.000006675	666.863013699	6.64525497673	486.0	0.97735162	0.744582026127
10317.000031829	457.161290323	3.81519229708	242.0	0.76488084	0.48178535009
10317.000033666	423.169491525	4.97409982677	314.0	0.92313538	0.599677788455
10317.000031926	1019.62162162	5.70896842814	488.0	0.96529722	0.639249393679
10317.000027821	461.872340426	5.14487765566	315.0	0.92628776	0.619923930604
10317.000013063	459.0	4.89814959947	314.0	0.90454386	0.590521224268
10317.000014234	413.25	4.80710274255	277.0	0.90876932	0.592464320922
10317.000022526	475.226415094	5.07924153386	329.0	0.93111396	0.607423545446
10317.000033713	531.038461538	3.75323040691	261.0	0.74144138	0.467522964085
10317.000014018	570.6	5.81006676752	386.0	0.95874912	0.6761822308
10317.000010207	467.859375	5.54704941863	360.0	0.95001642	0.653220134134
10317.000006777	357.223880597	5.34429777757	318.0	0.93917914	0.642893422934
10317.000014678	427.2	2.24617940088	220.0	0.57807152	0.288661555766
10317.000002711	260.0	3.40415450935	191.0	0.73384986	0.449249288459
10317.000013755	423.9	4.83213107739	290.0	0.91043302	0.590731635793
10317.000016381	383.0	3.96629294864	242.0	0.82190028	0.500866453908
10317.000001221	427.888888889	5.5303855398	357.0	0.9344463	0.652185005696
10317.000009497	495.5	4.38760332492	277.0	0.8888041	0.540761985669
10317.000002161	504.454545455	5.44261431511	352.0	0.95212206	0.64337825051
10317.000023343	278.137931034	4.15504934822	190.0	0.89499572	0.548894135266
10317.000036151	616.5	6.04378802564	424.0	0.96392676	0.692465983977
10317.000038424	685.0	5.66540727442	418.0	0.93880062	0.650645871898
10317.000036191	524.737704918	5.55327006563	383.0	0.94630524	0.647143719881
10317.000005799	196.0	1.81402564578	112.0	0.42271794	0.266480250633
10317.000016723	477.87755102	5.59354783956	337.0	0.95055744	0.666167812506
10317.000004927	270.717948718	3.49141167091	207.0	0.80222644	0.453813945509
10317.000016717	549.352941176	6.04583771828	372.0	0.96796146	0.708013265945
10317.000002382	586.239130435	6.28195084917	468.0	0.96811174	0.708195327673
10317.000001575	442.794520548	5.39901066358	368.0	0.9253617	0.633421882943
10317.000012154	430.528301887	4.99112235695	309.0	0.92718354	0.603414697027
10317.000006034	622.0	5.65533079323	400.0	0.95030584	0.654260166882
10317.000001782	646.088235294	5.77768995048	466.0	0.94473886	0.651801514115
10317.000014556	402.529411765	3.70748015409	245.0	0.79587738	0.4671348476
10317.000010979	479.886792453	4.87053431018	336.0	0.90342108	0.580356302653
10317.000005228	167.352941176	0.920659619965	101.0	0.20370348	0.138274313207
10317.000002067	382.153846154	4.54682811771	284.0	0.87094588	0.557910331577
10317.000012156	652.887323944	6.00849286839	460.0	0.96264168	0.679271903963
10317.000008991	394.021276596	5.21767699288	303.0	0.93802108	0.63296941243
10317.000001405	353.486486486	4.98381291567	257.0	0.93482616	0.622538926857
10317.000010776	483.344827586	6.42353629737	398.0	0.97284722	0.743755411354
10317.000013965	540.45	5.24980196079	321.0	0.93655924	0.630498579122
10317.000003281	236.0	4.56648890016	194.0	0.9175772	0.600860693403
10317.000002272	494.779661017	4.69771784843	346.0	0.89196266	0.556956124402
10317.000002126	395.684210526	4.8667195295	319.0	0.90124758	0.585124215366
10317.000012202	442.654545455	4.82809757743	304.0	0.92491172	0.585371000116
10317.000001794	436.571428571	4.97862791321	328.0	0.9031556	0.5957040902
10317.000002276	489.238095238	5.19321483026	387.0	0.87480696	0.604129850268
10317.000009198	474.170731707	5.19066724582	341.0	0.90498914	0.616935677404
10317.000014594	410.333333333	3.76095234096	227.0	0.75372722	0.48053779352
10317.000016737	683.296296296	6.08257717823	491.0	0.95826566	0.680409785786
10317.000015605	521.448979592	5.51915020896	345.0	0.9507583	0.654668320015
10317.000009219	548.962264151	4.83095858644	368.0	0.86639006	0.566776966173
10317.000007005	247.736842105	3.51291552098	193.0	0.76884762	0.462684938978
10317.000006703	302.777777778	2.95592103638	215.0	0.67673418	0.381498123983
10317.000017746	311.23255814	4.91861651563	234.0	0.93088964	0.624954076574
10317.000026105	280.689655172	4.23187884948	195.0	0.89127738	0.556289614745
10317.000001301	296.076923077	3.31093580561	223.0	0.69253026	0.424429982192
10317.000009097	357.363636364	4.00928754333	244.0	0.7979372	0.505537804706
10317.000016414	400.947368421	4.54337606626	260.0	0.9047651	0.566338538964
10317.000003732	359.15	5.21246021352	286.0	0.93524396	0.638791961097
10317.000013814	322.5	4.11855006721	225.0	0.8773974	0.527087970142
10317.000018426	305.736842105	5.01790458528	251.0	0.92895054	0.62947715851
10317.000002132	510.655172414	4.96703964505	423.0	0.85259298	0.569319933313
10317.000003225	247.813953488	4.04638046632	212.0	0.85832198	0.523605346369
10317.000009392	286.541666667	2.74156973432	174.0	0.65477988	0.368344826996
10317.000009149	417.0	5.30292893211	316.0	0.93700556	0.63861620302
10317.000013912	273.2	4.00421135948	190.0	0.83567198	0.5289679971
10317.000007677	340.466666667	4.85381543889	263.0	0.92509038	0.603789569886
10317.000017208	395.42	5.33716454514	308.0	0.94651526	0.645615381366
10317.000013117	498.467741935	3.87931538973	346.0	0.70926848	0.459927252872
10317.000005026	258.052631579	3.788310769	168.0	0.8485129	0.512465922706
10317.000009033	364.394736842	5.61450363613	277.0	0.95171734	0.691974618028
10317.000013524	674.185714286	6.27328412789	497.0	0.9637838	0.700369840466
10317.000002274	219.0	3.84778412016	174.0	0.83557184	0.516970755226
10317.000008999	333.25	3.13339658445	222.0	0.67327436	0.402005312287
10317.000016761	485.818181818	5.13672760017	356.0	0.91788478	0.606051103661
10317.000004025	145.565217391	2.96401986118	115.0	0.76619166	0.432988703383
10317.000001128	360.090909091	5.45092669474	302.0	0.94079086	0.661648324792
10317.000003559	492.482758621	5.62319834444	361.0	0.95712394	0.661875505955
10317.000017117	184.454545455	2.99068171248	131.0	0.71475064	0.42520998834
10317.000014561	560.275862069	6.02166471772	402.0	0.95509232	0.696061581029
10317.000002056	450.0	6.0733639092	360.0	0.9640959	0.715198890078
10317.000002243	380.583333333	4.87870045691	269.0	0.90456132	0.604438234085
10317.000003189	413.967213115	4.85954215464	321.0	0.89737306	0.583628572386
10317.000016315	355.135135135	3.21261011179	242.0	0.66890972	0.405690818938
10317.000011315	506.1	5.60961083651	362.0	0.9502018	0.659966181862
10317.000013913	325.111111111	3.44028730401	211.0	0.75477186	0.445569629391
10317.000013498	367.384615385	4.06002275871	248.0	0.8672565	0.51042526489
10317.000002589	463.459016393	5.57855314751	356.0	0.95865008	0.658179400396
10317.000004086	614.661764706	6.58049289688	459.0	0.97466894	0.74420178361
10317.000013551	382.783783784	3.18597279663	249.0	0.67949756	0.400247741624
10317.000006766	397.881355932	5.63729645219	333.0	0.94904518	0.672758312758
10317.000011962	410.818181818	3.36287806377	267.0	0.72287548	0.41719450681
10317.000002199	250.285714286	4.10958764074	189.0	0.88144338	0.54343505672
10317.000010556	475.073170732	4.06397498972	298.0	0.78422576	0.494450865633
10317.000028914	511.875	4.71807366371	299.0	0.9139639	0.573695610802
10317.000038479	299.09375	4.66926357439	230.0	0.91179874	0.595152570977
10317.000042999	494.818181818	6.09718819101	365.0	0.97090896	0.71632581902
10317.000041554	685.714285714	6.27878723942	455.0	0.97171474	0.711096761224
10317.000037489	538.660377358	5.94747791464	378.0	0.96700468	0.694616856189
10317.000031493	347.637931034	5.24042855457	306.0	0.92471446	0.63463514787
10317.000039813	365.0	4.77046718646	272.0	0.88789138	0.589859549292
10317.000009455	370.8	5.09089852066	228.0	0.93872116	0.649938721398
10317.000023819	423.731707317	4.6714873153	288.0	0.8661884	0.571790722005
10317.000008950B	296.30952381	3.70636431712	232.0	0.784797	0.471668781003
10317.000001067	183.0	2.03491312015	108.0	0.63754208	0.301250482631
10317.000009526	293.725490196	5.38185500708	245.0	0.951907	0.678102623358
10317.000010876	271.0	5.07133190134	212.0	0.94031142	0.656235002826
10317.000001622	296.294117647	4.34530626677	219.0	0.89227718	0.558897141936
10317.000002271	394.1	3.47786526921	219.0	0.7823918	0.447326112285
10317.000002465	435.0	6.09081677689	372.0	0.96796714	0.713280653472
10317.000001747	316.75	4.32468717157	219.0	0.8703908	0.556245095643
10317.000002038	304.717948718	3.79411906237	211.0	0.83917616	0.491396233832
10317.000023378	393.0	4.59533062722	279.0	0.86452058	0.565640325992
10317.000010178	304.042553191	4.77584829222	257.0	0.89718362	0.596561612761
10317.000011259	338.125	3.76270350691	249.0	0.74798646	0.472701330857
10317.000005025	354.6	4.27801470448	235.0	0.87413074	0.543135339326
10317.000001225	158.047619048	2.37090620962	119.0	0.631283	0.343867857138
10317.000015394	335.047619048	3.54303311977	173.0	0.83752234	0.476558209945
10317.000042586	647.672413793	6.35642392952	455.0	0.9714778	0.71988941445
10317.000001208	281.5	4.1460954246	184.0	0.89817188	0.551081449028
