	chao1	shannon	observed_otus	simpson	equitability
10317.000002503	539.362068966	5.46036830757	374.0	0.93061262	0.638871619767
10317.000013618	707.528301887	6.56517297356	446.0	0.97889952	0.745966099855
10317.000031796	1007.12345679	6.52822756904	601.0	0.96781198	0.707190028409
10317.000026504	713.25	6.07698401958	437.0	0.96345374	0.692810957672
10317.000007104	753.42	5.82233715547	424.0	0.95761076	0.667093288233
10317.000007077	669.517857143	5.87440589619	413.0	0.96159848	0.675996233315
10317.000016408	843.666666667	6.43071931451	532.0	0.97227366	0.710162202042
10317.000005802	507.428571429	4.50948038842	286.0	0.88889324	0.552641114339
10317.000006952	427.512195122	5.8426652499	332.0	0.96566792	0.697628387042
10317.000013023	715.636363636	5.93615634725	393.0	0.96648508	0.688778234124
10317.000002645	464.833333333	4.7794682359	333.0	0.88814188	0.570384583024
10317.000002027	578.333333333	5.82607847116	408.0	0.95806514	0.671793442022
10317.000027353	1037.25	6.50665789736	598.0	0.95834058	0.705405108019
10317.000023798	770.5	6.05515351999	446.0	0.95262086	0.688015269899
10317.000041962	775.065217391	6.55215446678	550.0	0.97400728	0.7197569279
10317.000040352	529.25	4.29158376355	338.0	0.78016646	0.510849345726
10317.000028811	572.018518519	5.03178688164	384.0	0.91349152	0.586116349514
10317.000027772	906.696969697	7.01527160357	617.0	0.98112008	0.756842779952
10317.000027617	628.692307692	5.4996385115	418.0	0.93579268	0.631608094726
10317.000039952	153.789473684	4.43484208118	138.0	0.89895704	0.623876601698
10317.000026028	748.109090909	6.04639264804	442.0	0.96648072	0.688035922926
10317.000001441	532.936170213	5.13054723783	360.0	0.90118738	0.604172867763
10317.000016347	745.050847458	6.15094882654	472.0	0.95161676	0.692468310654
10317.000001595	603.381818182	6.27592888701	429.0	0.97013538	0.717672742974
10317.000002146	629.130434783	5.85970570569	416.0	0.95858296	0.673495351445
10317.000012158	827.785714286	6.62271421842	559.0	0.97326206	0.725641356979
10317.000014313	377.108108108	4.11158614961	246.0	0.85330402	0.517668069331
10317.000007749	378.073170732	5.56332016973	301.0	0.94274248	0.675683403914
10317.000017335	664.011111111	5.98712224322	481.0	0.9662686	0.671963421662
10317.000002578	537.328125	6.00586749636	396.0	0.96613828	0.695980912688
10317.000007719	475.781818182	5.01762537457	328.0	0.92678564	0.600370224654
10317.000006716	616.666666667	5.96917171181	434.0	0.95521418	0.681291651838
10317.000006802	457.369863014	5.72320403522	384.0	0.93932676	0.66665451768
10317.000002898	511.018518519	5.80036484629	381.0	0.95798932	0.676534118963
10317.000001647	550.985074627	5.77992082496	393.0	0.9531946	0.670650068211
10317.000002878	409.466666667	5.62364163708	341.0	0.92921712	0.668396758749
10317.000017667	601.753623188	5.94305071763	422.0	0.9630159	0.681456613328
10317.000009213	483.528301887	5.69019643836	362.0	0.95182048	0.669447012799
10317.000031434	598.684210526	5.23637677986	392.0	0.9204942	0.607841340523
10317.000027217	516.580645161	4.77576483599	375.0	0.83823874	0.558520203657
10317.000001546	546.630434783	6.36834513773	394.0	0.97611162	0.73861132722
10317.000009074	561.537313433	6.01472044416	410.0	0.96853148	0.692981650422
10317.000027277	666.04	5.51429968777	456.0	0.92605022	0.624291673385
10317.000001333	238.357142857	4.30751794707	173.0	0.9085026	0.579385789737
10317.000023984	685.38028169	5.81522532006	466.0	0.94813702	0.656036011108
10317.000028933	625.868421053	6.13573693097	450.0	0.96415484	0.696152627102
10317.000015568	674.042857143	6.08571691138	449.0	0.96619984	0.690728951954
10317.000006944	657.183908046	2.98551304101	442.0	0.5627608	0.339729875341
10317.000002028	642.288135593	5.58885832287	440.0	0.91234806	0.636445665045
10317.000003896	520.161290323	5.89985011152	387.0	0.95721438	0.686333163749
10317.000011025	699.181818182	6.26857384142	438.0	0.97207912	0.714384725104
10317.000017293	822.014492754	5.95823656294	507.0	0.95600552	0.663069371208
10317.000031284	384.275862069	3.67235684081	217.0	0.80445042	0.473147278274
10317.000020034	659.555555556	5.92560729878	478.0	0.95581484	0.665733734322
10317.000031847	758.1	5.47923510235	414.0	0.93739124	0.630268973674
10317.000013935	638.037037037	6.17170788019	481.0	0.9650604	0.692680352297
10317.000014019	732.0	6.28306888056	502.0	0.9678458	0.700333096838
10317.000023052	498.3125	5.40711714188	342.0	0.94096104	0.642339258417
10317.000015385	767.049180328	6.46032198347	485.0	0.97443052	0.724101901058
10317.000017354	786.333333333	6.66522990131	521.0	0.97516172	0.738518208534
10317.000023475	715.3	6.52282579204	480.0	0.97690584	0.732334783056
10317.000003475	580.418181818	5.91183588634	444.0	0.94453618	0.672226100764
10317.000017269	530.703703704	5.67932260613	414.0	0.9374771	0.653284767539
10317.000014801	633.217391304	5.61423031841	367.0	0.9530533	0.658975354321
10317.000009716	650.6875	6.59589127064	511.0	0.97696794	0.733106556851
10317.000013155	566.606382979	5.79606475247	454.0	0.94499114	0.656662653677
10317.000015604	564.226415094	5.65677040865	378.0	0.95195406	0.660664593266
10317.000009236	432.447368421	5.60692357143	366.0	0.9332381	0.658421935708
10317.000041289	760.2	5.59409804477	444.0	0.9391745	0.636096601501
10317.000030735	697.188405797	6.20096743731	474.0	0.9641905	0.697620266855
10317.000022541	721.2	5.19738661172	405.0	0.90231654	0.600036915406
10317.000034132	360.923076923	3.45028883614	234.0	0.77111018	0.438389955113
10317.000026633	743.781818182	5.84630761555	441.0	0.95365548	0.665515154395
10317.000028715	480.4	4.79540201206	262.0	0.90903808	0.596931346842
10317.000026126	425.676470588	4.42203358514	262.0	0.89272948	0.550454468075
10317.000033665	605.456521739	4.84140168987	346.0	0.89150428	0.573991118423
10317.000028755	757.323076923	6.1582400251	484.0	0.96200678	0.690473646839
10317.000016485	536.840909091	4.51221021525	322.0	0.8557231	0.541622282548
10317.000001001	470.0	4.56504268477	315.0	0.8717336	0.550057628952
10317.000002334	557.383561644	5.89915645516	426.0	0.95828624	0.675369498432
10317.000006797	373.471698113	4.75895795775	291.0	0.89700344	0.5814331628
10317.000013156	718.727272727	6.56761213573	488.0	0.97626742	0.735394165956
10317.000001529	581.308823529	6.13626859037	432.0	0.96784352	0.700896338057
10317.000002418b	791.918604651	6.43472619488	544.0	0.97097656	0.708088308837
10317.000005849	457.0	4.28772796934	287.0	0.83459472	0.525141071153
10317.000011341	529.580645161	5.71314526142	388.0	0.9573095	0.664325949142
10317.000013355	787.683544304	6.30971424867	523.0	0.9649553	0.698698573812
10317.000006794	553.358208955	5.3464461035	391.0	0.92342094	0.620883835473
10317.000028723	796.277777778	5.57389388122	446.0	0.94115218	0.633332266541
10317.000002774	471.872340426	4.56797342285	325.0	0.84747618	0.547436652925
10317.000001531	530.785714286	6.24860869427	411.0	0.96813398	0.719637520679
10317.000018027	691.405063291	6.4309610171	492.0	0.97526224	0.719144600018
10317.000001948	409.727272727	5.06338942692	288.0	0.92959096	0.619759597061
10317.000001032	410.880597015	5.55264392359	334.0	0.95464168	0.662313904436
10317.000016697	824.636363636	7.04862398759	580.0	0.98488632	0.767831567663
10317.000011162	623.52	4.0832175209	394.0	0.73920862	0.4735784018
10317.000005999	474.0	4.9995350163	357.0	0.91473378	0.589583085957
10317.000001362	622.096385542	6.57248436867	482.0	0.97682216	0.737413438082
10317.000010947	467.025	5.710713029	306.0	0.96222774	0.691588325242
10317.000002851	531.365384615	5.38726271452	360.0	0.93332812	0.634403663536
10317.000035452	603.0	6.49052989935	394.0	0.9753336	0.752782520363
10317.000005928	609.643564356	6.15054479194	493.0	0.95032402	0.687561724654
10317.000027807	925.761904762	6.36015007425	515.0	0.97036798	0.706022142271
10317.000031313	813.811111111	6.41867425522	551.0	0.96747372	0.704891142842
10317.000014458	504.909090909	5.44762170932	338.0	0.9454744	0.648458503736
10317.000016759	627.552238806	6.10152829948	454.0	0.95995094	0.691270014351
10317.000014308	611.838709677	6.05879677382	434.0	0.95730304	0.691521011871
10317.000010546	453.666666667	4.58194578431	316.0	0.88454806	0.551790313745
10317.000015305	778.741935484	6.72689477533	516.0	0.97603454	0.746501512464
10317.000014295	515.765957447	5.07769845107	329.0	0.91853174	0.607239009071
10317.000011055	756.71875	6.20455395247	505.0	0.95421726	0.690919545162
10317.000002818	456.381818182	3.7938346378	333.0	0.69506888	0.452758482981
10317.000009667	587.5	4.77969217493	362.0	0.90629728	0.562326921973
10317.000012254	544.875	5.260675017	384.0	0.9194193	0.612777867877
10317.000026037	621.217391304	6.29669496434	472.0	0.96573694	0.708876280331
10317.000007037	398.53125	5.71057517569	354.0	0.9252384	0.674402597277
10317.000015594	773.043478261	6.64658546218	521.0	0.97889196	0.736452374649
10317.000004286	528.810344828	5.50344215844	382.0	0.9422016	0.64161909924
10317.000001351	534.517241379	5.06887595125	357.0	0.91003368	0.597760294893
10317.000010115	526.769230769	5.56823961711	368.0	0.93832274	0.653276135707
10317.000010981	549.818181818	6.03679904396	395.0	0.96338284	0.699861211849
10317.000013028	438.227272727	5.96605681453	372.0	0.95879306	0.698670319466
10317.000017095	604.875	6.44671204398	444.0	0.97638056	0.733046076278
10317.000011048	704.283783784	6.31453345386	489.0	0.96879798	0.706822487788
10317.000002079	508.488372093	5.23016603307	334.0	0.94387052	0.623849058914
10317.000014937	582.153846154	6.330635253	443.0	0.9692839	0.720113520048
10317.000013653	420.772727273	4.99896498708	306.0	0.91324706	0.605393022868
10317.000021178	579.040540541	5.80518600942	426.0	0.9475939	0.664611219127
10317.000006741	569.0	5.84340379034	424.0	0.95354288	0.669506994337
10317.000014548	656.220779221	6.06068724775	447.0	0.96387712	0.688391305533
10317.000013215	618.281690141	6.11909833554	448.0	0.96236938	0.694771402957
10317.000010867	654.56097561	5.72524416737	382.0	0.95978668	0.667477898348
10317.000026613	547.238095238	5.87471389497	410.0	0.95845404	0.676850897475
10317.000006909	528.62195122	6.17894029381	443.0	0.96463442	0.702858128343
10317.000011163	459.75	5.24628357749	321.0	0.91683052	0.630076023054
10317.000012276	578.571428571	6.00625208255	456.0	0.95113498	0.679987192517
10317.000015003	673.5	5.49573696013	393.0	0.91855282	0.637675926505
10317.000001613	593.671875	5.87006221576	426.0	0.9539239	0.672038621887
10317.000006029	590.217391304	5.85791100889	415.0	0.95804438	0.673557879941
10317.000005024	643.0	6.21287279655	472.0	0.95703524	0.699439655745
10317.000026632	727.146341463	6.21869575021	413.0	0.97151486	0.715615328181
10317.000033799	422.625	5.17932987196	270.0	0.9527506	0.641258898352
10317.000029152	614.038461538	4.25245156748	357.0	0.7741689	0.501481339737
10317.000022999	649.638297872	5.39639059581	379.0	0.93488082	0.629973914682
10317.000037575	729.25	6.80543713612	531.0	0.97875136	0.751768680216
10317.000027681	674.0	6.4336837421	434.0	0.97225794	0.734308750975
10317.000021296	749.609756098	6.41994869724	526.0	0.97120528	0.710256249098
10317.000028712	620.916666667	5.62781432687	422.0	0.94550634	0.645310207475
10317.000027363	770.081967213	5.86338696841	460.0	0.9548265	0.662867397356
10317.000033801	758.692307692	5.57479773033	437.0	0.93628872	0.635558846615
10317.000011225	650.887096774	5.96844722012	430.0	0.9601929	0.682249159653
10317.000011409	461.5625	5.28725275996	325.0	0.9355127	0.633636776344
10317.000009475	384.333333333	4.91912638201	306.0	0.90514798	0.595724274519
10317.000012928	567.882352941	5.72109635261	366.0	0.95299908	0.671829263742
10317.000028841	731.31884058	6.01580785173	460.0	0.96615432	0.680098877178
10317.000014534	490.095238095	5.60722377361	371.0	0.9501293	0.656947025865
10317.000016715	640.012345679	6.56145607668	475.0	0.97813288	0.737923491583
10317.000008954A	558.267857143	5.76916806586	387.0	0.94306758	0.671130841631
10317.000015912	449.0	5.25821316718	336.0	0.93062372	0.626550796674
10317.000016725	588.31884058	6.42791490928	422.0	0.9788406	0.73705329686
10317.000018358	489.733333333	4.76205658174	323.0	0.87831796	0.571305767229
10317.000010102	530.622641509	5.55473875548	365.0	0.9530845	0.652596354878
10317.000008949B	485.916666667	5.94729518986	386.0	0.95736076	0.692153031905
10317.000010869	569.0	6.1262163575	424.0	0.95884908	0.701910196065
10317.000014571	675.402985075	6.42974033026	471.0	0.97405376	0.724103840182
10317.000010827	517.964912281	5.94467791049	382.0	0.96340544	0.693060593061
10317.000014162	653.844827586	5.86842476655	429.0	0.95788596	0.671073330334
10317.000016736	582.943181818	5.77091036481	461.0	0.953125	0.652181746658
10317.000001929	504.837837838	5.76076257294	395.0	0.95402646	0.667859613366
10317.000003196	649.458333333	6.13165552276	475.0	0.960091	0.689586670956
10317.000028833	324.451612903	4.12750636145	212.0	0.89103078	0.53410311166
10317.000004291	928.345679012	6.31944265683	541.0	0.97193266	0.696013353983
10317.000035347	1078.92857143	6.33129487326	532.0	0.97242054	0.699182484738
10317.000031035	724.87804878	5.00696682988	362.0	0.88985006	0.58906560147
10317.000016765	654.346153846	6.15735745109	468.0	0.9639484	0.6941492989
10317.000004918	625.076923077	6.25865625463	476.0	0.97032426	0.703629508909
10317.000001347	662.766666667	5.89946271422	440.0	0.95249978	0.671816541707
10317.000005938	472.545454545	5.6882069454	402.0	0.94131428	0.657516235997
10317.000003982	471.875	5.11562842893	376.0	0.886867	0.597998164217
10317.000001934	545.118644068	5.4986387505	403.0	0.92090664	0.635340265308
10317.000015355	606.25	5.93939934375	420.0	0.95480976	0.681573560408
10317.000002418a	788.927710843	6.46214003277	522.0	0.97780858	0.715796114317
10317.000026083	636.916666667	5.7383517211	449.0	0.93661724	0.651302998148
10317.000009476	411.0	4.68894416783	304.0	0.88625908	0.568499681913
10317.000003729	620.084507042	5.79551810663	471.0	0.94392778	0.652679066541
10317.000017219	741.577464789	6.44812099707	494.0	0.97425538	0.720591905785
10317.000004283	286.0	3.14547227472	156.0	0.74814516	0.431749981707
10317.000003473	608.785714286	6.5733792801	489.0	0.96971132	0.735796607918
10317.000007068	344.0	4.93115576898	242.0	0.93223038	0.622710055879
10317.000011342	618.318181818	6.03084069641	449.0	0.95007446	0.684500500811
10317.000026056	473.58490566	4.70272545352	325.0	0.90517188	0.563585652452
10317.000012209	629.580645161	5.74942344539	414.0	0.94668014	0.66134837189
10317.000016355	805.5	6.4763178809	487.0	0.97607226	0.72541206876
10317.000015185	527.411764706	5.21012380721	363.0	0.90990632	0.612679982838
10317.000003028	464.878787879	5.27982484496	369.0	0.913867	0.619154392467
10317.000012985	700.470588235	6.15991723348	474.0	0.96030908	0.693002043258
10317.000016755	708.4	6.03346828793	479.0	0.94117882	0.677622231793
10317.000014327	438.568965517	5.57226712982	348.0	0.95552632	0.659991048449
10317.000013249	588.277777778	5.29570702156	318.0	0.94562538	0.63704818774
10317.000008950A	355.885714286	3.74771538297	244.0	0.78653278	0.472555731385
10317.000016716	614.8	6.14685627868	406.0	0.96928504	0.709361568602
10317.000022662	588.181818182	5.91616988805	412.0	0.9583328	0.681076328671
10317.000022443	555.615384615	5.21875615755	395.0	0.93132964	0.605023454014
10317.000017074	428.078125	5.44307651334	346.0	0.9460083	0.645325006205
10317.000002511	477.859375	4.95682931797	370.0	0.88827936	0.581011333382
10317.000013821	421.97826087	5.05172077893	301.0	0.92968652	0.613547987064
10317.000004819	420.45	4.95148221151	276.0	0.9201976	0.610651449336
10317.000017075	542.015873016	4.96329528856	374.0	0.89943316	0.580713300235
10317.000010834	678.769230769	5.66773090343	409.0	0.9399431	0.653268669026
10317.000014303	490.509090909	6.03016029572	365.0	0.96811844	0.708451072418
10317.000015265	654.318181818	5.64517594494	376.0	0.95739892	0.659900322835
10317.000003193	425.269230769	4.89074781515	297.0	0.91939072	0.5953929648
10317.000013619	740.901408451	6.7033617186	514.0	0.97840964	0.744352785527
10317.000005015	571.517241379	5.94579128256	394.0	0.96675484	0.689602823906
10317.000022925	391.363636364	5.29230622876	270.0	0.94704994	0.655246633424
10317.000003439	575.078125	5.31851222754	391.0	0.93992446	0.617639868974
10317.000016735	568.247058824	6.08011276729	442.0	0.96501876	0.691873029566
10317.000011168	549.318181818	5.95876652047	376.0	0.9621227	0.696557908718
10317.000004972	507.109090909	6.31189646066	390.0	0.97298314	0.733316397836
10317.000009382	582.916666667	5.95779803085	415.0	0.9663314	0.685043150141
10317.000027308	506.5	5.50198724225	364.0	0.91640268	0.646699582552
10317.000003895	601.705882353	5.98725659042	397.0	0.96395776	0.693531787484
10317.000001322	390.5	5.0488413926	308.0	0.93437694	0.610738086408
10317.000026106	533.810344828	5.60897383742	387.0	0.93517946	0.652495349281
10317.000008957B	603.153846154	6.35921494847	424.0	0.97076438	0.728605969953
10317.000001047	362.593220339	4.83454089764	277.0	0.9083298	0.595846010226
10317.000017071	488.348837209	4.54948242235	311.0	0.84581594	0.549403255886
10317.000015262	558.0	5.47413539975	387.0	0.95013958	0.636809511544
10317.000003981	525.901639344	5.43004051284	382.0	0.94625318	0.633061564451
10317.000014334	715.304347826	6.38115634132	487.0	0.97050858	0.714753029077
10317.000011378	617.037037037	5.75537669506	450.0	0.95457316	0.652997455939
10317.000016718	578.849056604	5.90219466774	368.0	0.96645182	0.69245635782
10317.000016714	683.564516129	6.60007089161	460.0	0.97922338	0.746150959822
10317.000007748	428.196078431	5.33487504871	335.0	0.92825804	0.636011451482
10317.000007073	687.142857143	5.76105589781	457.0	0.95505556	0.651994462041
10317.000001247	727.263888889	6.73704779094	506.0	0.98060466	0.749978026248
10317.000002036	410.078947368	5.00893389112	285.0	0.92883326	0.614229995585
10317.000012112	532.721311475	5.81054508767	380.0	0.9611217	0.678021352195
10317.000002437	417.135135135	4.89304084951	299.0	0.9164519	0.594970799296
10317.000003731	572.846153846	5.53233464659	410.0	0.94638116	0.637403920876
10317.000013171	610.188679245	5.50489876066	385.0	0.93871716	0.640945588977
10317.000001487	476.101694915	5.77121117775	365.0	0.96003414	0.678028534487
10317.000014306	582.654545455	5.33626375091	374.0	0.93399214	0.624351192816
10317.000002064	535.534883721	6.22958924581	435.0	0.96778768	0.710745066978
10317.000002336	519.033898305	5.37192345725	368.0	0.90866526	0.630243961966
10317.000006074	449.474576271	5.70869591869	346.0	0.96242786	0.67681654302
10317.000012061	427.109090909	4.61595498424	310.0	0.89154092	0.557743547366
10317.000016756	604.690140845	6.04344637263	430.0	0.96314616	0.690822261985
10317.000011018	708.702702703	6.18175198602	491.0	0.95986356	0.691503686898
10317.000015261	696.623376623	5.85175114373	456.0	0.95987422	0.662495642349
10317.000013458	652.842105263	6.33271891691	438.0	0.96937142	0.72169488261
10317.000041935	487.0	4.24863464268	310.0	0.81223978	0.513360412994
10317.000033721	652.481481481	6.22664686511	458.0	0.97099134	0.704435265255
10317.000031491	496.459016393	6.39717214937	389.0	0.97746342	0.743543698071
10317.000017671	458.022222222	5.21203044751	302.0	0.9399835	0.632650447802
10317.000036943	522.328125	5.9932366517	407.0	0.96173952	0.691350348122
10317.000036102	628.131147541	6.29314762914	440.0	0.96965704	0.716648427401
10317.000028894	598.482142857	5.28608575567	377.0	0.9386547	0.617647336204
10317.000040358	500.865384615	5.6619796317	347.0	0.95084982	0.670946710218
10317.000031506	713.903846154	6.16110154816	460.0	0.9593428	0.696524614541
10317.000016446	658.28	5.8882578771	469.0	0.94407966	0.663582009695
10317.000028793	533.631578947	5.43621430396	353.0	0.95042274	0.642310940951
10317.000042026	721.436619718	6.47450568547	492.0	0.97210392	0.724013998703
10317.000037582	535.529411765	5.7613855942	366.0	0.95710248	0.676560435856
10317.000029202	527.181818182	4.64615712157	318.0	0.86906096	0.558910446179
10317.000022618	681.033707865	6.29155733589	498.0	0.96603604	0.702182586967
10317.000021229	399.565217391	3.29879866224	262.0	0.69286674	0.410634254117
10317.000034121	474.565217391	4.49246168055	228.0	0.91132996	0.573538205238
10317.000036071	487.166666667	4.93906957645	320.0	0.91176256	0.59350063112
10317.000036166	611.611111111	5.76763784858	379.0	0.96027118	0.673313269199
10317.000031593	599.625	4.85845212817	335.0	0.8825895	0.579213413957
10317.000034194	770.701149425	6.01997859763	528.0	0.94722708	0.665603302795
10317.000036131	764.844827586	6.00312686958	465.0	0.95894994	0.677470713612
10317.000002347	435.0	4.95518714037	324.0	0.92104054	0.594157825219
10317.000016767	701.82	6.19843904551	441.0	0.96586978	0.705600079513
10317.000036109	471.161290323	4.15323730303	256.0	0.8181108	0.519154662879
10317.000004973	580.142857143	6.33105166769	431.0	0.9683437	0.723421104315
10317.000031379	738.461538462	5.91727067419	473.0	0.95089656	0.665932125696
10317.000004737	538.096774194	5.70916080193	407.0	0.92816924	0.658580753152
10317.000006666	461.537313433	4.84581357564	344.0	0.91092284	0.575084419575
10317.000003969	318.255319149	5.01706240458	256.0	0.9342146	0.627132800573
10317.000001749	629.235294118	6.31048021836	487.0	0.96523154	0.706836599785
10317.000009507	604.077922078	6.35919668872	457.0	0.97451928	0.71968769226
10317.000040348	676.178082192	5.93537625111	470.0	0.95610934	0.668660499027
10317.000026595	693.716981132	6.06859604435	413.0	0.9625808	0.698342630724
10317.000012335	623.105263158	5.54307113934	411.0	0.9365939	0.638382425086
10317.000022554	721.654545455	6.3068662263	448.0	0.97311636	0.716090844768
10317.000003718	737.2	6.44962265178	520.0	0.96927672	0.714848118081
10317.000006113	518.888888889	5.174037965	366.0	0.91159696	0.607588109405
10317.000006662	672.0	6.27811307322	435.0	0.97066978	0.716281237919
10317.000013756	869.911764706	6.65947225646	541.0	0.97259352	0.733463672776
10317.000001216	536.875	6.23840221796	453.0	0.9693086	0.707031912901
10317.000016722	587.017241379	6.16370433026	402.0	0.97244794	0.712480349245
10317.000016358	351.411764706	4.91260090073	297.0	0.91796524	0.598053329617
10317.000035392	942.716981132	5.99927414054	463.0	0.96653316	0.677511384797
10317.000043118	769.613333333	6.52453871658	520.0	0.97184408	0.72315148881
10317.000006685	430.615384615	4.91805680554	291.0	0.9242533	0.600871314406
10317.000005992	494.0	4.31511380971	329.0	0.82408042	0.516041954655
10317.000012947	662.651515152	5.97856447268	445.0	0.9619524	0.679562910565
10317.000012122	739.777777778	5.70685723477	428.0	0.94982828	0.652848914678
10317.000004758	587.672413793	5.67051928107	395.0	0.9506145	0.657397482832
10317.000042014	760.289156627	6.66008663102	553.0	0.97626032	0.730983147664
10317.000027267	895.125	6.32917406073	497.0	0.96784326	0.706609574321
10317.000006625	476.382978723	4.98123619515	327.0	0.9149507	0.596330496663
10317.000008951B	317.4375	4.19811187084	226.0	0.87558314	0.536830664748
10317.000006778	780.285714286	6.5515170288	541.0	0.9768314	0.721573655861
10317.000012971	845.88	6.41564792441	542.0	0.96973256	0.706401964468
10317.000017652	807.841463415	6.91214512996	570.0	0.97994774	0.755028122637
10317.000015254	677.067567568	6.268072943	492.0	0.965126	0.700929580741
10317.000001438	592.766666667	5.96178540958	409.0	0.96598776	0.687161702962
10317.000006803	522.313432836	5.80357912122	401.0	0.95620208	0.671131196592
10317.000013299	643.154929577	5.83876103713	464.0	0.95272234	0.659152581197
10317.000036039	452.902439024	5.25068319997	304.0	0.93259968	0.636606370681
10317.000011026	814.065217391	5.76494850186	436.0	0.94314318	0.657484866687
10317.000012993	597.555555556	5.99223676494	454.0	0.96292342	0.678887877132
10317.000009419	612.88	6.08446962975	439.0	0.96038802	0.693143787639
10317.000010693	849.430769231	6.30145039906	534.0	0.967894	0.695470904947
10317.000008951A	324.7	3.9501017247	214.0	0.8572501	0.510252350316
10317.000001669	436.353846154	5.11089971476	339.0	0.92421334	0.608068256457
10317.000036068	524.095238095	5.78421166898	405.0	0.95050492	0.667785713706
10317.000042981	717.098360656	6.12141815959	453.0	0.96465796	0.693773475937
10317.000028776	948.205479452	6.7678329722	603.0	0.9736893	0.732765544918
10317.000004011	325.727272727	4.77273831338	266.0	0.9161405	0.592497947974
10317.000004285	607.060240964	6.19188868803	476.0	0.96405632	0.696123164386
10317.000026116	553.25	5.07367158219	358.0	0.90591558	0.598041225245
10317.000022498	657.048387097	6.3636176703	457.0	0.96982472	0.720188026844
10317.000023929	753.169491525	5.28616861453	474.0	0.86556612	0.594703713057
10317.000009558	542.227272727	5.51985861017	399.0	0.9389293	0.638854413378
10317.000002051	591.442622951	5.85514885612	425.0	0.93606944	0.670591560716
10317.000016726	785.808219178	6.82306615353	532.0	0.98042954	0.753490153634
10317.000005927	638.563218391	5.81665625476	496.0	0.93015234	0.64960115382
10317.000013539	664.47761194	6.20996830263	477.0	0.96358152	0.697918202033
10317.000004289	680.25	6.11642263783	438.0	0.95714654	0.697045135829
10317.000011073	610.642857143	5.4768406259	403.0	0.94422372	0.632821600799
10317.000001111	474.098360656	4.94187300062	345.0	0.89053242	0.586193086354
10317.000013053	439.222222222	4.21888701792	298.0	0.8589008	0.513298517657
10317.000010225	758.086956522	6.89307579358	522.0	0.98294192	0.763529859106
10317.000003226	703.054054054	6.39561075657	502.0	0.96978864	0.71287741269
10317.000013167	556.743243243	6.03340704342	429.0	0.96270054	0.689939586679
10317.000010879	505.590163934	5.11296275563	366.0	0.91895594	0.600416037757
10317.000013055	719.770833333	5.43346835225	431.0	0.92619754	0.62085825262
10317.000006665	566.666666667	6.94152896585	490.0	0.98469148	0.776749490494
10317.000002638	458.404761905	5.69968712057	379.0	0.95557966	0.665380710321
10317.000002443	662.358974359	6.69754921855	521.0	0.97698536	0.742099240941
10317.000017349	854.225806452	7.02412992098	546.0	0.98230032	0.772497253817
10317.000005814	521.442857143	6.21040987891	416.0	0.97018664	0.713804138653
10317.000020071	569.739130435	5.82801008863	399.0	0.96304864	0.674519082693
10317.000004026	591.85	6.03754941911	432.0	0.95228098	0.68962044545
10317.000013134	618.516129032	6.26366930246	421.0	0.97537812	0.718502155676
10317.000004822	480.118644068	6.15312601834	384.0	0.96727112	0.716733010519
10317.000009101	553.161290323	6.63118153795	438.0	0.97925228	0.755708542317
10317.000013159	662.0	6.32389814085	476.0	0.96774042	0.710964328795
10317.000016772	540.0125	6.29119276223	440.0	0.97088232	0.716425811886
10317.000006635	528.602739726	5.37464862317	419.0	0.9120864	0.617009304945
10317.000001734	582.229508197	6.24995179998	425.0	0.96805388	0.715808433728
10317.000001286	524.0	5.67571357707	401.0	0.93609926	0.65634470814
10317.000014397	675.108108108	6.36890800885	467.0	0.97448796	0.718248314483
10317.000016731	681.323943662	6.29520502781	479.0	0.96138556	0.707018032907
10317.000016458	837.739130435	6.69519355354	583.0	0.97108972	0.728740283402
10317.000009174	497.933333333	6.25485780687	418.0	0.96655566	0.718341544433
10317.000013222	546.454545455	5.36974918569	382.0	0.92656456	0.62603249684
10317.000004847	412.3	5.48659510746	323.0	0.9384879	0.658228933978
10317.000002261	639.263888889	6.1857184049	467.0	0.96160198	0.697589258946
10317.000016729	806.842105263	6.62589289705	505.0	0.97695418	0.737838520189
10317.000001652	473.631578947	6.25789757223	376.0	0.9732667	0.73152522941
10317.000017083	548.238095238	5.72826109162	396.0	0.95783154	0.663810912426
10317.000002606	448.337837838	5.64574967598	388.0	0.93100092	0.656489173737
10317.000011357	600.042253521	6.12750488885	463.0	0.96423436	0.691992768683
10317.000004813	594.088235294	6.29355276131	451.0	0.96589668	0.71379884893
10317.000013453	523.0	5.4286218286	369.0	0.92925482	0.636603514116
10317.000016768	673.558441558	6.44652115102	487.0	0.97192506	0.722074538412
10317.000013174	356.021276596	4.0381902399	259.0	0.81278942	0.503715455701
10317.000016166	555.3	5.45436452027	374.0	0.93356724	0.638169167277
10317.000011358	696.409090909	6.93004531106	537.0	0.9824088	0.764165260042
10317.000001436	579.0	6.08672557392	448.0	0.96027202	0.691095752106
10317.000009385	623.247058824	6.56076666458	497.0	0.97518094	0.732465325742
10317.000006053	526.047619048	5.47788588635	395.0	0.92794332	0.635065011585
10317.000002185	425.212765957	5.35441076499	322.0	0.93305696	0.642715663033
10317.000016488	381.59375	4.28269708944	245.0	0.84692796	0.539610994271
10317.000001516	425.125	5.00432611476	322.0	0.88725024	0.600693319592
10317.000011352	648.1875	6.41172538465	499.0	0.96617454	0.715363134954
10317.000004009	483.375	5.56355381817	358.0	0.94790718	0.655784373947
10317.000013801	535.068965517	5.71467187785	386.0	0.9519071	0.665080064184
10317.000003996	799.126760563	6.64468921676	562.0	0.96469728	0.727433665107
10317.000017339	585.029850746	5.95314856096	416.0	0.94980726	0.684235366696
10317.000010183	739.011235955	6.85316443939	564.0	0.97811614	0.749835979377
10317.000012318	473.35	5.16505729379	366.0	0.8883335	0.606533507742
10317.000007666	587.684210526	6.2580918384	429.0	0.96674316	0.715633018842
10317.000002349	460.88	5.65920861206	375.0	0.9498187	0.661837936978
10317.000015908	444.666666667	5.49116523816	309.0	0.94923132	0.663868679536
10317.000001423	445.404255319	4.86968032478	327.0	0.89807788	0.582975545206
10317.000005845	518.130434783	6.12061195486	404.0	0.96495574	0.706914120434
10317.000009118	527.929577465	5.84673312843	408.0	0.95899894	0.674175089192
10317.000005576	555.766233766	6.10732054708	433.0	0.96742072	0.697324148671
10317.000002801	618.181818182	6.57478353793	460.0	0.9728023	0.74329217489
10317.000013265	764.88	6.36933172485	528.0	0.96580056	0.704229784859
10317.000010833	426.466666667	4.90081444109	312.0	0.90868022	0.591499882762
10317.000013238	378.386363636	4.91906904231	259.0	0.94212284	0.613594446291
10317.000012983	612.923076923	5.81960869281	441.0	0.92377182	0.662475879205
10317.000004915	555.263157895	6.01479947712	387.0	0.96559138	0.699705293595
10317.000001099	791.333333333	7.31643551122	634.0	0.98646138	0.786008705477
10317.000015856	838.213333333	6.47936819444	540.0	0.97162706	0.713837151935
10317.000003061	521.363636364	5.99131611066	429.0	0.95577152	0.685126352541
10317.000028859	578.623655914	6.35311894025	474.0	0.97129876	0.714737591395
10317.000012903	643.185185185	6.49606991832	492.0	0.97434704	0.726425427036
10317.000004736	595.014492754	5.6766591679	454.0	0.90625334	0.643134649526
10317.000010962	598.378787879	6.13689532202	438.0	0.96316694	0.69937826187
10317.000002348	632.327868852	5.73948678168	454.0	0.92878336	0.650252676904
10317.000002444	465.246153846	5.72191606613	378.0	0.95109804	0.668273074112
10317.000015584	618.192307692	5.62296317772	451.0	0.93469584	0.637742273093
10317.000023375	712.846153846	4.98331995991	465.0	0.8548803	0.562382472126
10317.000015624	796.012195122	6.12409498455	536.0	0.9576387	0.675494676469
10317.000006671	644.037974684	6.60310503479	491.0	0.9760124	0.738637118873
10317.000009102	475.590909091	5.3711150487	371.0	0.92322952	0.62928433023
10317.000015214	712.045977011	6.33104052256	510.0	0.9711603	0.703890565009
10317.000002172	560.088235294	5.76149674667	417.0	0.94208108	0.661943999959
10317.000001189	478.553846154	5.65968971964	365.0	0.94813002	0.6649264787
10317.000007678	326.833333333	3.03447521635	261.0	0.70070746	0.377990875535
10317.000003358	545.258064516	5.83416055794	395.0	0.95551668	0.676368825344
10317.000009231	509.0	5.11492806163	404.0	0.90134316	0.590760351814
10317.000018318	503.04	6.29648554008	426.0	0.96751678	0.720858026637
10317.000013859	606.012658228	6.06959691796	445.0	0.9547715	0.689910256279
10317.000013757	521.154639175	6.52900129129	467.0	0.96978318	0.736302701532
10317.000012298	721.25	5.80890884259	485.0	0.93987292	0.651088590747
10317.000017171	853.078431373	6.17356651154	486.0	0.96402372	0.691730667624
10317.000014587	527.923076923	5.25013682561	326.0	0.93697898	0.628854686441
10317.000016764	605.918367347	6.17191987386	413.0	0.96789294	0.710232602374
10317.000016727	573.14084507	6.02394468344	422.0	0.96512686	0.690732275037
10317.000002013	573.270588235	5.85695493626	470.0	0.93791398	0.659825804594
10317.000013454	573.6	6.32075922683	414.0	0.97475388	0.727068351023
10317.000016766	660.654545455	6.09813045135	438.0	0.96347318	0.694960505586
10317.000001234	526.084507042	4.66231023163	377.0	0.84810038	0.544762916878
10317.000026623	960.85	6.57327756735	623.0	0.96419186	0.708091673522
10317.000006761	615.22972973	6.86929016772	493.0	0.9810529	0.767909373013
10317.000009532	527.148148148	6.63598274284	439.0	0.97960142	0.755972252797
10317.000005846	459.064516129	6.20309338595	371.0	0.97222376	0.726759607891
10317.000004821	781.75	6.80160952608	598.0	0.97259284	0.737381644792
10317.000002712	600.064516129	5.63120155316	434.0	0.93463152	0.642717414276
10317.000013734	783.887323944	6.69460927198	531.0	0.97881992	0.739525981402
10317.000009659	594.080645161	5.87801281639	421.0	0.9561991	0.67426370642
10317.000017292	689.34375	6.86525083571	498.0	0.9812243	0.766210865552
10317.000015862	615.444444444	5.95455169322	411.0	0.9641088	0.685771669651
10317.000002446	500.046875	4.42720044555	367.0	0.84059004	0.519646650885
10317.000006678	490.887096774	5.77911681737	387.0	0.95192196	0.672288185965
10317.000014224	652.0	6.62734640029	448.0	0.98110402	0.75247863393
10317.000017218	660.465753425	6.5135274788	466.0	0.97739552	0.734813932436
10317.000009661	580.227272727	6.20058934408	437.0	0.96611748	0.706902672077
10317.000006729	474.873015873	5.81652918033	369.0	0.96331964	0.682092625544
10317.000013686	514.0	5.55019084647	339.0	0.95330482	0.660332829711
10317.000010845	740.0	6.51172428324	465.0	0.97715848	0.734867443725
10317.000017205	698.692307692	6.3701413133	499.0	0.96235894	0.710723555145
10317.000014551	552.826086957	5.83193396989	362.0	0.96438276	0.686122318847
10317.000005238	556.015384615	5.63004965882	423.0	0.93482342	0.645313853998
10317.000022448	788.6	5.86044794232	483.0	0.94916584	0.657304534226
10317.000001004	330.714285714	5.27371000489	271.0	0.94525664	0.652513332519
10317.000014122	624.0	5.79506002728	438.0	0.95413604	0.660421727379
10317.000016728	837.345679012	6.75682163698	569.0	0.97589342	0.73826610004
10317.000010773	552.631578947	4.46307197246	377.0	0.85022168	0.521483124281
10317.000005553	495.347826087	6.32745034031	402.0	0.97045758	0.731408222513
10317.000014054	649.75862069	6.36779013042	498.0	0.9719025	0.710690709522
10317.000026081	621.204081633	5.38182630158	387.0	0.94093738	0.626071137824
10317.000016769	558.6	5.64560254926	387.0	0.94700444	0.656756389681
10317.000004738	654.329411765	6.41508470835	499.0	0.97050368	0.715737938333
10317.000036427	686.0	6.35594970089	483.0	0.9704444	0.712879731861
10317.000043092	638.8	6.35168058331	445.0	0.9655741	0.721973738663
10317.000036069	393.848484848	5.17390781579	267.0	0.94016664	0.641868625196
10317.000028711	563.915254237	5.73767372643	399.0	0.95182264	0.664063781615
10317.000027901	890.703703704	6.89637273424	596.0	0.97825046	0.74804714969
10317.000031057	646.333333333	5.68677858343	421.0	0.94598324	0.652327329835
10317.000021275	803.820895522	5.405630236	470.0	0.9216753	0.608981007814
10317.000031439	636.678571429	5.70517010399	398.0	0.94468962	0.660578681447
10317.000036437	653.12195122	6.20754862339	498.0	0.96403634	0.692806616611
10317.000043117	767.75	6.01281901728	481.0	0.95955032	0.674847493763
10317.000040144	483.977272727	4.56105385424	305.0	0.85080288	0.552676452423
10317.000039994	545.135135135	5.68560507162	406.0	0.94156598	0.656132102201
10317.000036067	583.135135135	6.61314760167	444.0	0.97970456	0.751971216982
10317.000036877	720.804123711	6.54371000781	551.0	0.97076554	0.718622419899
10317.000038417	603.217391304	5.85960859475	454.0	0.94716732	0.663861825853
10317.000031891	498.614457831	6.1240482261	429.0	0.96118324	0.70030469874
10317.000028719	666.220588235	5.85452850052	424.0	0.96002132	0.67078160611
10317.000023341	650.911764706	5.34592283613	414.0	0.93547374	0.614934244712
10317.000035492	661.461538462	6.3407003432	488.0	0.96265944	0.709986208701
10317.000027775	828.435483871	6.03168082543	501.0	0.95274444	0.672528143202
10317.000036094	390.018867925	4.0960611512	287.0	0.80943396	0.501666606611
10317.000039831	554.217391304	5.62088398201	427.0	0.93606498	0.64326214636
10317.000043164	524.146341463	5.28827754242	329.0	0.93937708	0.632422040319
10317.000036422	605.208333333	6.32693512359	450.0	0.96924598	0.717845722095
10317.000036939	619.880597015	5.56433200142	413.0	0.94740624	0.640314533987
10317.000036147	690.458333333	6.05270432493	479.0	0.94212986	0.679782641976
10317.000035412	596.725806452	6.05888890445	426.0	0.96223372	0.693656591677
10317.000031272	414.25	3.85982619003	208.0	0.82325674	0.50124750421
10317.000037565	602.797101449	5.78301350077	443.0	0.93930626	0.657821220479
10317.000014232	624.323076923	6.19441085261	481.0	0.96398948	0.695228415691
10317.000009677	664.517857143	5.37895766202	408.0	0.94276252	0.620236836861
10317.000036045	688.01754386	6.29441986588	427.0	0.97075628	0.720342573512
10317.000018424	646.551724138	4.85112551936	393.0	0.88209832	0.56288100806
10317.000014978	709.396226415	6.30967027273	451.0	0.9702107	0.715626856342
10317.000017133	859.446808511	5.84073367448	457.0	0.95342144	0.661011814078
10317.000026136	570.135135135	5.99551506422	431.0	0.9623338	0.685080829593
10317.000013197	712.661764706	6.31124860089	481.0	0.97310542	0.708341676107
10317.000001936	489.0	4.84027185437	335.0	0.9143156	0.577046003807
10317.000009495	359.166666667	4.77961125604	285.0	0.92017132	0.586108873567
10317.000033748	558.084745763	5.11477077113	386.0	0.86992072	0.595262885685
10317.000006717	553.238095238	6.00297952503	416.0	0.95920208	0.689962774239
10317.000022553	852.602409639	6.47865021876	565.0	0.97102608	0.708660506615
10317.000034127	514.318181818	5.52089253412	395.0	0.93964248	0.640050879825
10317.000005085	370.04	5.75000109709	335.0	0.96083872	0.68550181783
10317.000009648	644.35443038	6.07599920638	471.0	0.95627934	0.684266258402
10317.000013001	882.23880597	5.84540838269	496.0	0.94746776	0.652812176556
10317.000034147	986.285714286	5.63783197086	520.0	0.94210494	0.624872770396
10317.000028856	651.976744186	5.38947771024	378.0	0.94000148	0.629446988676
10317.000005163	361.882352941	4.42951294321	278.0	0.8806363	0.545577668754
10317.000009628	605.942857143	6.03359985229	442.0	0.9615989	0.686580194934
10317.000016762	562.803278689	5.76312303405	401.0	0.94570122	0.666452817676
10317.000014291	621.135135135	6.46027784387	482.0	0.96795942	0.72482419563
10317.000011191	563.684210526	6.04273998193	405.0	0.96742176	0.697632739344
10317.000013764	688.086956522	5.90680854275	452.0	0.95108538	0.669692595572
10317.000016333	650.766233766	6.11365873408	462.0	0.9663823	0.690672397678
10317.000034126	734.516666667	6.0791061962	460.0	0.95793482	0.687254879174
10317.000006036	525.411764706	6.46375248319	440.0	0.97377768	0.736076495447
10317.000013902	810.515151515	6.15397252554	509.0	0.95720134	0.684419459897
10317.000015295	481.09375	4.82999282147	346.0	0.88676646	0.572638495867
10317.000006795	768.8	6.22909942668	515.0	0.95958456	0.691474583195
10317.000002141	515.516129032	5.01781928396	315.0	0.90861132	0.604614232206
10317.000006017	523.717391304	4.8792744961	330.0	0.88818598	0.583204228949
10317.000014451	448.734693878	5.32461617379	333.0	0.93447264	0.635442862291
10317.000013984	608.125	6.07017488208	395.0	0.97048778	0.703730556239
10317.000015587	450.352941176	4.89433787162	315.0	0.89458288	0.589735533894
10317.000003508	573.014285714	6.10574968743	436.0	0.957438	0.696352797942
10317.000036114	422.019230769	5.20985526795	321.0	0.93299226	0.625701001373
10317.000010712	568.25	6.37412392494	451.0	0.97313132	0.722937026687
10317.000013986	560.166666667	5.90934796951	398.0	0.95886978	0.684219614623
10317.000014259	667.158730159	5.69441235267	431.0	0.94493106	0.650675162488
10317.000006899	703.8	6.53294874208	510.0	0.97648144	0.726338895613
10317.000003879	430.916666667	5.45800056647	331.0	0.94752638	0.65203731799
10317.000003287	641.135135135	6.82342608632	502.0	0.98050462	0.760563223629
10317.000013952	616.52	5.97827704117	396.0	0.96270296	0.692783634327
10317.000010169	343.588235294	3.93231064061	231.0	0.84831498	0.500819705249
10317.000001805	540.916666667	6.21106735009	419.0	0.96892664	0.713030119239
10317.000005009	501.0	5.84153981086	380.0	0.95774444	0.681638066945
10317.000033803	617.108695652	5.5759573011	361.0	0.94584188	0.656315024616
10317.000014237	703.777777778	5.92853764736	444.0	0.95075052	0.674125233268
10317.000017185	788.222222222	6.42984000864	545.0	0.97162996	0.707344388254
10317.000035361	351.468085106	5.49295139098	294.0	0.95023042	0.669898888636
10317.000044399	512.25	5.48738837399	351.0	0.93110928	0.64898592698
10317.000005987	534.092307692	6.18579448539	411.0	0.9713296	0.712403356443
10317.000003922	641.12345679	6.11673461632	470.0	0.96824194	0.68909175222
10317.000015542	422.346938776	4.87097492652	300.0	0.91230972	0.591940971083
10317.000017114	332.636363636	5.047308408	232.0	0.94637126	0.642316189251
10317.000014222	421.894736842	5.3676057891	289.0	0.94924844	0.65659383309
10317.000001882	635.833333333	6.3992374629	482.0	0.96297926	0.717975644205
10317.000012004	726.538461538	6.48742142097	520.0	0.96593406	0.71903756923
10317.000001732	577.015873016	6.3240993984	448.0	0.9659577	0.718047524412
10317.000001151	559.089552239	6.06701903966	418.0	0.96810484	0.696769129151
10317.000002262	533.0	6.37721907533	449.0	0.9663224	0.723814451515
10317.000027295	669.346153846	6.02211878909	483.0	0.96130698	0.675437445171
10317.000029188	740.158730159	5.83443190202	470.0	0.94922804	0.657288431615
10317.000014392	554.6	5.46789475538	371.0	0.94697696	0.640623121588
10317.000002512	447.258064516	5.29894138594	347.0	0.93009694	0.627926541916
10317.000012242	614.147058824	6.12734839204	452.0	0.96346392	0.694696606288
10317.000031519	559.303571429	5.68812819767	378.0	0.9529199	0.664326926972
10317.000015329	593.2	6.28929290079	437.0	0.96985384	0.717015385205
10317.000014318	630.508474576	6.33261444709	436.0	0.97442772	0.722226428246
10317.000013609	504.620689655	4.66984111006	344.0	0.88355566	0.554200615101
10317.000014317	564.084745763	5.51760975513	392.0	0.9286014	0.640487010587
10317.000029154	528.226415094	5.81062501638	382.0	0.9486672	0.67743202921
10317.000009529	404.734693878	5.02952643504	289.0	0.93026888	0.615238184466
10317.000011955	614.310344828	5.5534270403	395.0	0.94719304	0.643822686498
10317.000003266	421.472727273	5.37020307326	342.0	0.92857516	0.637954046327
10317.000016405	685.25	6.42276877002	459.0	0.97668558	0.726364430335
10317.000010984	643.1875	6.09234455084	424.0	0.96929448	0.698029339583
10317.000010843	549.417910448	6.09202494426	430.0	0.9640637	0.696375245608
10317.000008955	395.019230769	5.79221398517	318.0	0.9667013	0.696775597145
10317.000027648	420.734693878	4.5538503019	305.0	0.8624539	0.551803576575
10317.000014357	505.046153846	5.40997019587	370.0	0.92676826	0.634125929184
10317.000017093	469.5	4.99439258649	342.0	0.90413168	0.59330958551
10317.000014379	663.884057971	5.90712864912	463.0	0.94946522	0.667105189309
10317.000005915	380.571428571	4.50166429289	272.0	0.86252732	0.556622562756
10317.000001363	434.275862069	5.13006855485	354.0	0.86962622	0.605846425476
10317.000013604	461.0	2.61024981942	215.0	0.55465342	0.336884983388
10317.000014095	487.103448276	5.44486975827	364.0	0.93544332	0.639986034987
10317.000012275	619.844827586	5.81556207212	395.0	0.96009342	0.674212656365
10317.000011389	604.058139535	6.22166623332	458.0	0.96664066	0.703871794618
10317.000002205	378.020408163	3.87686370272	277.0	0.80101926	0.477814505734
10317.000011155	529.52173913	5.65932161333	408.0	0.93542432	0.65256504267
10317.000006929	435.175438596	5.2665950103	330.0	0.9349704	0.629499423454
10317.000013648	456.270833333	4.96806527793	310.0	0.90053212	0.600288859211
10317.000012155	757.063829787	6.92535685911	562.0	0.98306014	0.758160021914
10317.000006654	546.227272727	6.27437758206	392.0	0.9715011	0.728333013601
10317.000002071	549.090909091	5.48384731816	410.0	0.9303364	0.631817488524
10317.000004159	419.818181818	5.08259852721	314.0	0.8952079	0.612758398615
10317.000002568	294.382978723	4.79528557236	240.0	0.90372416	0.606469194733
10317.000008957A	661.918032787	6.43117080401	456.0	0.97182184	0.728093613041
10317.000002749	687.529411765	6.34190854925	498.0	0.96669172	0.707802140818
10317.000017661	591.387096774	6.25955868938	423.0	0.97317108	0.717467906494
10317.000002201	258.029411765	3.69907083261	193.0	0.8209185	0.487203393375
10317.000001939	461.738095238	4.88510287831	319.0	0.87918124	0.587334439826
10317.000009447	632.028571429	5.22299857612	358.0	0.926445	0.615642620401
10317.000029245	722.03125	6.25271102573	525.0	0.96987542	0.69196446348
10317.000014958	513.474576271	5.90538082281	380.0	0.95770362	0.689087552078
10317.000015364	675.714285714	5.90359307386	445.0	0.95704988	0.671041168896
10317.000016484	641.88372093	5.37229876025	375.0	0.94062244	0.628284159863
10317.000010908	632.365384615	5.98136815656	426.0	0.94751158	0.684781568778
10317.000001524	653.019607843	5.37944341118	428.0	0.92710458	0.615393665566
10317.000014949	463.375	5.27762217353	343.0	0.93329076	0.626642316351
10317.000015933	511.52173913	6.17630092264	401.0	0.96929078	0.714233086539
10317.000014012	621.375	5.81186320217	438.0	0.95599052	0.662336665573
10317.000004774	516.046153846	5.50194230416	391.0	0.9293213	0.638941639778
10317.000008954B	576.774647887	5.74789798747	413.0	0.94355948	0.661438357797
10317.000016703	612.130434783	6.28874279866	448.0	0.97071726	0.714033084202
10317.000003365	423.552631579	5.04317322049	288.0	0.9165509	0.617285130476
10317.000017216	642.185185185	6.87244491073	491.0	0.98377194	0.768766039874
10317.000004163	503.610169492	5.37804592527	368.0	0.94090012	0.6309622612
10317.000013697	549.859375	5.4445957801	400.0	0.92084746	0.629880421488
10317.000017161	535.306122449	4.70114113408	331.0	0.89835282	0.561619483037
10317.000001072	492.789473684	5.12656653955	359.0	0.91577996	0.603989533159
10317.000011956	721.018518519	5.428047144	416.0	0.94029168	0.623881932391
10317.000007641	473.188405797	6.01973691507	391.0	0.96352966	0.699073229583
10317.000017079	359.675675676	4.60280933965	249.0	0.91904386	0.578242239
10317.000009193	392.472727273	4.96625642083	313.0	0.89297556	0.599064551303
10317.000012984	658.84375	6.0962805116	450.0	0.96589032	0.691675953752
10317.000015581	505.25	5.17096030897	344.0	0.93267938	0.613671710954
10317.000014802	543.20754717	5.60935285273	385.0	0.94993024	0.653107372958
10317.000017353	744.038961039	6.62357819161	523.0	0.97650296	0.73345391782
10317.000001059	361.684210526	5.19686470917	309.0	0.93583958	0.628288452918
10317.000017088	597.981132075	5.63508394037	401.0	0.94936174	0.651646259799
10317.000004602	456.875	5.4651174102	307.0	0.94767936	0.66146873311
10317.000014399	508.454545455	5.50659257736	356.0	0.94624938	0.64968921241
10317.000005008	613.418181818	5.68928305825	402.0	0.93986946	0.657640626983
10317.000010104	687.878378378	6.43337647965	475.0	0.97286606	0.723519227905
10317.000010565	606.015151515	5.55265426972	396.0	0.93417156	0.643460980254
10317.000027194	424.188679245	4.96493540644	327.0	0.91814832	0.594379041834
10317.000015224	593.55	6.65822798655	436.0	0.97643594	0.759362228248
10317.000013933	476.142857143	5.7964630215	347.0	0.9578671	0.686883042355
10317.000018033	612.637931034	5.41879334358	385.0	0.93371104	0.630920175311
10317.000006084	410.275	5.43388012271	289.0	0.9543962	0.664700858913
10317.000002059	601.754098361	6.19898404251	421.0	0.96918606	0.711082144103
10317.000003047	437.019230769	5.18907943054	336.0	0.92642902	0.618313055754
10317.000008982	367.553191489	5.52699974979	302.0	0.95037246	0.670882279358
10317.000010765	493.016129032	5.25140518911	366.0	0.8955957	0.61667335496
10317.000012072	627.517857143	5.18933585525	380.0	0.91567936	0.605533639353
10317.000017183	503.884057971	5.91559259082	417.0	0.94723404	0.679648222306
10317.000012228	599.131578947	6.24798486404	438.0	0.97155814	0.712038345957
10317.000011224	555.042253521	5.36450431763	408.0	0.89644198	0.618570250662
10317.000026111	407.076923077	4.47074650608	275.0	0.88823924	0.551720068666
10317.000006637	660.2	6.36987248602	499.0	0.96971902	0.710693561793
10317.000012113	355.512195122	4.29349777816	260.0	0.86688774	0.535190841187
10317.000013079	482.016129032	5.4987438628	355.0	0.94832372	0.649073969863
10317.000004162	436.652173913	5.85334547488	356.0	0.96382492	0.690600468096
10317.000012906	674.163934426	5.28580302499	413.0	0.93926898	0.608262860633
10317.000012976	642.0	6.09997231636	414.0	0.96748586	0.701671532514
10317.000009533	274.933333333	3.86081079719	199.0	0.81814478	0.505565087854
10317.000014309	507.0	5.73574286448	375.0	0.9429037	0.670788529756
10317.000002371	544.220588235	5.87876984105	419.0	0.95038878	0.674882387274
10317.000002329	573.961538462	5.98414369032	458.0	0.93408346	0.677000308374
10317.000010761	661.892857143	6.10828334901	446.0	0.95326014	0.69405213313
10317.000009129	559.928571429	6.02657158974	396.0	0.9586572	0.698380175379
10317.000014323	592.666666667	5.71444124104	402.0	0.94463052	0.660548733845
10317.000006894	672.175438596	5.89638428804	429.0	0.9530823	0.674270591941
10317.000014241	349.42	4.88669515959	283.0	0.91356432	0.599987748276
10317.000001685	418.49122807	5.00297915023	319.0	0.92172608	0.601506668306
10317.000011302	600.131147541	5.29867670886	407.0	0.91276832	0.611229324011
10317.000012231	396.11627907	5.27603267312	281.0	0.94538422	0.64860537983
10317.000001579	603.103448276	5.7909928737	413.0	0.95330974	0.666397494308
10317.000017662	622.971014493	6.16270692315	450.0	0.96493852	0.699212606877
10317.000003432	389.456521739	4.78740511717	284.0	0.87697512	0.587429897759
10317.000011116	671.0	6.49804932118	489.0	0.97622194	0.727364487104
10317.000006841	591.132075472	6.23820139756	423.0	0.96525738	0.715019942954
10317.000013563	610.524590164	5.33261671131	437.0	0.8694203	0.60794882441
10317.000017217	791.924242424	6.77200596528	517.0	0.98102726	0.751274748885
10317.000006728	335.6	4.40329197729	252.0	0.87077452	0.551979123149
10317.000013286	536.125	5.43280126539	377.0	0.93531106	0.63479016134
10317.000022964	545.467741935	5.52804935191	393.0	0.94447164	0.641425166055
10317.000002466	557.444444444	5.52141760424	403.0	0.92086244	0.637972248173
10317.000017644	564.2	5.84513498346	425.0	0.955804	0.66944466955
10317.000017173	503.0	5.59788659329	378.0	0.9438957	0.65378744445
10317.000013332	731.431578947	6.96147489632	573.0	0.97801748	0.759787990551
10317.000002173	321.06	4.79150276151	261.0	0.9114332	0.59685586298
10317.000011329	498.5625	5.82683021695	387.0	0.9569474	0.677838714854
10317.000007039	462.0	6.18692627903	400.0	0.96366178	0.715759973697
10317.000002886	537.013157895	5.9106857679	418.0	0.96082096	0.678814974579
10317.000009126	508.630434783	5.27078767745	356.0	0.91585328	0.621868033059
10317.000022636	450.518518519	5.00949215141	327.0	0.91202168	0.599713168709
10317.000014233	591.166666667	6.55052944639	429.0	0.97769128	0.749074204052
10317.000023088	609.3	5.99266242901	428.0	0.96146608	0.685544249991
10317.000004974	603.421875	6.20553550277	447.0	0.96530926	0.704843611237
10317.000002414	259.444444444	3.81883769485	180.0	0.84671078	0.50973205771
10317.000006027	561.111111111	5.76589599663	401.0	0.95382302	0.666773485605
10317.000017098	590.835443038	6.28299954152	455.0	0.9719195	0.711573820609
10317.000014559	434.482758621	5.28953014828	333.0	0.93707304	0.63125567513
10317.000016313	519.23255814	5.70452379826	339.0	0.95095164	0.678694561332
10317.000022899	548.631578947	6.01547831945	440.0	0.95742482	0.68502811816
10317.000003837	640.5	5.4904291685	399.0	0.94117106	0.635448324558
10317.000010285	439.256410256	4.84953217649	277.0	0.9349696	0.597693650752
10317.000005848	489.893617021	4.70507653713	325.0	0.8677284	0.563867411829
10317.000005907	520.0	5.71602221518	391.0	0.94633964	0.663802781867
10317.000014132	835.986486486	6.17005383193	528.0	0.94970306	0.682196479997
10317.000003382	573.075	6.21627132818	465.0	0.9622067	0.701524699411
10317.000003221	308.5625	4.45438048755	246.0	0.86234438	0.560827491666
10317.000014607	386.046511628	3.92678196641	280.0	0.78560552	0.483041611201
10317.000017125	775.032967033	6.86209615927	588.0	0.97556796	0.745906582545
10317.000013826	588.739130435	5.14045368688	418.0	0.89493352	0.590357375744
10317.000004872	385.136363636	5.43067372004	290.0	0.944436	0.663903921214
10317.000014293	707.023809524	5.63348375311	377.0	0.95698696	0.65823870336
10317.000016721	592.181818182	6.67181384638	434.0	0.98189666	0.761487739942
10317.000016763	672.355932203	6.24095278306	426.0	0.96882928	0.714500315913
10317.000012173	459.5	5.27186888707	287.0	0.94684754	0.645674094563
10317.000012951	531.263888889	5.81130849622	413.0	0.9455176	0.668735311025
10317.000004705	608.916666667	5.36329567075	441.0	0.878808	0.610531429597
10317.000007651	373.428571429	4.15700652695	262.0	0.8690566	0.51746391621
10317.000001827	588.981132075	5.26480891752	392.0	0.90314584	0.611141757853
10317.000014666	676.408450704	6.4714481191	495.0	0.96940778	0.722963052251
10317.000017146	444.0	4.9723903358	341.0	0.89509932	0.5909924206
10317.000004161	503.037735849	5.92224837486	375.0	0.96092154	0.692600134643
10317.000023299	447.05	5.05672408998	332.0	0.92628124	0.603785108289
10317.000013733	491.088235294	5.65047490986	393.0	0.9408231	0.655630327557
10317.000012034	382.216216216	4.82364656285	243.0	0.93055648	0.608676427443
10317.000014391	744.540540541	6.46532042387	507.0	0.97256002	0.719500795718
10317.000014646	586.652173913	5.54374433965	429.0	0.93276048	0.63394507462
10317.000001793	531.333333333	5.90992513353	428.0	0.95252342	0.676079328873
10317.000013214	409.428571429	4.75916526138	298.0	0.89965608	0.579032447082
10317.000023154	635.875	5.54553691123	384.0	0.94620766	0.645959363336
10317.000009222	424.125	5.87332954525	351.0	0.96334534	0.694630662093
10317.000027198	414.090909091	4.60187270698	290.0	0.8915108	0.562582377914
10317.000007734	669.731707317	5.97988156517	408.0	0.96236846	0.689528168807
10317.000006818	316.24137931	3.81635070225	210.0	0.7983795	0.494714705866
10317.000026639	688.069767442	6.10925185305	509.0	0.95104742	0.679445811024
10317.000005041	331.775510204	4.7821531991	264.0	0.92594886	0.594470276835
10317.000013312	478.018181818	5.51207182886	371.0	0.9341874	0.645798944456
10317.000001285	598.47826087	6.03302546833	485.0	0.94590268	0.676208588662
10317.000017215	764.318181818	6.76355132565	512.0	0.98198314	0.75150570285
10317.000016698	722.338235294	6.60345676452	501.0	0.97640642	0.736280755745
10317.000014979	555.684210526	6.0926814003	404.0	0.96832642	0.703688216953
10317.000014538	505.489795918	4.30399725803	337.0	0.8275151	0.512587810216
10317.000004278	355.666666667	4.33595813808	256.0	0.85009764	0.54199476726
10317.000009556	427.181818182	5.70454427356	346.0	0.9527462	0.676324328661
10317.000022663	633.780821918	5.87917499588	437.0	0.95148454	0.670259596882
10317.000001141	415.220588235	5.3977865256	355.0	0.9371456	0.637156924574
10317.000002359	398.75	5.53082351974	319.0	0.95068426	0.664969237018
10317.000014236	449.75	5.62072921452	326.0	0.9476343	0.673243769672
10317.000001799	412.2	5.07101533007	324.0	0.89700294	0.608046347154
10317.000023213	489.0	5.62804933601	358.0	0.95003702	0.663386556683
10317.000013652	608.5	5.85629846074	416.0	0.95425624	0.673103733887
10317.000010205	503.842105263	5.37266044711	338.0	0.93553558	0.639535478143
10317.000005989	579.205479452	5.91298643806	422.0	0.9635839	0.67800930939
10317.000011072	379.0	3.90498152001	214.0	0.88384338	0.504423971176
10317.000013178	326.216216216	3.63079835461	232.0	0.70710034	0.462052320674
10317.000003423	382.394736842	4.35243332072	277.0	0.8295466	0.536427363804
10317.000013306	587.246153846	5.63066608899	406.0	0.94133062	0.649792015313
10317.000002489	474.8	5.68975955166	324.0	0.965449	0.682237636132
10317.000004759	362.133333333	3.97229455543	265.0	0.8464974	0.493462023667
10317.000002687	420.4	4.89491647795	339.0	0.879908	0.582371694684
10317.000004158	502.044117647	5.24796218403	371.0	0.92462068	0.614855637629
10317.000004157	487.362068966	5.3403529342	358.0	0.92634246	0.629475353356
10317.000001321	530.610169492	5.89450581624	395.0	0.95798646	0.683364802068
10317.000003022	526.065217391	6.00450008721	376.0	0.9656734	0.701903994607
10317.000003757	453.204081633	5.69071705515	346.0	0.95603344	0.674684989257
10317.000002087	505.52173913	5.56848092154	395.0	0.93203152	0.645567920602
10317.000009214	499.254237288	4.90280122814	370.0	0.88153	0.574678468057
10317.000013829	508.095238095	5.4630338913	389.0	0.92652128	0.634968752971
10317.000016757	585.115384615	5.68191316421	398.0	0.94386404	0.657885854006
10317.000014593	508.225352113	6.06771912407	411.0	0.95885264	0.69880489566
10317.000006047	489.4	5.42421745345	356.0	0.93536028	0.639970274859
10317.000010098	587.567164179	5.52661137749	423.0	0.92451094	0.633457802983
10317.000009117	477.25	5.9898297481	383.0	0.96393644	0.698017683064
10317.000026135	581.904761905	6.09945881023	423.0	0.96609356	0.699117327672
10317.000009624	533.344262295	5.82031841903	398.0	0.95794832	0.673911241341
10317.000009075	606.679245283	5.76328645433	393.0	0.96081704	0.668719965336
10317.000001765	626.514705882	6.29900991843	451.0	0.97411204	0.714417785898
10317.000016353	698.791666667	5.81006486869	480.0	0.94339202	0.652311242214
10317.000008949A	533.0	6.0443228128	408.0	0.96109244	0.69695876003
10317.000005571	282.6	3.36252945386	186.0	0.71782302	0.446008571793
10317.000006626	485.723684211	5.56529251524	387.0	0.94862186	0.647413874416
10317.000014608	535.381818182	5.08942646124	366.0	0.89571464	0.597652166926
10317.000015264	602.380952381	5.41036717636	403.0	0.9315282	0.625140925456
10317.000007732	413.625	5.31965485236	327.0	0.9402925	0.636844408878
10317.000027644	583.14084507	5.69210259564	432.0	0.92410286	0.650162848378
10317.000007697	597.151898734	6.31437545258	465.0	0.96898126	0.712596041498
10317.000004881	408.885714286	5.13544861225	284.0	0.92760704	0.630135946177
10317.000004642	352.825	3.16940812622	234.0	0.74896134	0.402701556935
10317.000001353	490.25	5.70969275297	381.0	0.9525446	0.665958445468
10317.000028759	411.9375	5.28889252864	296.0	0.94336668	0.644244177181
10317.000004631	528.381578947	6.29554531159	436.0	0.96733186	0.717998741633
10317.000009433	398.8	4.98214622824	263.0	0.92754072	0.619753257233
10317.000009061	564.573170732	6.42837188647	467.0	0.9675572	0.724954303927
10317.000013995	734.540540541	6.41604350595	497.0	0.97388712	0.71630796168
10317.000015155	509.226415094	5.5606892812	363.0	0.95224134	0.653904425199
10317.000022965	740.459016393	6.14295844254	488.0	0.96095688	0.687844487006
10317.000016701	675.461538462	6.54892413459	502.0	0.97460256	0.729966264469
10317.000022638	424.56097561	4.45788816663	281.0	0.87060394	0.548027358186
10317.000013972	525.590163934	5.834122143	386.0	0.95755386	0.678981822975
10317.000017163	658.762711864	5.48388437719	421.0	0.94149636	0.629053443952
10317.000001026	564.8	6.52146911763	453.0	0.9725525	0.739113417838
10317.000010919	542.392857143	5.10465939421	388.0	0.88680928	0.593571061461
10317.000014311	548.758064516	5.38731896294	385.0	0.9385322	0.627255554704
10317.000005039	498.028571429	5.12288445562	314.0	0.92475006	0.617615272682
10317.000004249	748.097560976	5.56443395779	381.0	0.94771208	0.649015971395
10317.000017176	427.4	5.15245198963	299.0	0.92725064	0.626513976255
10317.000002258	530.404255319	5.13591547627	352.0	0.9164086	0.607122996887
10317.000013118	596.590909091	6.30658121067	434.0	0.97072458	0.719801898472
10317.000013431	698.780821918	6.66141357533	502.0	0.97852134	0.742504735698
10317.000014197	798.397590361	6.5418765295	534.0	0.97440568	0.722005967182
10317.000015541	502.684210526	4.62811537937	302.0	0.8929812	0.561773246861
10317.000022661	605.555555556	6.01462523151	462.0	0.95604794	0.679484382506
10317.000014258	625.038461538	6.3551397946	474.0	0.9717981	0.714964941234
10317.000014324	503.442307692	5.33505698318	352.0	0.93897994	0.630663763678
10317.000002369	603.666666667	3.96433230048	352.0	0.75633526	0.46862868325
10317.000002372	418.131147541	5.17564149056	351.0	0.88657566	0.612116048936
10317.000013056	625.247058824	5.89004913803	442.0	0.95741814	0.670245157844
10317.000013852	675.0	5.90636890196	426.0	0.9604324	0.676195220993
10317.000012017	601.131578947	5.90538433109	440.0	0.95331342	0.67249088111
10317.000021237	355.032258065	2.31414089715	211.0	0.47343482	0.299716509345
10317.000016489	410.434782609	4.26927365513	294.0	0.82067886	0.520663933336
10317.000012355	562.045454545	6.13505441251	425.0	0.96673196	0.70264920921
10317.000018409	657.294117647	5.6043307371	392.0	0.93738512	0.650553627285
10317.000004077	344.5	4.59484400593	208.0	0.92444748	0.596698912544
10317.000004294	512.47826087	6.02041554056	409.0	0.96043098	0.693919473979
10317.000022993	705.880597015	6.37652424713	494.0	0.9710707	0.712590809262
10317.000008963	289.736842105	3.98612502874	228.0	0.81666602	0.508895825363
10317.000013372	421.695652174	4.83972345621	303.0	0.9182543	0.587118926025
10317.000016407	619.1	6.00185147631	415.0	0.9610754	0.690108530152
10317.000006657	507.038461538	5.64371598836	358.0	0.9535574	0.665233208326
10317.000005805	550.538461538	5.91795782984	438.0	0.95217024	0.674427514839
10317.000012988	366.615384615	3.87356741101	216.0	0.82050208	0.49950014232
10317.000011093	787.8	6.70570589855	533.0	0.97847564	0.740308238713
10317.000004979	637.842105263	5.63845825002	423.0	0.9270357	0.64627764308
10317.000014188	470.169491525	5.64957535234	361.0	0.9381715	0.664980197339
10317.000011223	825.75	6.77143134923	577.0	0.9762043	0.73823765223
10317.000013608	399.85	5.12004062433	319.0	0.91624536	0.61558093389
10317.000009594	485.808823529	5.00222756049	370.0	0.90125176	0.586332657101
10317.000022994	771.823529412	6.64425725463	547.0	0.979204	0.730507666458
10317.000002494	389.477272727	4.46633423879	288.0	0.82886944	0.546679955814
10317.000005887	453.882352941	5.08279272574	332.0	0.91630716	0.60689776656
10317.000028817	664.555555556	5.95827967258	429.0	0.95389902	0.68134852912
10317.000027879	623.276315789	5.9063274485	458.0	0.94610748	0.668196773159
10317.000002325	690.120689655	4.55376689254	403.0	0.86105268	0.526165037736
10317.000026127	581.807692308	5.6632865805	392.0	0.95270748	0.657397252256
10317.000031851	699.0	5.67536423633	450.0	0.93529964	0.643919347803
10317.000036428	453.0	5.50468389757	342.0	0.94470472	0.653929715189
10317.000026648	352.294117647	4.61388316027	257.0	0.85968158	0.576330195341
10317.000027761	852.193548387	6.6642606415	528.0	0.97535306	0.73683881458
10317.000030744	481.181818182	5.43484900237	338.0	0.93860808	0.646938102563
10317.000021239	400.642857143	5.03073750179	278.0	0.93577536	0.619629759193
10317.000036165	542.04	6.10090969498	425.0	0.9664524	0.698738606767
10317.000027762	385.090909091	4.65003742252	244.0	0.88547334	0.586331033874
10317.000023342	698.388888889	5.37320501635	390.0	0.93503422	0.624259186122
10317.000029227	569.021276596	5.56100795009	353.0	0.9523286	0.657055820345
10317.000030751	396.068965517	4.58458932149	309.0	0.8710085	0.554265830123
10317.000026658	695.120689655	6.27714920996	459.0	0.97093184	0.709896007981
10317.000036106	330.529411765	3.92536457427	228.0	0.85332022	0.501138732597
10317.000030756	468.12244898	4.31850357241	315.0	0.84701016	0.520351286874
10317.000038402	512.295774648	5.60166147841	383.0	0.95499804	0.652782955594
10317.000033785	849.5	6.46353934845	533.0	0.97210812	0.713573112703
10317.000028955	956.961538462	6.55130875603	580.0	0.97243424	0.713657258671
10317.000035491	678.777777778	6.06910334661	452.0	0.95525218	0.688092993631
10317.000036399	345.071428571	4.12197065248	241.0	0.8785783	0.520918526385
10317.000002326	629.857142857	5.14347911199	342.0	0.91425838	0.611020340745
10317.000036934	311.375	4.48697906178	220.0	0.89795344	0.576631749073
10317.000036101	576.428571429	5.71942356346	390.0	0.95103752	0.664482871573
10317.000043083	617.815384615	4.92437530133	427.0	0.87364192	0.563552678893
10317.000036085	539.701754386	4.89334822727	369.0	0.8944164	0.573833060329
10317.000036124	483.636363636	3.4340163036	278.0	0.67349076	0.422963570353
10317.000033728	508.909090909	5.01274326478	368.0	0.89399368	0.588104279715
10317.000036081	482.222222222	5.54786584494	341.0	0.94231582	0.659390442713
10317.000037612	465.137931034	4.56441943633	284.0	0.8711141	0.560068842554
10317.000028718	505.630434783	5.04835678953	309.0	0.93167316	0.610334202365
10317.000030771	301.25	3.63716398436	194.0	0.81436236	0.478579696884
10317.000034241	513.368421053	5.86826862966	386.0	0.9593105	0.682955830237
10317.000009144	285.65625	4.39527258764	208.0	0.8899442	0.570782026549
10317.000004765	456.111111111	5.92616945461	355.0	0.96466578	0.699527461174
10317.000006675	712.1875	6.65737588775	493.0	0.97730532	0.744219740185
10317.000031829	414.774193548	3.84675862659	242.0	0.76856206	0.485771569899
10317.000033666	451.352941176	4.97291843482	316.0	0.92502358	0.598874005183
10317.000031926	955.12987013	5.71879205189	487.0	0.96496374	0.640561635401
10317.000027821	491.5	5.13262392937	303.0	0.92591636	0.622651413116
10317.000013063	484.255319149	4.90857079981	322.0	0.90484744	0.589199348838
10317.000014234	473.525	4.83193280473	289.0	0.90933424	0.591067490078
10317.000022526	579.790697674	5.09473316422	337.0	0.93251868	0.606761101301
10317.000033713	540.84	3.77484434931	260.0	0.74426856	0.47053992503
10317.000014018	546.842105263	5.79071922022	381.0	0.95807962	0.675409087124
10317.000010207	588.520833333	5.55368954281	368.0	0.9501288	0.65156909417
10317.000006777	361.542372881	5.34502980725	317.0	0.9390478	0.643333136487
10317.000014678	412.78125	2.24445218243	222.0	0.5817597	0.287956432004
10317.000002711	269.294117647	3.40502301225	192.0	0.7346826	0.448917580268
10317.000013755	442.12244898	4.85834617277	306.0	0.91137034	0.588363567914
10317.000016381	409.451612903	3.9694271712	240.0	0.82502836	0.502021258952
10317.000001221	413.103448276	5.52551578871	353.0	0.93379502	0.652862276401
10317.000009497	461.896551724	4.406562957	270.0	0.88993254	0.545581721416
10317.000002161	583.0	5.44945218728	364.0	0.95204632	0.640524650364
10317.000023343	334.0	4.15591300386	202.0	0.89338502	0.542674097368
10317.000036151	581.833333333	6.0712696335	428.0	0.96407766	0.694536699955
10317.000038424	596.850746269	5.65699316514	407.0	0.93757716	0.652562950761
10317.000036191	491.016393443	5.555540932	372.0	0.9468844	0.650595808661
10317.000005799	129.0625	1.83525824246	100.0	0.4235403	0.276233890385
10317.000016723	485.714285714	5.59472901047	340.0	0.95060552	0.665295388568
10317.000004927	277.682926829	3.49748538267	210.0	0.80298096	0.453380097206
10317.000016717	593.0	6.05649681817	380.0	0.96819568	0.706720987491
10317.000002382	622.202702703	6.28778694369	463.0	0.96823928	0.710093777969
10317.000001575	476.580645161	5.37631746465	369.0	0.92440656	0.630469887029
10317.000012154	430.591836735	4.99696359015	306.0	0.92857958	0.605150646348
10317.000006034	572.064516129	5.73180712816	406.0	0.9533836	0.661463927416
10317.000001782	587.9125	5.79211931332	461.0	0.94524426	0.654578610967
10317.000014556	396.896551724	3.63194152225	233.0	0.7896428	0.461833107132
10317.000010979	477.942307692	4.87130072955	336.0	0.9035792	0.580447626579
10317.000005228	191.588235294	0.926729476163	101.0	0.20686124	0.139185947843
10317.000002067	373.0	4.5509247721	286.0	0.87097276	0.557720163012
10317.000012156	630.971014493	6.02542929267	458.0	0.96279526	0.681671046072
10317.000008991	422.957446809	5.20387492145	309.0	0.93729162	0.629135970734
10317.000001405	331.078947368	4.97644878654	250.0	0.93435184	0.624728037906
10317.000010776	474.096774194	6.43516511181	399.0	0.97290786	0.744789662714
10317.000013965	578.428571429	5.21062117997	320.0	0.93454276	0.626131483059
10317.000003281	224.428571429	4.54849881554	188.0	0.91701122	0.602084230504
10317.000002272	504.238095238	4.69149581604	352.0	0.89116362	0.554587592587
10317.000002126	436.97826087	4.886146326	325.0	0.90137156	0.585567240175
10317.000012202	467.20754717	4.85868824393	309.0	0.92612602	0.587403731061
10317.000001794	409.146341463	4.96390975086	320.0	0.90149046	0.596485537277
10317.000002276	512.553846154	5.16081907155	399.0	0.86988008	0.59730008925
10317.000009198	472.1	5.17151104869	350.0	0.90349466	0.611925436515
10317.000014594	402.689655172	3.76802124449	232.0	0.75278198	0.479515189313
10317.000016737	704.973684211	6.08462707984	493.0	0.9581367	0.680192865903
10317.000015605	531.170212766	5.4975111979	350.0	0.94929	0.650499807087
10317.000009219	526.0	4.79823078382	372.0	0.86083308	0.561909069729
10317.000007005	274.085714286	3.52616371078	199.0	0.76926638	0.461743752769
10317.000006703	372.096774194	2.97415316536	225.0	0.67783318	0.380629184843
10317.000017746	304.695652174	4.90931578699	236.0	0.93101422	0.622800722581
10317.000026105	318.037037037	4.24098732092	201.0	0.89178186	0.554301224472
10317.000001301	293.068181818	3.34564472007	230.0	0.69676474	0.426441777167
10317.000009097	318.125	3.99246261663	236.0	0.79290746	0.506487810196
10317.000016414	392.277777778	4.52727581541	252.0	0.90437198	0.567521242682
10317.000003732	351.333333333	5.20942278514	288.0	0.93483224	0.637634101197
10317.000013814	360.6	4.10628452352	218.0	0.87737064	0.528602869324
10317.000018426	303.052631579	5.01715919854	250.0	0.92904716	0.629838697516
10317.000002132	580.3	4.95706386616	427.0	0.85310416	0.567293605844
10317.000003225	247.534883721	4.05574135596	213.0	0.85835644	0.524355994613
10317.000009392	284.541666667	2.71715514869	172.0	0.6517941	0.365884497582
10317.000009149	367.015873016	5.28178566335	309.0	0.9360011	0.638555192175
10317.000013912	259.1	4.06762815394	194.0	0.84001216	0.535220368761
10317.000007677	331.381818182	4.87007152284	268.0	0.92565602	0.603771097474
10317.000017208	420.166666667	5.3100657225	307.0	0.9461337	0.642702101813
10317.000013117	542.294117647	3.85949339865	346.0	0.70481708	0.457577179988
10317.000005026	253.0	3.7861653236	166.0	0.84880594	0.513375604137
10317.000009033	321.722222222	5.63589348743	277.0	0.95341764	0.694610867846
10317.000013524	691.0	6.29328825337	518.0	0.96312402	0.697950766233
10317.000002274	222.941176471	3.84677682278	176.0	0.83550084	0.515693020521
10317.000008999	400.785714286	3.15333361509	224.0	0.67872372	0.403892694333
10317.000016761	441.93220339	5.11900291435	344.0	0.91689894	0.607505586802
10317.000004025	144.0	2.95462763414	114.0	0.76418308	0.432412585013
10317.000001128	352.109090909	5.43698864927	303.0	0.93997334	0.659574656579
10317.000003559	473.241935484	5.64625299838	360.0	0.9577526	0.664902340434
10317.000017117	181.454545455	2.99826343256	128.0	0.71734626	0.428323347508
10317.000014561	703.571428571	6.05855921794	412.0	0.95637278	0.69746835322
10317.000002056	483.411764706	6.07522460476	368.0	0.96349572	0.712756548973
10317.000002243	367.279069767	4.88943865909	259.0	0.90626504	0.609898413886
10317.000003189	439.833333333	4.78181017343	308.0	0.8940583	0.578436391201
10317.000016315	332.069767442	3.2052779567	241.0	0.66493274	0.405070489489
10317.000011315	462.25	5.61586542395	359.0	0.95021826	0.661636576747
10317.000013913	362.565217391	3.37087569894	211.0	0.74817974	0.436579768833
10317.000013498	347.692307692	4.06963220845	238.0	0.86909812	0.515481462709
10317.000002589	507.238095238	5.6187554271	370.0	0.95941546	0.658598546215
10317.000004086	601.692307692	6.54857199442	452.0	0.97395158	0.742453415324
10317.000013551	427.025	3.18563034263	266.0	0.67779324	0.395470968043
10317.000006766	397.5	5.64176052646	333.0	0.9492557	0.673291058037
10317.000011962	481.416666667	3.38018892375	273.0	0.7247561	0.417680756371
10317.000002199	236.033333333	4.08076168383	179.0	0.87864068	0.545278211714
10317.000010556	494.466666667	4.07239980834	311.0	0.78119946	0.491789945814
10317.000028914	460.0	4.71964215847	286.0	0.91570214	0.578396639319
10317.000038479	320.884615385	4.67023557387	228.0	0.91239974	0.596234029257
10317.000042999	571.5	6.06290725024	372.0	0.96960546	0.710012237078
10317.000041554	711.142857143	6.26718235772	468.0	0.97151912	0.706530402733
10317.000037489	494.0	5.95473095336	373.0	0.9669292	0.697027832583
10317.000031493	361.333333333	5.1931384744	298.0	0.9224117	0.631832582757
10317.000039813	390.837837838	4.76406421392	265.0	0.89054862	0.59182035347
10317.000009455	312.0625	5.09656671783	223.0	0.93904596	0.653330613547
10317.000023819	492.214285714	4.70381629071	282.0	0.87086598	0.577896260747
10317.000008950B	351.9375	3.71005705773	243.0	0.77953206	0.468157077034
10317.000001067	217.5	2.02492464516	107.0	0.63599616	0.300368547268
10317.000009526	309.813953488	5.3745974284	247.0	0.95150722	0.676188866444
10317.000010876	275.103448276	5.06974191482	212.0	0.94036122	0.656029257111
10317.000001622	308.666666667	4.35813244723	220.0	0.89316536	0.560073381475
10317.000002271	336.228571429	3.47438991287	214.0	0.78367664	0.448802522697
10317.000002465	444.75862069	6.06112316047	371.0	0.9673981	0.710126257564
10317.000001747	297.088235294	4.31960550272	224.0	0.8671634	0.55327387391
10317.000002038	325.0	3.78787101296	209.0	0.83893048	0.491461595087
10317.000023378	382.596491228	4.58786218829	294.0	0.86463892	0.559517745996
10317.000010178	305.065217391	4.77457411277	257.0	0.89704158	0.596402452229
10317.000011259	327.319148936	3.74426535836	244.0	0.74827322	0.472120711983
10317.000005025	288.534883721	4.28421194193	224.0	0.87544674	0.548740512593
10317.000001225	168.416666667	2.38656846346	129.0	0.63604964	0.340392398722
10317.000015394	385.833333333	3.5660475254	178.0	0.83812456	0.477016410274
10317.000042586	639.551724138	6.36553460823	452.0	0.97172102	0.721701298279
10317.000001208	287.047619048	4.16168715475	188.0	0.89775506	0.550882018394
