	chao1	shannon	observed_otus	simpson	equitability
10317.000002503	441.304347826	5.43556926589	356.0	0.93038778	0.641309605849
10317.000013618	778.37254902	6.63607067757	466.0	0.98010138	0.748638461476
10317.000031796	1020.36986301	6.48341943313	594.0	0.96763716	0.703624364224
10317.000026504	639.75	6.12518266408	441.0	0.96478978	0.697260930222
10317.000007104	689.654545455	5.81685861971	416.0	0.9569814	0.668570647939
10317.000007077	653.591836735	5.84182786651	394.0	0.96085326	0.677544972918
10317.000016408	732.597826087	6.41388091336	527.0	0.97072074	0.709369907203
10317.000005802	558.3125	4.49426977657	284.0	0.8891584	0.551461255259
10317.000006952	419.212765957	5.84525653915	334.0	0.96569048	0.697216449344
10317.000013023	575.294117647	5.95256230829	379.0	0.96722354	0.694901325834
10317.000002645	440.115384615	4.79318765084	329.0	0.89229316	0.573214527691
10317.000002027	606.928571429	5.8011895789	402.0	0.95765676	0.670576224254
10317.000027353	1041.53333333	6.56112946417	629.0	0.96091818	0.705731805921
10317.000023798	748.5	6.08591961977	471.0	0.9521981	0.685383474505
10317.000041962	793.159090909	6.53849852726	539.0	0.97498152	0.720563874181
10317.000040352	521.595744681	4.34354789511	332.0	0.7885632	0.518630142665
10317.000028811	604.117647059	4.98848855999	385.0	0.91236406	0.580818989995
10317.000027772	951.6	7.00353720678	617.0	0.9808493	0.755576814215
10317.000027617	672.758064516	5.49827242061	430.0	0.93626272	0.628503796743
10317.000039952	157.55	4.4340338532	140.0	0.89861332	0.621946672991
10317.000026028	794.303571429	6.10709022033	460.0	0.96779394	0.690418527991
10317.000001441	486.0	5.10733774442	367.0	0.89733086	0.59947838063
10317.000016347	681.015873016	6.15864347442	461.0	0.95260932	0.696000215613
10317.000001595	563.044117647	6.30576436652	432.0	0.9707712	0.720256469881
10317.000002146	633.085714286	5.90391694094	423.0	0.96069566	0.676704403287
10317.000012158	832.590361446	6.58886539401	558.0	0.97248442	0.722136978326
10317.000014313	340.25	4.06233620751	229.0	0.85389604	0.518207756466
10317.000007749	375.4	5.54442237549	304.0	0.94224572	0.672220065762
10317.000017335	674.486486486	5.97276043741	464.0	0.96637026	0.674280114249
10317.000002578	557.390625	5.9612586962	392.0	0.96539444	0.691986010448
10317.000007719	517.153846154	5.04676041094	338.0	0.92730992	0.600741916274
10317.000006716	557.243589744	5.95625424744	443.0	0.95476664	0.677527458306
10317.000006802	493.254237288	5.7275032767	386.0	0.9398002	0.666573397092
10317.000002898	562.117647059	5.77859561313	390.0	0.95678566	0.671357482808
10317.000001647	546.5	5.77571711347	382.0	0.95309642	0.673362289477
10317.000002878	413.1875	5.64173663563	344.0	0.93004404	0.669541819521
10317.000017667	711.770833333	5.97001246721	423.0	0.96386136	0.684280243887
10317.000009213	476.1	5.66517398763	354.0	0.95015372	0.669040846803
10317.000031434	583.25862069	5.24901674313	388.0	0.92296348	0.610356969827
10317.000027217	596.956521739	4.68885083652	370.0	0.8309905	0.549600420309
10317.000001546	506.849056604	6.33259325386	381.0	0.97606114	0.738611365195
10317.000009074	513.098591549	6.0076525313	395.0	0.96866136	0.696482183737
10317.000027277	771.951612903	5.52936002629	470.0	0.92516972	0.622920010132
10317.000001333	256.24137931	4.30719215493	180.0	0.90897304	0.574916792888
10317.000023984	618.458333333	5.78719676376	444.0	0.94836376	0.658053570778
10317.000028933	708.278481013	6.17311766403	481.0	0.96459392	0.692838579094
10317.000015568	610.0	6.08533398649	451.0	0.96573714	0.690183201706
10317.000006944	594.509259259	2.96798967817	442.0	0.55680904	0.337735842894
10317.000002028	541.211267606	5.55938278792	410.0	0.91462922	0.640520252847
10317.000003896	487.714285714	5.89831192331	384.0	0.95718286	0.687051565201
10317.000011025	758.52	6.31012126525	447.0	0.97286754	0.716722780485
10317.000017293	859.956521739	5.97565477747	514.0	0.95605282	0.663546958329
10317.000031284	333.193548387	3.60637370067	204.0	0.80040216	0.47004350514
10317.000020034	667.467532468	5.92728783058	472.0	0.956567	0.66728875602
10317.000031847	675.166666667	5.46022318893	406.0	0.93445942	0.63012250663
10317.000013935	586.178571429	6.16829418271	467.0	0.96441	0.695624256751
10317.000014019	647.753424658	6.28157979244	480.0	0.9685996	0.705249461079
10317.000023052	468.0	5.4180678167	345.0	0.9413693	0.642678169824
10317.000015385	675.580645161	6.41286361492	460.0	0.97366224	0.72498681
10317.000017354	772.442857143	6.67991713245	524.0	0.97542098	0.739466881083
10317.000023475	733.53125	6.52314988178	479.0	0.97678608	0.732618648225
10317.000003475	623.559322034	5.92510987417	461.0	0.94524128	0.669608131577
10317.000017269	536.14084507	5.67171958606	403.0	0.93779676	0.655338892053
10317.000014801	668.046511628	5.67159023821	361.0	0.95566574	0.667571447519
10317.000009716	618.078651685	6.58457236894	504.0	0.97669594	0.733470764536
10317.000013155	622.083333333	5.77829746034	452.0	0.9449647	0.655122473701
10317.000015604	510.842105263	5.68182664854	366.0	0.95359066	0.667217816085
10317.000009236	483.32	5.61062721601	359.0	0.93457146	0.661019434114
10317.000041289	636.08	5.61473057655	440.0	0.94068518	0.639391934702
10317.000030735	738.5	6.23468481073	476.0	0.96359198	0.700934519024
10317.000022541	649.5	5.20961707085	396.0	0.90449102	0.603708630922
10317.000034132	523.476190476	3.46380797649	238.0	0.77232632	0.438744513216
10317.000026633	702.596774194	5.78589635235	434.0	0.95283154	0.660373511362
10317.000028715	471.724137931	4.82527530795	265.0	0.91009378	0.599424359143
10317.000026126	360.117647059	4.40570254362	265.0	0.89192472	0.547302538247
10317.000033665	613.0	4.83437818668	364.0	0.88968976	0.568229299264
10317.000028755	738.753623188	6.14257048267	484.0	0.96093416	0.68871674778
10317.000016485	477.75	4.46086286073	314.0	0.85000158	0.537801907498
10317.000001001	460.826086957	4.55637570232	303.0	0.87050382	0.552745303139
10317.000002334	641.708333333	5.88953197785	412.0	0.95749594	0.678009741601
10317.000006797	382.857142857	4.74446419983	281.0	0.89741814	0.583257382028
10317.000013156	736.878787879	6.5841803632	479.0	0.9768673	0.73947301607
10317.000001529	672.508196721	6.15527373354	448.0	0.96834396	0.698878810722
10317.000002418b	744.030612245	6.46231548403	543.0	0.97158798	0.711332062072
10317.000005849	412.88372093	4.24398155366	276.0	0.83328094	0.523397515329
10317.000011341	636.204081633	5.70661890897	402.0	0.95685176	0.659644527935
10317.000013355	669.40625	6.32920647766	518.0	0.96528798	0.701934240557
10317.000006794	574.0	5.3396742662	388.0	0.92465732	0.620898649112
10317.000028723	673.2	5.59983430525	456.0	0.94109554	0.633975323622
10317.000002774	471.872340426	4.64041399291	325.0	0.85377596	0.556118100811
10317.000001531	517.916666667	6.26662238629	412.0	0.96860198	0.721420826106
10317.000018027	680.253521127	6.49272822635	492.0	0.97596324	0.726051741093
10317.000001948	403.772727273	5.05924882267	289.0	0.92945658	0.618873983588
10317.000001032	433.2	5.52700939725	324.0	0.9539913	0.662722878149
10317.000016697	893.875	7.05268807559	590.0	0.98482448	0.766215825275
10317.000011162	551.671641791	4.19259023706	398.0	0.75720998	0.485443147209
10317.000005999	506.428571429	4.96073028584	359.0	0.91359208	0.584451434766
10317.000001362	610.865853659	6.56852375575	480.0	0.9769991	0.737465413462
10317.000010947	505.840909091	5.73872191657	324.0	0.9624245	0.688108528881
10317.000002851	495.046153846	5.44692652716	370.0	0.93592706	0.638457740094
10317.000035452	653.765957447	6.53069226645	416.0	0.97523424	0.750616345612
10317.000005928	840.313432836	6.14375193817	519.0	0.95012252	0.681156398688
10317.000027807	749.12987013	6.36701433262	506.0	0.97037056	0.708785359766
10317.000031313	859.25	6.47767483514	573.0	0.96893498	0.706985174799
10317.000014458	602.659574468	5.44274989013	352.0	0.94483198	0.643394277003
10317.000016759	641.545454545	6.10459610923	456.0	0.95989112	0.691121037332
10317.000014308	748.56	6.11152420186	451.0	0.9585675	0.693153629745
10317.000010546	440.269230769	4.56526932294	312.0	0.88387514	0.551001532858
10317.000015305	726.108108108	6.70851954532	518.0	0.97532674	0.744001572539
10317.000014295	544.488372093	5.05559942678	331.0	0.91514758	0.603964666351
10317.000011055	702.158730159	6.19617019988	490.0	0.95405444	0.69334466073
10317.000002818	483.770833333	3.73385563978	330.0	0.68789918	0.446295940338
10317.000009667	673.736842105	4.78392905258	339.0	0.9096231	0.569166988272
10317.000012254	525.041666667	5.25741711686	386.0	0.91892466	0.611864230925
10317.000026037	705.033898305	6.29842504618	484.0	0.96543186	0.706191459452
10317.000007037	434.566037736	5.71765479768	359.0	0.92527208	0.673628953291
10317.000015594	695.961538462	6.64048893738	503.0	0.97933938	0.739935610388
10317.000004286	591.625	5.47906744313	386.0	0.94099418	0.637660149986
10317.000001351	516.454545455	5.07942003731	352.0	0.90933682	0.600444600334
10317.000010115	547.357142857	5.55530897736	381.0	0.93519536	0.647951665828
10317.000010981	512.234375	6.02653495837	395.0	0.96303434	0.698671270735
10317.000013028	439.62295082	5.97072041469	371.0	0.9586792	0.699534596277
10317.000017095	604.358208955	6.43290104415	442.0	0.9760509	0.732017793856
10317.000011048	692.7	6.36341600767	498.0	0.9701912	0.710202526285
10317.000002079	443.549019608	5.22416387882	326.0	0.94352686	0.625743680033
10317.000014937	566.0	6.29754346989	435.0	0.96900572	0.718498086903
10317.000013653	440.882352941	5.06062155896	319.0	0.91632972	0.608436997653
10317.000021178	629.915254237	5.7966954747	425.0	0.94700602	0.663896881342
10317.000006741	574.593220339	5.87931851997	419.0	0.95496258	0.674945375576
10317.000014548	725.75	6.01037524437	439.0	0.96243956	0.684702942988
10317.000013215	726.5	6.1536676707	463.0	0.9629535	0.694947389883
10317.000010867	527.088235294	5.71235384307	384.0	0.95952816	0.665390657512
10317.000026613	535.047619048	5.90170957266	404.0	0.95892414	0.681631487567
10317.000006909	583.202702703	6.17197906223	446.0	0.96481208	0.701289542253
10317.000011163	495.166666667	5.23257473802	328.0	0.91338858	0.626089402151
10317.000012276	678.508196721	5.99837681868	454.0	0.95116606	0.67958351187
10317.000015003	570.4375	5.47662855886	382.0	0.91793472	0.638493034294
10317.000001613	559.278688525	5.85644196904	411.0	0.953574	0.674472604192
10317.000006029	583.333333333	5.87468508921	413.0	0.9582841	0.676028361403
10317.000005024	605.042857143	6.18543304896	460.0	0.95676216	0.69927533843
10317.000026632	725.56	6.22449712575	428.0	0.97140656	0.712065507475
10317.000033799	505.6	5.16904792836	277.0	0.95214952	0.637073229907
10317.000029152	680.0	4.25938877382	338.0	0.77526816	0.507017010079
10317.000022999	611.227272727	5.38962508012	364.0	0.93440252	0.63349261566
10317.000037575	697.958762887	6.83032882124	541.0	0.97909256	0.752281542826
10317.000027681	685.346938776	6.37982964061	429.0	0.9709402	0.729554129806
10317.000021296	800.101265823	6.48384177605	538.0	0.97276622	0.71475154908
10317.000028712	627.873015873	5.65085601171	431.0	0.94522298	0.645698173209
10317.000027363	820.211267606	5.9038785915	484.0	0.9564709	0.661954156537
10317.000033801	658.846153846	5.5373523071	411.0	0.9360924	0.63772380067
10317.000011225	678.737704918	5.94375984087	432.0	0.95959716	0.67890762039
10317.000011409	505.7	5.3075062547	338.0	0.93683924	0.631779838641
10317.000009475	420.222222222	4.91843540549	308.0	0.90428302	0.594963397358
10317.000012928	523.12244898	5.69346081713	352.0	0.95369044	0.67303112949
10317.000028841	696.8125	6.05635436509	470.0	0.96682888	0.682289506294
10317.000014534	517.58490566	5.61024587942	369.0	0.95009238	0.657902199611
10317.000016715	613.943181818	6.53788453036	473.0	0.9774869	0.735776269599
10317.000008954A	530.230769231	5.76184538271	389.0	0.94398384	0.669699630327
10317.000015912	528.857142857	5.26282014534	347.0	0.93093356	0.623646161356
10317.000016725	657.109090909	6.37990024739	420.0	0.97807908	0.732123077603
10317.000018358	511.381818182	4.7938508437	337.0	0.88177868	0.570927293665
10317.000010102	499.875	5.55294086575	357.0	0.95323732	0.654844900794
10317.000008949B	495.25862069	5.98189971674	390.0	0.959097	0.694977362166
10317.000010869	625.92	6.14105659465	420.0	0.95881126	0.704714663157
10317.000014571	609.078947368	6.43945461578	464.0	0.97416134	0.726966406829
10317.000010827	544.018181818	5.93574534586	382.0	0.963565	0.692019189534
10317.000014162	659.542372881	5.89825335683	433.0	0.95841998	0.673453189331
10317.000016736	614.363636364	5.75714332247	468.0	0.95281292	0.649031184677
10317.000001929	540.725806452	5.7647290348	397.0	0.953478	0.667755385374
10317.000003196	670.161764706	6.15671247201	476.0	0.96125024	0.692168477853
10317.000028833	296.294117647	4.07496884204	201.0	0.88936736	0.532602445588
10317.000004291	967.04	6.33649329066	542.0	0.97237764	0.697686556542
10317.000035347	1050.24193548	6.27887120899	532.0	0.97144714	0.693393193831
10317.000031035	616.0	4.96302949906	351.0	0.88738256	0.586970719139
10317.000016765	713.71875	6.13465716985	462.0	0.96295952	0.693044633456
10317.000004918	595.397849462	6.2725627958	472.0	0.97097466	0.706159502408
10317.000001347	597.758064516	5.92052341208	434.0	0.95186714	0.675739176204
10317.000005938	478.630769231	5.68673942043	404.0	0.94092792	0.656803016623
10317.000003982	492.05	5.11356000556	377.0	0.88579466	0.597488739673
10317.000001934	552.693548387	5.48570195742	398.0	0.91981628	0.635167348176
10317.000015355	618.037735849	5.90056191128	410.0	0.95271782	0.679828957914
10317.000002418a	714.0625	6.43292577072	499.0	0.97741896	0.717728484955
10317.000026083	652.418918919	5.72680561381	456.0	0.93565004	0.648350155456
10317.000009476	394.0	4.66661343999	295.0	0.8839873	0.568782128639
10317.000003729	624.358974359	5.80811700245	483.0	0.94310984	0.65143512554
10317.000017219	688.126760563	6.42062498309	481.0	0.97368896	0.72061751165
10317.000004283	270.555555556	3.10964798645	155.0	0.74189764	0.427376967908
10317.000003473	576.95890411	6.54383280453	484.0	0.96847418	0.733707046565
10317.000007068	317.073170732	4.94866207989	240.0	0.93266104	0.625867023206
10317.000011342	593.308823529	6.02176613321	444.0	0.94949142	0.684726106284
10317.000026056	461.178571429	4.71856035754	325.0	0.90704122	0.565483344504
10317.000012209	638.519230769	5.75513326216	400.0	0.94768756	0.665806225348
10317.000016355	700.78125	6.4504104596	471.0	0.97566202	0.726431666698
10317.000015185	533.357142857	5.20029936662	367.0	0.90823472	0.610389834999
10317.000003028	440.388888889	5.31002032134	366.0	0.9154633	0.623556539354
10317.000012985	718.375	6.17693469411	475.0	0.96059974	0.694678919357
10317.000016755	641.576923077	6.04909963209	466.0	0.94289224	0.682420194406
10317.000014327	470.181818182	5.57133002526	351.0	0.95520836	0.658913591407
10317.000013249	432.142857143	5.27924320893	303.0	0.9453224	0.640438163687
10317.000008950A	346.357142857	3.75296376308	251.0	0.78810166	0.470795114858
10317.000016716	604.769230769	6.1112600208	404.0	0.96839532	0.705833997354
10317.000022662	608.096774194	5.97302779576	423.0	0.96028046	0.68462585954
10317.000022443	626.789473684	5.22416870834	398.0	0.93325284	0.604885466009
10317.000017074	503.2	5.50785311977	358.0	0.94737198	0.649218849675
10317.000002511	519.108695652	4.95171117	356.0	0.89033996	0.584222145532
10317.000013821	437.88372093	5.05080705573	301.0	0.92958576	0.613437012398
10317.000004819	376.208333333	4.96679630392	271.0	0.92102936	0.614539063621
10317.000017075	561.263157895	4.99527298897	373.0	0.89945484	0.584718996027
10317.000010834	646.607142857	5.68247046579	405.0	0.94236006	0.656039718594
10317.000014303	513.0	6.06166130999	386.0	0.9682339	0.70546309207
10317.000015265	566.406779661	5.63472237972	377.0	0.95653742	0.658383429431
10317.000003193	427.5	4.88903409375	285.0	0.9213348	0.599527056076
10317.000013619	701.875	6.66431470663	500.0	0.97777028	0.743305269794
10317.000005015	616.123076923	5.90636877855	413.0	0.96608672	0.679674356424
10317.000022925	350.27027027	5.27596099323	267.0	0.94644278	0.654529216577
10317.000003439	545.701754386	5.35150167901	375.0	0.94183692	0.625851965136
10317.000016735	622.194805195	6.1023301688	457.0	0.96563834	0.690617405243
10317.000011168	555.8	5.96340950211	378.0	0.96196438	0.696477535516
10317.000004972	541.35	6.36675454968	408.0	0.97337852	0.734137717954
10317.000009382	638.631578947	5.92816136604	407.0	0.96588452	0.683843582744
10317.000027308	487.679245283	5.51110183726	364.0	0.91707898	0.647770905426
10317.000003895	518.223880597	5.95238231896	395.0	0.96305532	0.690074569784
10317.000001322	453.666666667	5.02285654835	308.0	0.93454198	0.607594804055
10317.000026106	514.929577465	5.64691570092	395.0	0.93534328	0.65466106075
10317.000008957B	557.344827586	6.3186495183	415.0	0.97022714	0.726534794944
10317.000001047	415.277777778	4.8464389261	275.0	0.90674514	0.598083030085
10317.000017071	488.073170732	4.60462069344	311.0	0.85209022	0.556061847533
10317.000015262	555.12244898	5.48652332008	365.0	0.94994816	0.644582090581
10317.000003981	464.642857143	5.39657912058	371.0	0.94421156	0.632267722183
10317.000014334	733.48	6.43548636848	509.0	0.97134318	0.715728269212
10317.000011378	643.296875	5.75365677615	437.0	0.95476634	0.655949801474
10317.000016718	648.622222222	5.89522851185	373.0	0.96581402	0.69006280626
10317.000016714	727.0	6.57649710336	463.0	0.97834624	0.742698459053
10317.000007748	442.181818182	5.339816172	341.0	0.92756412	0.634662742048
10317.000007073	771.333333333	5.78031943087	468.0	0.95506556	0.651643941778
10317.000001247	699.24137931	6.74040677157	512.0	0.98062276	0.74893408573
10317.000002036	397.833333333	4.98104484583	279.0	0.92817876	0.613117979735
10317.000012112	579.25	5.81414332462	393.0	0.96059754	0.674620939513
10317.000002437	400.692307692	4.87314679117	298.0	0.9160188	0.592900216006
10317.000003731	614.518518519	5.45631536431	402.0	0.94485144	0.630711219755
10317.000013171	606.019607843	5.51262473489	381.0	0.93881876	0.642973126178
10317.000001487	489.5	5.77797713545	362.0	0.96078054	0.679774340877
10317.000014306	558.9375	5.31674927903	362.0	0.93232654	0.625511256281
10317.000002064	525.098360656	6.18347615347	410.0	0.9674217	0.712424716986
10317.000002336	547.666666667	5.3763727822	365.0	0.90867552	0.631641096833
10317.000006074	460.887323944	5.70133784801	362.0	0.96176088	0.670757790641
10317.000012061	514.454545455	4.65112384604	335.0	0.89297296	0.554496216188
10317.000016756	676.175438596	6.02529338439	433.0	0.96262606	0.687958417668
10317.000011018	671.342465753	6.20762846422	486.0	0.95995934	0.695547213088
10317.000015261	675.901408451	5.83577519016	449.0	0.95883604	0.662360563206
10317.000013458	638.058823529	6.32681579174	451.0	0.9691148	0.717571457778
10317.000041935	429.375	4.23738680811	309.0	0.81088914	0.51228988074
10317.000033721	657.7	6.24867389791	463.0	0.97158996	0.705676654633
10317.000031491	477.229508197	6.38021392166	386.0	0.9770707	0.74253661019
10317.000017671	392.06122449	5.18159647532	289.0	0.93891832	0.633840193362
10317.000036943	521.154929577	5.99740301441	412.0	0.96179172	0.690427980248
10317.000036102	675.8	6.26184927047	442.0	0.9692954	0.712553334331
10317.000028894	689.8125	5.29099298513	387.0	0.9383611	0.615504442692
10317.000040358	495.632653061	5.61650220784	340.0	0.95046074	0.667884541281
10317.000031506	643.741935484	6.0820713592	436.0	0.9580563	0.693652315453
10317.000016446	711.681818182	5.93718223837	473.0	0.94630266	0.668172981488
10317.000028793	589.9375	5.44759215883	354.0	0.95122032	0.643345055059
10317.000042026	835.53125	6.50704733527	512.0	0.97331996	0.723005259474
10317.000037582	495.0	5.78974462652	370.0	0.9577085	0.678640927418
10317.000029202	515.029411765	4.60902338673	312.0	0.86439024	0.556282394623
10317.000022618	780.915492958	6.34614718674	509.0	0.96729508	0.705792333642
10317.000021229	485.25	3.29109647576	263.0	0.69158916	0.409395402559
10317.000034121	440.5	4.48940390565	237.0	0.91050546	0.569089874522
10317.000036071	434.01754386	4.87738558237	317.0	0.90761624	0.587047009598
10317.000036166	531.904761905	5.73614792022	373.0	0.95943122	0.671441713072
10317.000031593	624.027027027	4.8613844685	334.0	0.88311978	0.579861156704
10317.000034194	859.04	5.98320572644	529.0	0.94505748	0.661337877602
10317.000036131	675.188405797	6.01050391343	452.0	0.9605566	0.681449201772
10317.000002347	437.549019608	4.98731361179	320.0	0.92283312	0.5992978496
10317.000016767	674.019607843	6.19205270417	440.0	0.96543728	0.705135981917
10317.000036109	515.285714286	4.1481151833	272.0	0.81876144	0.512906861487
10317.000004973	601.25	6.30747002342	425.0	0.96742098	0.72239600924
10317.000031379	763.545454545	5.91421655582	459.0	0.95164762	0.668851190705
10317.000004737	574.132075472	5.74765037929	411.0	0.92899986	0.661943333477
10317.000006666	540.127659574	4.85557675417	339.0	0.90890296	0.577691259031
10317.000003969	386.078947368	4.9856957942	261.0	0.93373568	0.621045612184
10317.000001749	595.0	6.27605253124	458.0	0.96487828	0.710024644944
10317.000009507	583.026315789	6.35917772932	455.0	0.9743262	0.72020129285
10317.000040348	734.12987013	5.99765767188	491.0	0.95690664	0.670910512463
10317.000026595	885.117647059	6.07893747953	406.0	0.96401372	0.701523580577
10317.000012335	520.241935484	5.48905654602	385.0	0.93624042	0.639101050497
10317.000022554	690.721311475	6.33476957422	458.0	0.9733512	0.716667442688
10317.000003718	658.247058824	6.41083540162	501.0	0.96834836	0.714803610107
10317.000006113	551.82	5.14889457282	360.0	0.91044912	0.60633344859
10317.000006662	575.967213115	6.28774807191	421.0	0.97164872	0.721264218442
10317.000013756	754.666666667	6.64364313096	508.0	0.97315328	0.73911182364
10317.000001216	577.766233766	6.24100463212	455.0	0.96941276	0.706817735887
10317.000016722	576.25	6.16649573342	400.0	0.97248188	0.713396382128
10317.000016358	382.942307692	4.89500698598	311.0	0.91655896	0.591129391437
10317.000035392	897.758064516	5.99294659337	473.0	0.96552178	0.674448725409
10317.000043118	715.1375	6.53338409181	516.0	0.972303	0.725027114135
10317.000006685	444.468085106	4.91243407142	290.0	0.92352962	0.600548736833
10317.000005992	421.2	4.30690621794	312.0	0.82564018	0.519818604356
10317.000012947	622.054054054	6.00277981879	448.0	0.96235588	0.681564427903
10317.000012122	721.488372093	5.66815950558	403.0	0.94880826	0.654927542521
10317.000004758	599.904761905	5.70870247141	408.0	0.9522575	0.658259050532
10317.000042014	780.75	6.6923513468	567.0	0.9767266	0.731628011148
10317.000027267	782.546875	6.34982543743	502.0	0.96815148	0.707774018958
10317.000006625	415.272727273	4.96672139628	316.0	0.91474358	0.598127713978
10317.000008951B	356.0	4.15385754888	227.0	0.87369062	0.530739387308
10317.000006778	828.740740741	6.53700241976	550.0	0.97603926	0.718092469154
10317.000012971	828.428571429	6.44347456009	552.0	0.97051672	0.707411457329
10317.000017652	831.397590361	6.91524738139	577.0	0.97988726	0.753916820261
10317.000015254	677.166666667	6.24921621607	480.0	0.96537454	0.701615917361
10317.000001438	652.875	5.90962591962	401.0	0.96514792	0.683394545331
10317.000006803	495.108108108	5.79259795372	397.0	0.9560026	0.670983571917
10317.000013299	567.054054054	5.80898247602	443.0	0.9520446	0.660775206837
10317.000036039	407.0	5.25878903158	306.0	0.93258298	0.636858669081
10317.000011026	854.765957447	5.79015281026	444.0	0.94425854	0.658389698447
10317.000012993	619.971014493	5.9538269656	447.0	0.961785	0.676253789417
10317.000009419	590.3	6.0854633152	437.0	0.95978742	0.693777645901
10317.000010693	877.681818182	6.30685517973	542.0	0.96851382	0.69442321977
10317.000008951A	253.523809524	3.95340448447	204.0	0.85944274	0.51527441562
10317.000001669	469.352941176	5.09497021544	334.0	0.92317698	0.607723034794
10317.000036068	582.172413793	5.77606379243	412.0	0.94962184	0.664947152694
10317.000042981	741.130434783	6.15603295487	467.0	0.96519306	0.694241506958
10317.000028776	879.784810127	6.7896676545	602.0	0.97378982	0.735320263578
10317.000004011	318.770833333	4.77829309891	267.0	0.91626124	0.592789151136
10317.000004285	641.368421053	6.20064531929	474.0	0.96482344	0.697584027985
10317.000026116	545.226415094	5.02150374963	359.0	0.90046442	0.591611497109
10317.000022498	622.725806452	6.38497285664	452.0	0.97043944	0.723905136602
10317.000023929	623.158730159	5.27801128412	441.0	0.86829906	0.600823070841
10317.000009558	517.529411765	5.50864833796	398.0	0.9384874	0.637824217213
10317.000002051	607.0	5.79190330729	448.0	0.93052728	0.657621199389
10317.000016726	793.739130435	6.81481732564	528.0	0.98057798	0.753485223632
10317.000005927	684.876712329	5.83573258067	495.0	0.93091332	0.651943577541
10317.000013539	631.630769231	6.14656553605	462.0	0.9614668	0.694389945681
10317.000004289	611.754098361	6.07816290652	431.0	0.9562189	0.694524630794
10317.000011073	582.388888889	5.50380111213	397.0	0.9446587	0.637530890084
10317.000001111	477.392857143	4.93072503169	339.0	0.88904824	0.586632010099
10317.000013053	476.529411765	4.25108775751	307.0	0.85932772	0.514529043429
10317.000010225	677.2625	6.86739306724	504.0	0.98279052	0.764974817067
10317.000003226	709.0	6.40623149079	509.0	0.96923816	0.712474662294
10317.000013167	598.666666667	6.0198964969	426.0	0.96229788	0.68919251568
10317.000010879	499.096774194	5.10488435783	368.0	0.91746822	0.598914442594
10317.000013055	649.7	5.39592735745	411.0	0.92430416	0.621436222889
10317.000006665	568.225806452	6.95316474561	494.0	0.98482362	0.777031671327
10317.000002638	465.12987013	5.68614857027	377.0	0.95500926	0.66439227058
10317.000002443	642.720930233	6.71011193312	523.0	0.97721308	0.743036126998
10317.000017349	815.546875	7.02527544407	535.0	0.98265172	0.77512625027
10317.000005814	530.016393443	6.19192945115	411.0	0.96983814	0.713109905975
10317.000020071	616.880597015	5.85879543794	410.0	0.96339296	0.675016864002
10317.000004026	513.684931507	6.06620190094	427.0	0.95292396	0.694224977341
10317.000013134	582.185185185	6.26145610113	402.0	0.97571574	0.72377975819
10317.000004822	479.721311475	6.13810250691	385.0	0.96666486	0.714670677435
10317.000009101	548.253521127	6.64873694605	446.0	0.97952228	0.755461034855
10317.000013159	656.837837838	6.27945724737	474.0	0.96648692	0.706450515167
10317.000016772	546.518518519	6.28894674627	443.0	0.970701	0.715371427648
10317.000006635	613.784313725	5.37970961404	423.0	0.91277872	0.616619986467
10317.000001734	581.269230769	6.24568805006	415.0	0.96832486	0.718145495107
10317.000001286	502.060606061	5.69105191224	401.0	0.93786392	0.658118447246
10317.000014397	826.551724138	6.36077322694	480.0	0.97419038	0.714140715962
10317.000016731	705.967741935	6.28546139825	477.0	0.96121616	0.706402626268
10317.000016458	874.879120879	6.6810341177	588.0	0.97204946	0.726225224907
10317.000009174	512.581081081	6.27668969775	424.0	0.96710522	0.719150653403
10317.000013222	662.456521739	5.39916104146	403.0	0.9258115	0.623846112495
10317.000004847	408.021276596	5.47266493766	317.0	0.93786656	0.658695428509
10317.000002261	620.076923077	6.15157926779	471.0	0.96068576	0.692777926043
10317.000016729	755.588235294	6.6293019177	508.0	0.97684002	0.737516349579
10317.000001652	463.818181818	6.2690498439	372.0	0.97352978	0.734153091958
10317.000017083	541.2	5.71766668482	384.0	0.95795388	0.666009511904
10317.000002606	459.452054795	5.64602647418	393.0	0.93118564	0.655114171059
10317.000011357	622.12987013	6.15471959965	477.0	0.96474176	0.691708979447
10317.000004813	592.0	6.28235961571	453.0	0.9655375	0.712013842878
10317.000013453	553.666666667	5.44601725301	371.0	0.93039802	0.638059935116
10317.000016768	701.896103896	6.45990870202	495.0	0.97215942	0.721673916954
10317.000013174	388.595744681	4.04114458765	279.0	0.80773368	0.497425436246
10317.000016166	561.551724138	5.45668433704	374.0	0.93205062	0.638440589462
10317.000011358	710.569620253	6.93015148554	533.0	0.98250654	0.765086974867
10317.000001436	564.333333333	6.10449981681	451.0	0.96142584	0.692356941745
10317.000009385	693.164383562	6.54677581384	501.0	0.97492164	0.72996086986
10317.000006053	553.553846154	5.46951086698	406.0	0.9277791	0.631194326365
10317.000002185	392.264150943	5.35216007578	315.0	0.93268698	0.644900099373
10317.000016488	372.0	4.19807275295	234.0	0.83970394	0.533402568055
10317.000001516	466.75	5.02627772746	328.0	0.88982322	0.601405498247
10317.000011352	653.075	6.42720737209	500.0	0.96647588	0.716859470185
10317.000004009	431.150684932	5.52742873108	352.0	0.9466443	0.653404268781
10317.000013801	547.75	5.72621383272	384.0	0.9526173	0.667005107155
10317.000003996	768.342105263	6.62889221593	554.0	0.96502796	0.727351300394
10317.000017339	591.754098361	5.93464504648	411.0	0.9492164	0.683479068112
10317.000010183	766.6	6.8696380401	562.0	0.97879044	0.752060151265
10317.000012318	482.016949153	5.1492502093	367.0	0.8883497	0.604397894051
10317.000007666	604.394366197	6.2906192739	447.0	0.96784776	0.714507684945
10317.000002349	486.163934426	5.67160950658	373.0	0.95054784	0.663887203736
10317.000015908	475.813953488	5.5596234323	318.0	0.95203418	0.668796067767
10317.000001423	439.375	4.81430764038	319.0	0.89450414	0.578822749807
10317.000005845	529.015873016	6.11432292212	406.0	0.96478568	0.705607143284
10317.000009118	501.558441558	5.81670235851	396.0	0.95941446	0.674059795487
10317.000005576	566.430769231	6.08625284129	421.0	0.96728662	0.698150808303
10317.000002801	579.09375	6.54512710253	444.0	0.97258802	0.744236706792
10317.000013265	763.5	6.39144979153	531.0	0.96597594	0.706037199131
10317.000010833	427.571428571	4.89615019783	314.0	0.90932096	0.59028017628
10317.000013238	387.608695652	4.89846854973	262.0	0.94099562	0.609761063097
10317.000012983	614.31884058	5.82553201187	448.0	0.9239938	0.661439451847
10317.000004915	559.428571429	6.04450860051	396.0	0.96602426	0.700458778867
10317.000001099	792.833333333	7.34024934341	651.0	0.9864893	0.785346232079
10317.000015856	838.733333333	6.37627672253	541.0	0.96909718	0.702272967502
10317.000003061	547.046875	5.95519589342	414.0	0.9552212	0.685018097172
10317.000028859	574.867346939	6.36209619509	477.0	0.97147556	0.715015362601
10317.000012903	743.080645161	6.50476063079	489.0	0.97448276	0.728115723057
10317.000004736	625.567164179	5.67148655116	461.0	0.90681616	0.640945669099
10317.000010962	592.144927536	6.13818379721	445.0	0.96288514	0.697706291515
10317.000002348	597.230769231	5.79715904998	456.0	0.92951784	0.656315095136
10317.000002444	472.904761905	5.72580716895	376.0	0.95084826	0.669325816614
10317.000015584	613.916666667	5.61385660244	446.0	0.93428048	0.637873020518
10317.000023375	664.285714286	4.97424458292	462.0	0.85518908	0.561950475511
10317.000015624	791.761363636	6.13319410086	540.0	0.95814754	0.675698876471
10317.000006671	682.310810811	6.57586278745	495.0	0.97521472	0.734627821239
10317.000009102	520.241935484	5.40675151396	385.0	0.9254931	0.629518122719
10317.000015214	820.014925373	6.3725501544	514.0	0.97146784	0.707618901897
10317.000002172	587.846153846	5.84883243306	425.0	0.9466511	0.669868139313
10317.000001189	478.518518519	5.66912550652	355.0	0.94989432	0.669185888629
10317.000007678	317.163265306	3.03495198602	259.0	0.70073576	0.378573601501
10317.000003358	613.0	5.78966515267	394.0	0.95336688	0.671495054067
10317.000009231	546.616438356	5.12469794433	419.0	0.90294868	0.588314983617
10317.000018318	533.590909091	6.29360677452	429.0	0.96737122	0.71969426652
10317.000013859	606.021276596	6.09481189852	469.0	0.95475346	0.686859783105
10317.000013757	554.784090909	6.53306123133	475.0	0.96968576	0.734730111459
10317.000012298	721.4	5.78501688983	468.0	0.94010108	0.652173509512
10317.000017171	738.95890411	6.17562849061	493.0	0.96384204	0.690365800018
10317.000014587	556.692307692	5.22820817644	335.0	0.93473358	0.623294873936
10317.000016764	657.509090909	6.17320033274	432.0	0.96788278	0.705114752327
10317.000016727	608.018518519	6.00187362602	412.0	0.96473508	0.690942642234
10317.000002013	582.328947368	5.86348021435	472.0	0.93863278	0.660105351726
10317.000013454	561.901639344	6.33161470156	418.0	0.97497376	0.72715671945
10317.000016766	642.779411765	6.10057089267	451.0	0.96349396	0.691911333098
10317.000001234	609.555555556	4.65226582146	374.0	0.84723286	0.544322366831
10317.000026623	945.441860465	6.57431896115	623.0	0.96424626	0.708203855348
10317.000006761	604.538461538	6.89264842498	492.0	0.98165726	0.770772965575
10317.000009532	566.046153846	6.63103000913	441.0	0.97956906	0.754844125647
10317.000005846	474.775862069	6.23465940029	377.0	0.97260502	0.728482462965
10317.000004821	831.804123711	6.81448796668	612.0	0.97262658	0.736113478497
10317.000002712	596.358208955	5.63078649223	434.0	0.93521464	0.64267004128
10317.000013734	899.125	6.6928543985	533.0	0.97893924	0.738889436351
10317.000009659	559.28	5.86122168088	422.0	0.95551722	0.672073732228
10317.000017292	684.054054054	6.89697586005	510.0	0.98164574	0.766811745665
10317.000015862	605.796875	5.96062013973	412.0	0.96415486	0.686193493119
10317.000002446	494.692307692	4.41111164185	377.0	0.83765004	0.515411872077
10317.000006678	461.188405797	5.75105980568	379.0	0.95154054	0.671377950694
10317.000014224	702.982758621	6.62891348336	464.0	0.9812934	0.748354900175
10317.000017218	668.739130435	6.51096098228	463.0	0.97743062	0.735297318996
10317.000009661	586.430769231	6.23149385916	441.0	0.96667642	0.709362878334
10317.000006729	530.887096774	5.78412640183	385.0	0.96205304	0.673456581951
10317.000013686	474.375	5.55027482572	333.0	0.9536477	0.662373100077
10317.000010845	831.454545455	6.52740265345	484.0	0.97736276	0.731864866609
10317.000017205	717.592592593	6.39009801683	512.0	0.96257428	0.710010890759
10317.000014551	500.762711864	5.81273657357	363.0	0.96382646	0.68354370758
10317.000005238	579.424242424	5.66495861261	432.0	0.93505786	0.647062410706
10317.000022448	711.85	5.80307629193	461.0	0.94837736	0.655816880321
10317.000001004	317.842105263	5.30473773523	273.0	0.94642058	0.655492021181
10317.000014122	539.25	5.80417025843	422.0	0.9549806	0.665531962524
10317.000016728	729.386792453	6.74281722708	560.0	0.97549154	0.738592199909
10317.000010773	538.193548387	4.47708231475	379.0	0.84985402	0.522653989199
10317.000005553	491.390625	6.32872875257	396.0	0.97101386	0.733395203282
10317.000014054	624.032258065	6.37375072571	499.0	0.97186266	0.71112626119
10317.000026081	618.777777778	5.38548519432	392.0	0.94146464	0.625149922838
10317.000016769	533.014705882	5.67435830756	394.0	0.94904942	0.658121573192
10317.000004738	682.0	6.38619177886	507.0	0.9702254	0.71069487129
10317.000036427	699.564516129	6.3522354997	476.0	0.97065328	0.714150156724
10317.000043092	581.344827586	6.30971012398	430.0	0.96432026	0.721258691077
10317.000036069	410.028571429	5.15450098444	277.0	0.9386651	0.635280352635
10317.000028711	612.642857143	5.68351279687	405.0	0.94987722	0.656160055443
10317.000027901	811.101123596	6.85571297318	583.0	0.97725204	0.74621206617
10317.000031057	657.967213115	5.71117200706	428.0	0.94762842	0.65334251287
10317.000021275	704.588235294	5.41935088981	457.0	0.92256908	0.613322771153
10317.000031439	778.227272727	5.69364667942	408.0	0.94381632	0.656522997306
10317.000036437	657.478873239	6.21068668882	485.0	0.96430224	0.696121656127
10317.000043117	698.492537313	6.01329471015	479.0	0.95968464	0.675356525876
10317.000040144	454.886363636	4.57469567126	298.0	0.85229134	0.55658862084
10317.000039994	581.754098361	5.69741681271	401.0	0.9423713	0.658854490157
10317.000036067	623.202702703	6.6615800721	464.0	0.98013484	0.752042714448
10317.000036877	703.441176471	6.54530490551	549.0	0.97099612	0.719211927845
10317.000038417	540.148148148	5.87879829078	446.0	0.94836484	0.667976952087
10317.000031891	510.75	6.17915542649	426.0	0.96316802	0.707425397655
10317.000028719	650.661764706	5.84137871172	419.0	0.95985484	0.670589888109
10317.000023341	659.718309859	5.33471882334	420.0	0.93495588	0.612183672416
10317.000035492	713.246153846	6.33735402446	487.0	0.96230376	0.709846733574
10317.000027775	730.818181818	5.96851684668	484.0	0.95045602	0.669201521303
10317.000036094	400.772727273	4.1058963884	286.0	0.80926336	0.50318151095
10317.000039831	540.671641791	5.64346494344	425.0	0.93681244	0.646347352947
10317.000043164	605.692307692	5.30988629358	338.0	0.93994408	0.632063146943
10317.000036422	591.085714286	6.34017614	444.0	0.96963828	0.72093203646
10317.000036939	543.217391304	5.54473974488	394.0	0.94686164	0.643088195361
10317.000036147	639.246575342	6.04978144695	465.0	0.94298586	0.682735821365
10317.000035412	689.591836735	6.07939477567	430.0	0.9626219	0.694931499591
10317.000031272	332.026315789	3.83340843035	217.0	0.81989958	0.493897201158
10317.000037565	609.230769231	5.72151566865	435.0	0.93719254	0.652778036668
10317.000014232	610.888888889	6.17260467833	482.0	0.96374722	0.692548111558
10317.000009677	644.109375	5.42894380099	417.0	0.94454178	0.623736666563
10317.000036045	644.5	6.25711196515	409.0	0.96978462	0.721201354663
10317.000018424	633.052631579	4.82699643692	384.0	0.88159152	0.562261796312
10317.000014978	688.794520548	6.34279805656	473.0	0.9704279	0.713821155941
10317.000017133	697.607142857	5.79420496215	435.0	0.95136022	0.661071289199
10317.000026136	549.214285714	6.00555984826	420.0	0.96292424	0.689165784471
10317.000013197	703.342105263	6.34093849789	489.0	0.9735458	0.709778158075
10317.000001936	541.5	4.85516477022	336.0	0.91513948	0.578524920547
10317.000009495	368.109090909	4.8129385257	292.0	0.92228506	0.587672970415
10317.000033748	561.96875	5.11108942397	392.0	0.86946982	0.593297919077
10317.000006717	502.784090909	6.04725552453	423.0	0.96055066	0.69313380967
10317.000022553	798.6	6.52190765567	555.0	0.97219666	0.715408247363
10317.000034127	586.428571429	5.55692344275	400.0	0.94080502	0.642875508425
10317.000005085	378.708333333	5.74344332766	337.0	0.96055802	0.684019729085
10317.000009648	677.880597015	6.09708785051	466.0	0.95686724	0.687833914023
10317.000013001	823.2	5.93320714081	492.0	0.94916898	0.66348308826
10317.000034147	992.95890411	5.66648215918	521.0	0.9444138	0.627855350056
10317.000028856	615.0	5.36488630169	387.0	0.9389617	0.624100497299
10317.000005163	468.666666667	4.40497800956	287.0	0.87796344	0.539501313256
10317.000009628	573.329113924	6.04104813041	443.0	0.96190122	0.687172812856
10317.000016762	536.208333333	5.76736304407	403.0	0.9458795	0.666390016294
10317.000014291	614.317073171	6.48585781587	487.0	0.96833742	0.726480636438
10317.000011191	570.052631579	6.04765139084	409.0	0.9679837	0.697058706938
10317.000013764	713.846153846	5.8838094161	452.0	0.94943826	0.667085037749
10317.000016333	724.333333333	6.10445330373	460.0	0.96661296	0.690120419397
10317.000034126	722.0	6.03832486405	458.0	0.95790678	0.683129952517
10317.000006036	512.666666667	6.46144126814	436.0	0.97375704	0.736918959365
10317.000013902	698.435897436	6.16192561658	501.0	0.9574959	0.687050345237
10317.000015295	457.784313725	4.82962695525	327.0	0.88902012	0.578180541554
10317.000006795	762.4375	6.22336697175	526.0	0.95969874	0.688507882317
10317.000002141	441.375	5.05020755554	321.0	0.90897142	0.606527391284
10317.000006017	473.52	4.89904392442	321.0	0.89075766	0.5883727151
10317.000014451	480.666666667	5.33770809623	343.0	0.93404476	0.633776662187
10317.000013984	659.396226415	6.06940033756	401.0	0.96987506	0.701871005126
10317.000015587	457.42	4.89363586346	317.0	0.89453946	0.589002909692
10317.000003508	610.524590164	6.08155247672	437.0	0.95694942	0.693331787932
10317.000036114	422.111111111	5.19669514505	321.0	0.9324543	0.624120477221
10317.000010712	555.4375	6.3738757169	449.0	0.9732546	0.723434980287
10317.000013986	672.857142857	5.94758467574	410.0	0.959372	0.685246651591
10317.000014259	650.761904762	5.81204062314	436.0	0.94877688	0.662855661772
10317.000006899	733.702702703	6.55968068741	516.0	0.97715222	0.727945317711
10317.000003879	383.754098361	5.44352321723	321.0	0.94650872	0.653764404737
10317.000003287	577.980392157	6.80443482961	502.0	0.98032022	0.758446390935
10317.000013952	574.12244898	5.98533225388	384.0	0.96328164	0.697187932199
10317.000010169	345.097560976	3.94302123468	243.0	0.8465072	0.497553883184
10317.000001805	510.03125	6.18990098764	404.0	0.96834146	0.714916816246
10317.000005009	541.882352941	5.84747286715	380.0	0.95777986	0.682330383894
10317.000033803	680.892857143	5.59273946562	390.0	0.94612492	0.649764707726
10317.000014237	693.1	5.94118331914	448.0	0.95138832	0.674570670959
10317.000017185	793.253521127	6.42340358587	535.0	0.97173498	0.708719362696
10317.000035361	376.136363636	5.48927153729	295.0	0.94949164	0.669050391639
10317.000044399	617.976744186	5.47301526099	365.0	0.92912234	0.642995101434
10317.000005987	509.833333333	6.21173661665	409.0	0.97182144	0.715971343918
10317.000003922	643.054054054	6.1272912271	469.0	0.96855148	0.690520067451
10317.000015542	420.549019608	4.86967735643	303.0	0.9127459	0.590752708386
10317.000017114	312.823529412	5.04082768246	229.0	0.94661658	0.643028019008
10317.000014222	432.731707317	5.37639597845	297.0	0.94932444	0.654515109455
10317.000001882	629.417910448	6.3991538193	480.0	0.96305012	0.718449805868
10317.000012004	738.878378378	6.50982052764	526.0	0.96643534	0.720199012221
10317.000001732	531.345679012	6.35382862688	449.0	0.96653284	0.721159635299
10317.000001151	550.086956522	6.03785847309	419.0	0.9677201	0.693145751664
10317.000002262	528.402985075	6.37129466035	450.0	0.96604778	0.722878696683
10317.000027295	676.513888889	6.04819299621	477.0	0.96207284	0.679736799893
10317.000029188	774.5	5.79321275032	476.0	0.94818076	0.651302017026
10317.000014392	646.196078431	5.52948512834	403.0	0.94794856	0.638904410319
10317.000002512	463.1	5.32539884289	350.0	0.93032328	0.63013439996
10317.000012242	591.276315789	6.08854766861	452.0	0.96249072	0.690297520555
10317.000031519	635.333333333	5.7297459904	387.0	0.95517106	0.666544847536
10317.000015329	648.338709677	6.27500516116	438.0	0.97017314	0.71511765682
10317.000014318	630.472727273	6.3202196953	430.0	0.9744326	0.722460033056
10317.000013609	502.018518519	4.62596348483	337.0	0.88149668	0.550932621623
10317.000014317	577.372881356	5.52734924319	393.0	0.93069826	0.64134393173
10317.000029154	493.052631579	5.80453876878	374.0	0.94845078	0.679140101241
10317.000009529	370.057692308	5.03626279564	286.0	0.9303454	0.617198799807
10317.000011955	667.32	5.55439327553	400.0	0.94683088	0.64258279564
10317.000003266	443.113207547	5.33114779808	344.0	0.9257667	0.632682208935
10317.000016405	617.016129032	6.41936792237	427.0	0.97688826	0.734641811008
10317.000010984	690.181818182	6.10577695791	429.0	0.96971868	0.698215320196
10317.000010843	547.318181818	6.08701822564	428.0	0.9639421	0.696338295976
10317.000008955	376.352941176	5.77076244424	308.0	0.9665161	0.698065979547
10317.000027648	478.411764706	4.63720119001	324.0	0.87043534	0.556029327674
10317.000014357	554.918032787	5.42100153568	379.0	0.92578122	0.632846992503
10317.000017093	454.396226415	4.99803561454	335.0	0.90406568	0.595854234024
10317.000014379	618.114285714	5.90051857602	452.0	0.9497993	0.668979461886
10317.000005915	379.363636364	4.52121187038	266.0	0.8654887	0.561272917068
10317.000001363	420.62295082	5.11310430157	352.0	0.8674362	0.604426459375
10317.000013604	418.5	2.55343691787	212.0	0.54511152	0.33041708088
10317.000014095	472.344262295	5.44161480328	363.0	0.93556182	0.639901965414
10317.000012275	548.378787879	5.79029968214	388.0	0.9591004	0.673297484334
10317.000011389	672.794117647	6.2425049928	454.0	0.96711524	0.707241907954
10317.000002205	380.636363636	3.92657690554	277.0	0.80587442	0.483941543271
10317.000011155	577.084745763	5.62319488059	405.0	0.93392842	0.649196367896
10317.000006929	456.833333333	5.24406244718	325.0	0.93402382	0.628460747924
10317.000013648	510.384615385	4.97478118814	318.0	0.9007559	0.598442347246
10317.000012155	769.506329114	6.92406866471	547.0	0.98305208	0.761271734192
10317.000006654	536.666666667	6.28701708191	391.0	0.97160616	0.730112527823
10317.000002071	577.786885246	5.45125536407	409.0	0.92948658	0.628317468998
10317.000004159	422.857142857	5.06091099836	312.0	0.89639216	0.610822608809
10317.000002568	307.813953488	4.82854225821	245.0	0.90662594	0.608386358974
10317.000008957A	661.327868852	6.43402335513	458.0	0.9719389	0.72789625733
10317.000002749	717.963414634	6.32698466598	499.0	0.96640174	0.705908521333
10317.000017661	645.5	6.2021133256	419.0	0.97154308	0.712002197822
10317.000002201	232.695652174	3.70645241131	198.0	0.82062424	0.485814544513
10317.000001939	492.875	4.96650108809	329.0	0.8847466	0.593940981006
10317.000009447	513.769230769	5.15199350734	355.0	0.92363704	0.608143416379
10317.000029245	696.511363636	6.21010356818	501.0	0.96937554	0.692422152743
10317.000014958	509.178571429	5.91471042053	373.0	0.95896906	0.692343250614
10317.000015364	671.762711864	5.89855481207	434.0	0.95732298	0.673231789164
10317.000016484	628.92	5.39445451997	384.0	0.94114136	0.628360871642
10317.000010908	563.238095238	5.96254030374	426.0	0.94507534	0.682626047457
10317.000001524	545.068493151	5.36633651919	423.0	0.92566136	0.615087168126
10317.000014949	449.109090909	5.30127151873	346.0	0.93388514	0.628512766142
10317.000015933	592.185185185	6.1789919649	412.0	0.9690526	0.711332710516
10317.000014012	774.375	5.78764010088	435.0	0.9556373	0.660322292343
10317.000004774	483.381578947	5.56092818351	391.0	0.93227778	0.645791681525
10317.000008954B	534.766233766	5.76052685072	412.0	0.9426557	0.663158521973
10317.000016703	668.452054795	6.28819440465	467.0	0.97047042	0.709145904762
10317.000003365	407.871794872	5.04728902349	286.0	0.91677724	0.618550074527
10317.000017216	645.083333333	6.88902278139	503.0	0.98356988	0.767629209956
10317.000004163	489.35	5.35065055214	356.0	0.94107406	0.631290565674
10317.000013697	602.472727273	5.43170541879	402.0	0.92013118	0.62786648522
10317.000017161	544.192307692	4.69452854117	335.0	0.89696244	0.559670823446
10317.000001072	494.964912281	5.12754007707	359.0	0.91675438	0.604104231069
10317.000011956	675.9	5.44815096486	402.0	0.9410778	0.629767473291
10317.000007641	459.561643836	6.02710497589	389.0	0.9637164	0.700530768564
10317.000017079	399.588235294	4.59951122689	254.0	0.91914078	0.575753256917
10317.000009193	402.625	4.95958208421	316.0	0.8920141	0.597267947531
10317.000012984	576.358974359	6.05547278958	435.0	0.96499546	0.690879806611
10317.000015581	548.428571429	5.16026117128	347.0	0.93233638	0.611492884458
10317.000014802	522.142857143	5.63592656307	377.0	0.95142508	0.658524131015
10317.000017353	808.046153846	6.63854936086	523.0	0.9768289	0.735111732135
10317.000001059	423.333333333	5.20803799552	322.0	0.93591654	0.625145835892
10317.000017088	519.929577465	5.65466121769	400.0	0.94915656	0.654182704286
10317.000004602	480.357142857	5.46438539373	316.0	0.94818936	0.658059931909
10317.000014399	462.029850746	5.49069044266	359.0	0.94534866	0.646889010724
10317.000005008	620.385964912	5.70627675278	411.0	0.93967348	0.657178430527
10317.000010104	538.408450704	6.37784575362	431.0	0.97162724	0.728768056306
10317.000010565	580.944444444	5.53510026453	374.0	0.93404922	0.647615375445
10317.000027194	438.022222222	4.95349974787	319.0	0.9183322	0.595557774743
10317.000015224	643.666666667	6.72132898385	453.0	0.97722986	0.761764618993
10317.000013933	525.0	5.81998611091	351.0	0.95859886	0.688321806982
10317.000018033	570.92	5.39772655099	365.0	0.93376954	0.63414983618
10317.000006084	373.127659574	5.44871787721	286.0	0.9545319	0.667745562684
10317.000002059	586.0	6.27751071559	437.0	0.97145132	0.71567214866
10317.000003047	441.055555556	5.17861477737	338.0	0.926304	0.616437221442
10317.000008982	446.277777778	5.54973595452	306.0	0.95130554	0.672093410197
10317.000010765	501.466666667	5.24438504958	366.0	0.89500362	0.615848978848
10317.000012072	563.232142857	5.17006420012	361.0	0.91604336	0.608539597693
10317.000017183	512.058823529	5.91906298938	419.0	0.94723466	0.679508038025
10317.000012228	579.846153846	6.23925703933	417.0	0.97148	0.716834347564
10317.000011224	672.365384615	5.37515760253	409.0	0.8972241	0.619546360375
10317.000026111	434.588235294	4.44099207197	274.0	0.88660592	0.548403862379
10317.000006637	659.916666667	6.37833068587	492.0	0.96978606	0.713259193716
10317.000012113	385.5	4.25004107895	270.0	0.86092878	0.52620256435
10317.000013079	461.0	5.52086159534	344.0	0.95042104	0.655196787196
10317.000004162	450.666666667	5.84486487998	352.0	0.96397578	0.690928793266
10317.000012906	577.6875	5.30528332832	396.0	0.94042206	0.614794771139
10317.000012976	644.283018868	6.09336252463	422.0	0.9673818	0.698692033285
10317.000009533	268.333333333	3.86705923146	199.0	0.8183339	0.506383307235
10317.000014309	515.62	5.69582921113	368.0	0.94078848	0.668245182061
10317.000002371	521.208333333	5.844850949	417.0	0.94819964	0.671520645844
10317.000002329	596.151898734	5.98065093316	464.0	0.93398522	0.67517089238
10317.000010761	601.193548387	6.08261178022	442.0	0.95163168	0.692157399233
10317.000009129	563.20754717	5.98046024229	390.0	0.95766356	0.694810123964
10317.000014323	611.881355932	5.7675060647	425.0	0.94550858	0.660553811424
10317.000006894	744.365384615	5.93845479063	438.0	0.95405744	0.676763407509
10317.000014241	350.442307692	4.88712521903	285.0	0.91348728	0.599292976701
10317.000001685	424.058823529	5.038678376	317.0	0.92316354	0.606460371649
10317.000011302	587.529411765	5.29638886088	394.0	0.91233396	0.614284044191
10317.000012231	391.571428571	5.27932778587	283.0	0.9454333	0.648195127219
10317.000001579	557.086956522	5.79969647522	412.0	0.953907	0.667667774505
10317.000017662	640.3	6.16714438644	454.0	0.96608532	0.698703960593
10317.000003432	367.365853659	4.77295057722	274.0	0.87662438	0.589396353129
10317.000011116	744.232876712	6.48497618657	506.0	0.97585242	0.721917046099
10317.000006841	553.223880597	6.25846687919	430.0	0.96580272	0.715401110468
10317.000013563	637.158730159	5.3619561843	455.0	0.8719279	0.607262124211
10317.000017217	765.344262295	6.78950764236	510.0	0.98146096	0.754863336205
10317.000006728	334.0	4.40320118596	253.0	0.87247926	0.5515726832
10317.000013286	528.014705882	5.42040232484	389.0	0.9341742	0.630013683474
10317.000022964	680.5	5.55375526244	421.0	0.94621212	0.63706829583
10317.000002466	557.859375	5.51739891496	408.0	0.92012232	0.636200220515
10317.000017644	574.378787879	5.81394031327	414.0	0.955048	0.668769659596
10317.000017173	468.718309859	5.61207485751	378.0	0.94371942	0.655444517856
10317.000013332	709.166666667	6.94868128171	557.0	0.97746254	0.761788713323
10317.000002173	346.133333333	4.78670351921	263.0	0.91251294	0.595441193721
10317.000011329	522.392857143	5.80905149586	384.0	0.956248	0.676654265568
10317.000007039	458.615384615	6.18749241275	397.0	0.9637361	0.716726034412
10317.000002886	557.0	5.89798294908	420.0	0.9599807	0.676820837458
10317.000009126	497.964912281	5.2263512394	362.0	0.91403758	0.614875999969
10317.000022636	412.033898305	5.01588790984	323.0	0.91205858	0.601758009691
10317.000014233	587.313432836	6.56251793581	440.0	0.97789694	0.747323666254
10317.000023088	685.054545455	5.9360335109	430.0	0.9609241	0.678543970504
10317.000004974	615.630769231	6.21096634493	446.0	0.96506864	0.705719462278
10317.000002414	212.535714286	3.8445049323	167.0	0.85147094	0.520674282178
10317.000006027	548.385964912	5.7580425164	399.0	0.95360064	0.666421213624
10317.000017098	574.493150685	6.27998773491	445.0	0.9721348	0.713824658571
10317.000014559	509.222222222	5.2816544508	337.0	0.93714974	0.629022633367
10317.000016313	532.024390244	5.7113190595	343.0	0.95034342	0.678137632287
10317.000022899	536.363636364	6.0240486712	444.0	0.95760504	0.684985650298
10317.000003837	690.115384615	5.49541514356	404.0	0.94200642	0.634705580304
10317.000010285	486.181818182	4.84642535691	277.0	0.93491782	0.597310742408
10317.000005848	421.762711864	4.7157318473	322.0	0.86884438	0.566051962382
10317.000005907	496.0	5.71453280246	379.0	0.94665284	0.667113793235
10317.000014132	773.285714286	6.17546970062	520.0	0.95098516	0.684462197573
10317.000003382	660.447761194	6.22092487009	480.0	0.96191416	0.698439573644
10317.000003221	287.382978723	4.3991363455	236.0	0.8570308	0.558078847153
10317.000014607	432.153846154	3.90613420443	284.0	0.7853885	0.479295142187
10317.000017125	754.070588235	6.88235801151	577.0	0.97640754	0.75033114244
10317.000013826	579.390625	5.17469741081	414.0	0.89644918	0.595238416542
10317.000004872	457.357142857	5.40547816869	304.0	0.94282486	0.655374111846
10317.000014293	506.714285714	5.57797521032	346.0	0.95610568	0.661318443419
10317.000016721	630.924242424	6.66989798555	443.0	0.98171938	0.758704857379
10317.000016763	594.918032787	6.2838196648	419.0	0.97001744	0.721382080135
10317.000012173	472.405405405	5.27545765541	289.0	0.94693856	0.645321787659
10317.000012951	543.466666667	5.83170019457	408.0	0.9459236	0.672441671691
10317.000004705	618.181818182	5.44090060929	442.0	0.8853563	0.619135291103
10317.000007651	388.882352941	4.15248298674	267.0	0.86810658	0.515151920123
10317.000001827	552.467741935	5.25371602317	391.0	0.90094632	0.610115073042
10317.000014666	616.7	6.48075721863	488.0	0.96973032	0.725668774444
10317.000017146	436.020408163	4.99673615964	335.0	0.89702308	0.59569931602
10317.000004161	426.0	5.9268643178	364.0	0.96108346	0.696639325284
10317.000023299	480.468085106	5.05313498688	326.0	0.92656712	0.605258057698
10317.000013733	478.888888889	5.65903676812	391.0	0.94181052	0.657185050715
10317.000012034	376.206896552	4.84918859337	235.0	0.9315406	0.615651388332
10317.000014391	809.014925373	6.49289468949	512.0	0.97248582	0.721432743276
10317.000014646	634.196721311	5.54192979464	436.0	0.93244134	0.632049873653
10317.000001793	529.873563218	5.89932717871	432.0	0.95183836	0.673832436711
10317.000013214	427.886363636	4.74738507932	299.0	0.89775204	0.577259741351
10317.000023154	519.105263158	5.50938350924	372.0	0.94409406	0.645190425791
10317.000009222	484.448979592	5.86060203362	353.0	0.96342364	0.692454085928
10317.000027198	395.5	4.56067492056	278.0	0.88933538	0.561732728407
10317.000007734	568.948275862	5.96032202593	413.0	0.96110966	0.68588301695
10317.000006818	287.0	3.72132127438	212.0	0.78548078	0.481542388571
10317.000026639	750.076923077	6.11975793633	515.0	0.95138736	0.679336895819
10317.000005041	339.466666667	4.79872872089	262.0	0.9269221	0.597345455353
10317.000013312	449.940298507	5.51255628521	370.0	0.93432212	0.646150486967
10317.000001285	613.584415584	6.01108613534	478.0	0.94370368	0.675337162663
10317.000017215	671.22972973	6.7582752149	495.0	0.98202484	0.755006172868
10317.000016698	654.077922078	6.60834218397	493.0	0.97630342	0.738738323648
10317.000014979	558.725806452	6.08694893022	415.0	0.96784718	0.69989325726
10317.000014538	524.066666667	4.28552296605	329.0	0.82665998	0.512503202845
10317.000004278	335.756756757	4.33892207957	246.0	0.84991916	0.546290734081
10317.000009556	457.5	5.68759679017	345.0	0.95195926	0.674649048235
10317.000022663	690.050847458	5.87518294542	432.0	0.95056242	0.671074636193
10317.000001141	434.181818182	5.40247487013	353.0	0.93697906	0.638324488931
10317.000002359	407.428571429	5.53207173783	322.0	0.95104438	0.664041163628
10317.000014236	446.275	5.61641175114	325.0	0.94795304	0.673083962161
10317.000001799	424.534883721	5.02612588633	314.0	0.89488446	0.605950053473
10317.000023213	565.0	5.63325335426	367.0	0.94984532	0.661208200336
10317.000013652	637.5	5.8206375611	412.0	0.95366366	0.670078536562
10317.000010205	589.934782609	5.40022748711	347.0	0.93736876	0.639928982899
10317.000005989	673.611111111	5.91259908518	420.0	0.9636987	0.678498106715
10317.000011072	362.517241379	3.91226754679	215.0	0.88280286	0.504926454818
10317.000013178	300.076923077	3.62291993512	227.0	0.7039773	0.46290135952
10317.000003423	358.15	4.33222619502	271.0	0.82473302	0.536024041731
10317.000013306	538.0	5.54947165984	393.0	0.93884962	0.643910818144
10317.000002489	430.466666667	5.7094890114	316.0	0.96587532	0.687577042861
10317.000004759	420.090909091	3.96830950631	264.0	0.8466611	0.493301229083
10317.000002687	454.638888889	4.91076649274	347.0	0.88209864	0.581927671464
10317.000004158	507.014705882	5.2845547954	374.0	0.9266927	0.618301164265
10317.000004157	536.773584906	5.30734404378	361.0	0.92627586	0.624698047104
10317.000001321	491.323943662	5.92807794475	399.0	0.95854466	0.686100682157
10317.000003022	470.304347826	6.04159819027	385.0	0.9664422	0.703434500576
10317.000003757	438.229508197	5.65744711802	347.0	0.9547022	0.670409605646
10317.000002087	506.016393443	5.55002287132	387.0	0.9313851	0.645637547421
10317.000009214	509.75	4.89002103641	370.0	0.8816185	0.573180446689
10317.000013829	517.015873016	5.47883562668	394.0	0.92682346	0.635444525434
10317.000016757	501.016393443	5.66345270329	382.0	0.9436166	0.660273937194
10317.000014593	517.164179104	6.05264909695	407.0	0.95870104	0.698203876039
10317.000006047	436.157894737	5.40817892986	344.0	0.93498354	0.641823997619
10317.000010098	534.45	5.50150307971	418.0	0.9234395	0.631822231776
10317.000009117	471.718309859	5.99474552735	381.0	0.96353924	0.699205996731
10317.000026135	569.467741935	6.11146742747	417.0	0.9672533	0.702152473991
10317.000009624	567.85	5.87240521669	401.0	0.96037004	0.679090309208
10317.000009075	664.625	5.82399207655	424.0	0.96152786	0.667282900534
10317.000001765	613.52173913	6.28631369503	445.0	0.9740733	0.714543708752
10317.000016353	707.48	5.8301336673	483.0	0.94375122	0.653904502245
10317.000008949A	592.529411765	5.9675560035	399.0	0.95919088	0.690669772391
10317.000005571	271.888888889	3.31287795316	185.0	0.71088808	0.439876531354
10317.000006626	487.378787879	5.56729691065	381.0	0.94885954	0.64934989613
10317.000014608	533.404255319	5.12531671764	355.0	0.89984744	0.604994477235
10317.000015264	528.5625	5.41661947116	383.0	0.93364886	0.63121930544
10317.000007732	451.078431373	5.26509829505	327.0	0.93706724	0.630313150845
10317.000027644	589.661764706	5.70058460532	434.0	0.92487702	0.650636451706
10317.000007697	594.085365854	6.3021491355	465.0	0.96839852	0.711216265268
10317.000004881	356.075	5.12831140099	271.0	0.92839532	0.634523240632
10317.000004642	339.666666667	3.15702822916	221.0	0.7511199	0.405375928254
10317.000001353	497.016949153	5.70152184594	382.0	0.95236306	0.664712230232
10317.000028759	408.11627907	5.28761451654	293.0	0.942959	0.645243612529
10317.000004631	496.407407407	6.31410797457	429.0	0.96787448	0.722038644976
10317.000009433	337.024390244	4.9617870423	258.0	0.92773922	0.619354174349
10317.000009061	597.044776119	6.42701135953	458.0	0.9681468	0.727102973708
10317.000013995	711.407407407	6.45442205307	499.0	0.97483612	0.720126848423
10317.000015155	544.0	5.53232667954	364.0	0.95171538	0.650265657965
10317.000022965	864.454545455	6.1225742906	499.0	0.96084244	0.683102234697
10317.000016701	702.323943662	6.52754388831	500.0	0.97416902	0.728050517507
10317.000022638	424.161290323	4.45262007972	258.0	0.87106612	0.555797499903
10317.000013972	527.580645161	5.81095446561	386.0	0.95684752	0.676285542122
10317.000017163	582.098591549	5.4944142283	414.0	0.9417138	0.63201500792
10317.000001026	573.533333333	6.51777669763	460.0	0.97240412	0.736847439779
10317.000010919	491.833333333	5.09056196592	380.0	0.88626484	0.594007903817
10317.000014311	554.808823529	5.4505071189	397.0	0.9414662	0.63135759889
10317.000005039	406.266666667	5.11735468917	317.0	0.92475562	0.615929931435
10317.000004249	633.456521739	5.5849254948	374.0	0.94849312	0.653445005202
10317.000017176	415.734693878	5.1516342519	300.0	0.92738224	0.626047850325
10317.000002258	556.5	5.14572685385	357.0	0.9162905	0.60682313617
10317.000013118	641.0	6.296524355	419.0	0.97037366	0.722840577726
10317.000013431	698.109756098	6.63886013111	506.0	0.9782994	0.739047632162
10317.000014197	746.571428571	6.52978297607	526.0	0.97419166	0.722407511762
10317.000015541	413.734693878	4.64793032194	298.0	0.8935088	0.565498847038
10317.000022661	673.435897436	5.99472872678	476.0	0.95537226	0.673957453238
10317.000014258	672.876712329	6.37006740134	483.0	0.97174532	0.714463165177
10317.000014324	511.660377358	5.25949113622	351.0	0.93592314	0.622032831987
10317.000002369	471.0	4.01388762399	342.0	0.76214764	0.476830357492
10317.000002372	481.109090909	5.15424030398	364.0	0.8835855	0.60582566011
10317.000013056	657.493670886	5.89585072035	449.0	0.95722518	0.669179136697
10317.000013852	596.763888889	5.92778828391	431.0	0.96089786	0.677341991755
10317.000012017	606.0	5.90389114118	443.0	0.95345226	0.671571123869
10317.000021237	276.772727273	2.30229678865	212.0	0.47003554	0.297919317646
10317.000016489	356.12244898	4.21274710027	278.0	0.81618714	0.518878886118
10317.000012355	600.603448276	6.09710088888	428.0	0.96492792	0.697491725172
10317.000018409	696.862068966	5.64208565564	416.0	0.93944168	0.648482816779
10317.000004077	338.607142857	4.57364538792	205.0	0.92329012	0.595567060356
10317.000004294	512.192307692	6.03588107644	416.0	0.96107406	0.693744370627
10317.000022993	760.553846154	6.34604619057	493.0	0.97090224	0.709416581966
10317.000008963	332.333333333	3.9476272436	227.0	0.81423616	0.504389291143
10317.000013372	386.692307692	4.82838423058	299.0	0.91735696	0.587108857933
10317.000016407	730.365384615	5.99099474653	424.0	0.96084014	0.686417203012
10317.000006657	509.053571429	5.61348792618	357.0	0.95292816	0.661985069353
10317.000005805	582.014492754	5.91545977551	441.0	0.95186518	0.673387099123
10317.000012988	313.676470588	3.90827703259	216.0	0.8219326	0.503975980503
10317.000011093	780.04	6.73666950978	533.0	0.97879104	0.743726613578
10317.000004979	479.055555556	5.60236641484	366.0	0.92731008	0.657886788078
10317.000014188	493.0	5.62785122249	370.0	0.93775168	0.659664703605
10317.000011223	787.563218391	6.78059809485	579.0	0.97598722	0.738834927049
10317.000013608	438.076923077	5.12855180357	306.0	0.91815456	0.621086462362
10317.000009594	627.447368421	4.93959232613	364.0	0.89701374	0.580596092763
10317.000022994	696.428571429	6.62409895819	543.0	0.9789192	0.729140194864
10317.000002494	340.381818182	4.48527213161	277.0	0.83451538	0.552799440729
10317.000005887	445.178571429	5.09815048443	342.0	0.91720296	0.605635519916
10317.000028817	762.139534884	5.94016369002	432.0	0.95312452	0.67849686116
10317.000027879	678.542857143	5.94843620567	466.0	0.9470148	0.671063999402
10317.000002325	593.014285714	4.54783618055	395.0	0.85909148	0.527242023037
10317.000026127	595.5	5.62446382985	381.0	0.95208718	0.656017644166
10317.000031851	731.3	5.69727200878	444.0	0.93725544	0.647828360105
10317.000036428	455.101694915	5.48933301058	344.0	0.94402434	0.651455083644
10317.000026648	365.763157895	4.60456119683	258.0	0.85790458	0.574763522494
10317.000027761	965.294117647	6.62391423197	535.0	0.97389052	0.730842490321
10317.000030744	487.468085106	5.40628038207	333.0	0.9376043	0.645188717497
10317.000021239	373.063829787	5.00764328168	274.0	0.9356144	0.618377802209
10317.000036165	548.833333333	6.08158361202	433.0	0.96652158	0.694385546351
10317.000027762	375.533333333	4.58177112425	236.0	0.88009072	0.581248078286
10317.000023342	739.82	5.38501800017	392.0	0.9364557	0.625095690698
10317.000029227	521.660377358	5.54142906379	351.0	0.95108058	0.655377245541
10317.000030751	399.818181818	4.56408884804	308.0	0.86987986	0.552099516006
10317.000026658	739.56	6.218757177	442.0	0.97043142	0.707649764546
10317.000036106	350.363636364	3.9613684031	229.0	0.85424948	0.505327901937
10317.000030756	400.192307692	4.33851663923	305.0	0.84680582	0.525710956629
10317.000038402	513.88	5.61207640732	386.0	0.95517302	0.653139885714
10317.000033785	865.133333333	6.4778974994	541.0	0.97257558	0.713465318091
10317.000028955	982.375	6.56788742105	574.0	0.97323968	0.716634383044
10317.000035491	692.692307692	6.15580348306	482.0	0.95824418	0.690663066806
10317.000036399	319.023255814	4.12276812488	236.0	0.87808108	0.523018497611
10317.000002326	593.0	5.0824376699	323.0	0.9106495	0.609742010107
10317.000036934	373.941176471	4.51997029904	237.0	0.89937744	0.5729645593
10317.000036101	543.0	5.71323509103	390.0	0.95103212	0.663763894584
10317.000043083	681.758064516	4.93969366445	439.0	0.874792	0.562730720128
10317.000036085	524.23255814	4.8884386786	344.0	0.8959239	0.580143019583
10317.000036124	528.1	3.39228073836	278.0	0.66493096	0.417823052043
10317.000033728	464.620689655	5.04322472989	365.0	0.89831014	0.592501325524
10317.000036081	427.516666667	5.5413195631	333.0	0.94122738	0.661304373708
10317.000037612	451.384615385	4.55826881885	292.0	0.87163656	0.556577101997
10317.000028718	432.5	5.06010398718	305.0	0.93286866	0.613147840367
10317.000030771	318.666666667	3.60386174	187.0	0.8100408	0.477529102752
10317.000034241	494.580645161	5.88127448705	387.0	0.95935982	0.684172250019
10317.000009144	244.775	4.3960157314	202.0	0.88919548	0.574026421351
10317.000004765	491.269230769	5.93176410528	363.0	0.96501608	0.697540646768
10317.000006675	722.5	6.6744589171	509.0	0.97765528	0.742305811114
10317.000031829	462.206896552	3.86018356368	244.0	0.77083734	0.486737033315
10317.000033666	416.590163934	4.95617048115	311.0	0.92457194	0.59851559942
10317.000031926	928.458333333	5.69568220566	468.0	0.96472154	0.6421023696
10317.000027821	493.525	5.13015329498	309.0	0.92602688	0.62022320328
10317.000013063	441.175438596	4.88226241139	318.0	0.90420796	0.587312781577
10317.000014234	492.885714286	4.8235905325	282.0	0.9105483	0.592611352108
10317.000022526	469.065217391	5.05870858953	319.0	0.93071814	0.608207001918
10317.000033713	510.206896552	3.76417052014	264.0	0.74257066	0.467924677023
10317.000014018	585.769230769	5.79528027043	385.0	0.95838106	0.674755247593
10317.000010207	549.58490566	5.55864257507	366.0	0.94973016	0.652752290549
10317.000006777	354.651515152	5.34298961199	317.0	0.93893948	0.643087576542
10317.000014678	369.96875	2.23190255894	209.0	0.58206996	0.289580713794
10317.000002711	259.0	3.39888258138	190.0	0.7326033	0.44900230034
10317.000013755	446.15	4.8556823995	299.0	0.91172708	0.590428187135
10317.000016381	378.0	3.93314293104	237.0	0.81769638	0.49857661822
10317.000001221	436.684210526	5.52160531915	360.0	0.93368656	0.650223838839
10317.000009497	406.216216216	4.42946722711	267.0	0.89225356	0.549514243516
10317.000002161	484.163934426	5.45083162748	353.0	0.95246112	0.644038037475
10317.000023343	305.222222222	4.17140380525	194.0	0.89546414	0.548875216318
10317.000036151	568.681818182	6.03799512447	417.0	0.96397412	0.693711169192
10317.000038424	598.342465753	5.67170032849	413.0	0.93932894	0.652669925487
10317.000036191	508.35	5.56158223465	375.0	0.94624596	0.650420644447
10317.000005799	142.681818182	1.79526368929	109.0	0.4122672	0.265250413278
10317.000016723	552.676470588	5.5758514222	332.0	0.95010716	0.665770169551
10317.000004927	261.976744186	3.50130529204	209.0	0.80261726	0.454280802547
10317.000016717	553.055555556	6.04976875698	378.0	0.96802172	0.706563591317
10317.000002382	616.038461538	6.29980834416	465.0	0.96861646	0.710952100007
10317.000001575	454.884057971	5.38114752315	368.0	0.92476358	0.631326146381
10317.000012154	446.558139535	4.9558827455	302.0	0.9255989	0.601558542256
10317.000006034	517.678571429	5.70469310398	410.0	0.95265526	0.657262075444
10317.000001782	596.56097561	5.80255633776	471.0	0.9448194	0.653471697336
10317.000014556	401.96875	3.67268839444	241.0	0.7928851	0.464139992155
10317.000010979	489.960784314	4.88057505253	338.0	0.90399554	0.580960016097
10317.000005228	143.166666667	0.916895007594	93.0	0.20528026	0.140216048284
10317.000002067	368.023255814	4.54699645245	285.0	0.87055154	0.557584043156
10317.000012156	661.825	6.00982129518	478.0	0.9618216	0.67519505963
10317.000008991	430.434782609	5.23608451115	314.0	0.93791466	0.631262678508
10317.000001405	334.333333333	4.97946107482	255.0	0.93511342	0.622872270303
10317.000010776	495.0	6.42618169418	396.0	0.97297044	0.7446883907
10317.000013965	584.4	5.2370910587	327.0	0.93556698	0.626960254393
10317.000003281	280.888888889	4.55847026649	194.0	0.91803006	0.599805597926
10317.000002272	511.904761905	4.70604229696	353.0	0.89245946	0.556038133691
10317.000002126	379.75	4.87157013777	316.0	0.90120204	0.586668926542
10317.000012202	461.02	4.84441395092	301.0	0.92621024	0.588369895757
10317.000001794	421.022222222	4.97804875981	328.0	0.90207158	0.595634793186
10317.000002276	501.015384615	5.17788854893	393.0	0.86959616	0.600795653382
10317.000009198	419.472727273	5.1410064463	340.0	0.90193358	0.611341116775
10317.000014594	346.322580645	3.73915001297	220.0	0.7504424	0.480526559706
10317.000016737	704.493670886	6.09429101875	496.0	0.9587085	0.680607260272
10317.000015605	546.115384615	5.53498634131	359.0	0.9508321	0.652107758777
10317.000009219	497.068493151	4.81746392312	375.0	0.8647101	0.563396863927
10317.000007005	297.387096774	3.5136554889	198.0	0.76934082	0.460544140727
10317.000006703	293.6	2.96657018168	206.0	0.67648896	0.38594548601
10317.000017746	325.294117647	4.91501347547	230.0	0.93098242	0.626476286829
10317.000026105	310.5	4.22340572624	195.0	0.89144046	0.555175804396
10317.000001301	316.285714286	3.32759822042	226.0	0.69319212	0.425514331118
10317.000009097	322.583333333	4.02627504538	237.0	0.80014524	0.510382315452
10317.000016414	389.552631579	4.53524504421	254.0	0.90526316	0.567708605613
10317.000003732	364.026315789	5.20576984324	285.0	0.9347855	0.638367376639
10317.000013814	399.375	4.08414803628	232.0	0.87485946	0.519745216845
10317.000018426	305.736842105	5.01737133939	251.0	0.9289827	0.629410264829
10317.000002132	516.222222222	4.98966126963	419.0	0.85585742	0.572812782331
10317.000003225	264.833333333	4.04522090143	214.0	0.85777266	0.522539320847
10317.000009392	263.6	2.74677577153	176.0	0.65450358	0.368228561097
10317.000009149	375.166666667	5.28622986244	301.0	0.93723082	0.642029881142
10317.000013912	275.677419355	4.07356646635	200.0	0.8398467	0.532920343504
10317.000007677	367.837837838	4.89432699408	262.0	0.92764308	0.609245522505
10317.000017208	393.023255814	5.34395784478	304.0	0.9462382	0.647915229137
10317.000013117	519.773584906	3.87734334135	344.0	0.70819538	0.460149716894
10317.000005026	270.526315789	3.7800301324	171.0	0.84811744	0.509585506696
10317.000009033	340.87804878	5.62236953626	275.0	0.95274268	0.693838065387
10317.000013524	683.569620253	6.30107359375	506.0	0.96365966	0.701444740148
10317.000002274	230.848484848	3.85691560901	179.0	0.83646084	0.515367524242
10317.000008999	338.076923077	3.12094244703	226.0	0.66920596	0.399088366396
10317.000016761	478.016666667	5.12277064886	355.0	0.917152	0.604693938238
10317.000004025	153.652173913	2.95868942095	118.0	0.76545798	0.429876923695
10317.000001128	365.813953488	5.45734335938	303.0	0.94096044	0.66204393724
10317.000003559	437.014285714	5.65455197549	356.0	0.95788568	0.667146037749
10317.000017117	207.315789474	3.00901918495	132.0	0.71729614	0.427150885366
10317.000014561	588.0	6.00485840286	408.0	0.953072	0.692408197947
10317.000002056	490.591836735	6.10181200399	366.0	0.96468884	0.716536763844
10317.000002243	387.837837838	4.8793201622	262.0	0.90666462	0.607377472999
10317.000003189	452.267857143	4.832060652	329.0	0.89451782	0.577863327326
10317.000016315	375.027777778	3.22717938536	243.0	0.67337882	0.407224698867
10317.000011315	490.474576271	5.60213541964	357.0	0.94953962	0.660646295683
10317.000013913	349.607142857	3.41109589281	216.0	0.75450264	0.439864007294
10317.000013498	350.651162791	4.08843450721	249.0	0.86901284	0.513622300861
10317.000002589	542.166666667	5.60201376308	380.0	0.9587007	0.65368823223
10317.000004086	552.618421053	6.58225397393	449.0	0.97495932	0.747085915286
10317.000013551	415.5	3.21179407688	255.0	0.68571806	0.401757828478
10317.000006766	410.75	5.63713549328	332.0	0.94908114	0.673087636122
10317.000011962	416.609756098	3.38418801746	265.0	0.72646652	0.420403936382
10317.000002199	248.033333333	4.10559468783	185.0	0.88132302	0.545131687906
10317.000010556	475.738095238	4.0419362437	300.0	0.78067328	0.49119276967
10317.000028914	442.153846154	4.70201446388	277.0	0.9151858	0.579512433061
10317.000038479	275.166666667	4.68235016652	226.0	0.91252528	0.598752303371
10317.000042999	467.12244898	6.05349980187	347.0	0.97037558	0.717341997246
10317.000041554	750.0	6.28173511043	465.0	0.97166252	0.708912481851
10317.000037489	603.520833333	5.97791202545	392.0	0.96697562	0.69391913757
10317.000031493	351.491803279	5.23248184146	306.0	0.92452448	0.633672771721
10317.000039813	390.3	4.76920438619	279.0	0.88973144	0.587042487812
10317.000009455	340.774193548	5.10370183858	231.0	0.93887062	0.650008273527
10317.000023819	403.466666667	4.70266888036	289.0	0.8690584	0.575255245492
10317.000008950B	397.2	3.6485477384	242.0	0.77506738	0.460741349999
10317.000001067	159.5	2.04223699214	98.0	0.63851792	0.30874173475
10317.000009526	307.632653061	5.40130632252	254.0	0.95199152	0.676119603452
10317.000010876	260.035714286	5.07615303923	207.0	0.94081536	0.659798745
10317.000001622	315.533333333	4.34845762797	218.0	0.89333654	0.559777863934
10317.000002271	379.730769231	3.45325595472	208.0	0.78262998	0.448449190062
10317.000002465	435.708333333	6.06776618396	375.0	0.96727722	0.709618275018
10317.000001747	276.03125	4.32350905364	215.0	0.86838226	0.558002251308
10317.000002038	315.333333333	3.78671423933	209.0	0.83884702	0.491311508188
10317.000023378	357.130434783	4.59238483621	272.0	0.86502868	0.56783999214
10317.000010178	305.065217391	4.77339479107	257.0	0.89712342	0.596255140587
10317.000011259	342.136363636	3.74893783744	247.0	0.74738176	0.471661377514
10317.000005025	306.090909091	4.26277041772	222.0	0.8735869	0.546900561994
10317.000001225	171.041666667	2.3535368845	126.0	0.6287179	0.337314384733
10317.000015394	390.789473684	3.53010300215	180.0	0.83520722	0.471192234652
10317.000042586	633.4	6.34578684333	445.0	0.97186098	0.721303817461
10317.000001208	241.875	4.13864279174	173.0	0.89811588	0.556671115894
