	chao1	shannon	observed_otus	simpson	equitability
10317.000002503	447.666666667	5.38475227271	351.0	0.92791202	0.636847295487
10317.000013618	798.068181818	6.57289109337	456.0	0.97904614	0.744138224616
10317.000031796	963.4	6.48951042561	581.0	0.96630154	0.706734014664
10317.000026504	608.217391304	6.08873335373	433.0	0.96346142	0.69520189249
10317.000007104	774.068181818	5.8354728107	412.0	0.95886322	0.671786387676
10317.000007077	670.0	5.84402682641	415.0	0.96042284	0.671961440443
10317.000016408	818.246575342	6.44691137462	529.0	0.97212164	0.712592359434
10317.000005802	429.071428571	4.46435545865	273.0	0.88707336	0.551648267817
10317.000006952	414.222222222	5.85085151684	333.0	0.96575536	0.698244101238
10317.000013023	624.519230769	5.93465987461	386.0	0.96683842	0.690682519432
10317.000002645	541.512195122	4.74446898051	337.0	0.88918712	0.565046123303
10317.000002027	626.559322034	5.81063965782	419.0	0.95708526	0.667061046764
10317.000027353	1023.46153846	6.52817801778	605.0	0.95949786	0.706452270495
10317.000023798	633.863013699	6.03051726189	453.0	0.94919876	0.683471184847
10317.000041962	793.835294118	6.54087187976	543.0	0.97432966	0.719979068413
10317.000040352	510.840909091	4.3183782928	329.0	0.78455704	0.516432352292
10317.000028811	488.130434783	5.00160666978	374.0	0.91301996	0.585195791671
10317.000027772	946.032258065	6.99206038612	622.0	0.9805883	0.753392208396
10317.000027617	657.0	5.50221039659	437.0	0.9346375	0.627283475141
10317.000039952	157.24	4.44074690424	141.0	0.89894366	0.621992431324
10317.000026028	665.041666667	6.07142079075	456.0	0.96694714	0.687365152404
10317.000001441	528.651162791	5.11710832876	357.0	0.89884812	0.603448222647
10317.000016347	666.147540984	6.14813518075	455.0	0.95260556	0.696299913962
10317.000001595	577.430769231	6.32729152739	432.0	0.97183584	0.722715343381
10317.000002146	601.058823529	5.87299515741	414.0	0.95955994	0.675562658128
10317.000012158	814.285714286	6.63095162588	558.0	0.9738501	0.726749612292
10317.000014313	341.243243243	4.09111068161	233.0	0.85724058	0.520220478808
10317.000007749	450.096774194	5.56556096394	303.0	0.94321766	0.675172084818
10317.000017335	710.958333333	5.98947009711	472.0	0.96690406	0.674289179902
10317.000002578	515.045454545	5.98245921075	388.0	0.96543942	0.69564184202
10317.000007719	483.109090909	5.05809557968	333.0	0.92827464	0.603636136011
10317.000006716	572.015384615	5.99242990477	439.0	0.95597626	0.68265860693
10317.000006802	504.451612903	5.74969415658	395.0	0.9407874	0.666576424175
10317.000002898	514.245283019	5.75224164008	384.0	0.95610784	0.67003689761
10317.000001647	553.75	5.71902562399	380.0	0.95044016	0.667342121661
10317.000002878	393.75	5.64249861502	339.0	0.93018946	0.671315127743
10317.000017667	660.93220339	6.00075773606	426.0	0.96491968	0.687001399814
10317.000009213	496.018518519	5.67935115433	366.0	0.95071862	0.666927118403
10317.000031434	644.01754386	5.17307344043	392.0	0.92102612	0.600493055951
10317.000027217	563.6	4.74036655658	379.0	0.8336986	0.553389756293
10317.000001546	503.791044776	6.3377043205	399.0	0.9755117	0.733509798308
10317.000009074	553.411764706	5.98977222361	402.0	0.9685185	0.69237503571
10317.000027277	687.884057971	5.52346671329	457.0	0.92638788	0.625105843826
10317.000001333	310.24	4.33046969073	187.0	0.9085825	0.573808168876
10317.000023984	687.232876712	5.84404375873	469.0	0.94838228	0.658599263671
10317.000028933	706.119402985	6.2045022328	471.0	0.96538326	0.698737999113
10317.000015568	669.059701493	6.05134606699	447.0	0.96536192	0.687330305789
10317.000006944	621.367346939	2.97074601881	442.0	0.56077538	0.338049494602
10317.000002028	618.892857143	5.56289399626	422.0	0.9113662	0.637866153783
10317.000003896	510.424242424	5.91195960457	393.0	0.95656212	0.685970661561
10317.000011025	630.862068966	6.31593209886	433.0	0.97287224	0.721143083935
10317.000017293	889.47826087	5.96973321343	521.0	0.95535768	0.661456055304
10317.000031284	336.090909091	3.68919659223	212.0	0.8052989	0.477385425216
10317.000020034	661.086956522	5.93768966878	465.0	0.95703386	0.670085930966
10317.000031847	687.92	5.48082721541	404.0	0.93705944	0.633020714074
10317.000013935	612.581395349	6.1334057263	472.0	0.96426126	0.69049332414
10317.000014019	656.011904762	6.28984889542	491.0	0.96808672	0.70359563293
10317.000023052	482.942307692	5.39820343474	341.0	0.9406255	0.641602348034
10317.000015385	685.276315789	6.41472089516	478.0	0.97347798	0.720684966256
10317.000017354	758.933333333	6.65518285307	517.0	0.97451182	0.738314592805
10317.000023475	779.416666667	6.49023881784	477.0	0.97621946	0.729416896476
10317.000003475	664.181818182	5.89586721686	461.0	0.94457896	0.666303362292
10317.000017269	525.924050633	5.63707675269	408.0	0.93597316	0.650000032333
10317.000014801	653.381818182	5.69043159425	386.0	0.95474902	0.662258952192
10317.000009716	674.012658228	6.59118650603	513.0	0.97690458	0.732125062506
10317.000013155	616.037974684	5.7848442121	453.0	0.94539708	0.655627727456
10317.000015604	594.630434783	5.72225599143	377.0	0.95493226	0.668611205635
10317.000009236	533.018518519	5.56660017922	368.0	0.93192514	0.653083793832
10317.000041289	589.202702703	5.62814746028	430.0	0.94135258	0.643349724572
10317.000030735	647.068493151	6.2254768433	475.0	0.9635329	0.700138133257
10317.000022541	634.767857143	5.18650402686	399.0	0.9025636	0.60027280073
10317.000034132	318.181818182	3.46864738028	220.0	0.77024492	0.445763659307
10317.000026633	636.590909091	5.87889140364	439.0	0.95563186	0.669724282083
10317.000028715	434.576923077	4.78851751499	248.0	0.91071262	0.602011482761
10317.000026126	440.914893617	4.44792043954	289.0	0.8930477	0.544093073416
10317.000033665	714.0	4.83719863843	350.0	0.89166034	0.572367507381
10317.000028755	729.943661972	6.16312866077	485.0	0.96130008	0.690791138762
10317.000016485	469.042553191	4.49562236689	312.0	0.85275484	0.542595549152
10317.000001001	442.018518519	4.58403964766	312.0	0.8723048	0.553267002201
10317.000002334	663.964912281	5.89414616728	438.0	0.95738712	0.671713869208
10317.000006797	390.333333333	4.7444350306	289.0	0.89521528	0.58036430114
10317.000013156	761.12345679	6.58419316983	508.0	0.9758197	0.732497957073
10317.000001529	591.52173913	6.1499522152	436.0	0.96773578	0.701394038652
10317.000002418b	788.512195122	6.45461225959	536.0	0.97140422	0.711951109679
10317.000005849	420.1	4.23572932419	289.0	0.83132976	0.518136737714
10317.000011341	623.844827586	5.74044348096	410.0	0.95732232	0.661381029181
10317.000013355	820.753424658	6.30129661272	523.0	0.9654361	0.697766457079
10317.000006794	611.678571429	5.33819423518	393.0	0.92257436	0.619396084542
10317.000028723	754.416666667	5.52743453012	452.0	0.93897118	0.626680541707
10317.000002774	503.0625	4.60681548204	339.0	0.85159038	0.548094937158
10317.000001531	501.666666667	6.26579633298	405.0	0.9683382	0.723384536322
10317.000018027	654.035714286	6.50880812909	491.0	0.9764064	0.728088870074
10317.000001948	385.125	5.01712612466	282.0	0.92762744	0.616388533894
10317.000001032	486.666666667	5.57661487947	341.0	0.95431644	0.66280740324
10317.000016697	881.493150685	7.03907428878	578.0	0.98469672	0.767207771743
10317.000011162	569.451612903	4.10006322374	394.0	0.74142442	0.475532194609
10317.000005999	466.166666667	4.96358678266	355.0	0.91267142	0.585903809701
10317.000001362	616.481481481	6.58165953679	484.0	0.97672172	0.737948252114
10317.000010947	501.575	5.7273872533	314.0	0.96278946	0.69049416805
10317.000002851	518.75	5.39062687353	362.0	0.93296492	0.634202895575
10317.000035452	675.0	6.51221998155	401.0	0.97487816	0.753079073688
10317.000005928	643.858695652	6.17088847711	495.0	0.95156192	0.689385789147
10317.000027807	873.266666667	6.33893996255	511.0	0.9698061	0.704547461344
10317.000031313	861.26744186	6.44742580399	563.0	0.96866676	0.705639933858
10317.000014458	538.8125	5.46232910212	339.0	0.94617546	0.649879496505
10317.000016759	630.835820896	6.10265782695	455.0	0.96001268	0.691149429041
10317.000014308	620.878787879	6.10899650317	447.0	0.9581117	0.69387841781
10317.000010546	456.162162162	4.56653635201	300.0	0.88401386	0.554944339372
10317.000015305	714.465753425	6.73334021664	520.0	0.9757389	0.746294138765
10317.000014295	516.153846154	5.07535937194	337.0	0.91790598	0.604453764849
10317.000011055	734.873239437	6.21168189804	513.0	0.9540854	0.689971068746
10317.000002818	508.948275862	3.77572041735	353.0	0.68973604	0.446116800854
10317.000009667	518.85	4.78764156717	340.0	0.90986274	0.569320846603
10317.000012254	518.0	5.26331587826	381.0	0.91978068	0.613894619543
10317.000026037	620.042857143	6.30721006131	475.0	0.96551182	0.709330126758
10317.000007037	403.365384615	5.72072145522	350.0	0.9259553	0.676911436659
10317.000015594	752.763157895	6.63644172923	519.0	0.97899426	0.735780805261
10317.000004286	552.395833333	5.4726529208	375.0	0.94180302	0.640020463494
10317.000001351	599.733333333	5.0362913586	358.0	0.90644848	0.593635162623
10317.000010115	504.355932203	5.55696361157	373.0	0.93642308	0.650467390089
10317.000010981	540.518518519	6.01619072244	390.0	0.96278	0.698961292659
10317.000013028	433.615384615	5.9757859056	372.0	0.95899646	0.699809669522
10317.000017095	621.878787879	6.45644757932	448.0	0.9764175	0.733074531054
10317.000011048	711.150684932	6.34603416621	488.0	0.96941002	0.710583451998
10317.000002079	458.849056604	5.22653630038	333.0	0.9438346	0.623737951841
10317.000014937	581.779661017	6.31600616353	433.0	0.96954606	0.721151540522
10317.000013653	409.319148936	5.01877790737	304.0	0.91389794	0.60848957501
10317.000021178	752.185185185	5.76621679033	437.0	0.9462458	0.657381714973
10317.000006741	563.044776119	5.85671614701	424.0	0.95416296	0.671032255335
10317.000014548	621.596774194	6.0372498982	419.0	0.96323082	0.693075887307
10317.000013215	747.789473684	6.13731653412	462.0	0.9624642	0.693345067218
10317.000010867	518.444444444	5.73445177008	377.0	0.96015684	0.670036209039
10317.000026613	519.0	5.88722687492	400.0	0.95828888	0.681088017392
10317.000006909	552.584415584	6.17090036459	442.0	0.96439036	0.702204004071
10317.000011163	438.188679245	5.23771372771	323.0	0.914684	0.62837053873
10317.000012276	645.868421053	6.05033874582	470.0	0.95321444	0.681611805874
10317.000015003	610.692307692	5.49924293533	390.0	0.92013814	0.638902276883
10317.000001613	584.181818182	5.86429771646	426.0	0.95344544	0.671378668717
10317.000006029	579.122807018	5.84955104187	401.0	0.95785568	0.676447431534
10317.000005024	624.846153846	6.20475301703	462.0	0.95799454	0.700963503145
10317.000026632	691.679245283	6.20180509822	427.0	0.97065776	0.709743604662
10317.000033799	489.277777778	5.14488519395	274.0	0.95163228	0.635325365625
10317.000029152	579.790697674	4.25435237784	337.0	0.77660954	0.506675315644
10317.000022999	630.22	5.44361055132	379.0	0.936709	0.635486365959
10317.000037575	752.506329114	6.83381718074	530.0	0.9798021	0.755130557533
10317.000027681	744.25	6.45762584922	433.0	0.97307554	0.73732145104
10317.000021296	793.511111111	6.44919267036	552.0	0.97199584	0.708039233025
10317.000028712	664.016666667	5.6471736784	433.0	0.9457751	0.644785310895
10317.000027363	786.044776119	5.88487317167	477.0	0.95489322	0.661381814369
10317.000033801	656.365384615	5.56775383905	393.0	0.9379573	0.646032117918
10317.000011225	685.283018868	5.96521897368	430.0	0.95895862	0.68188014099
10317.000011409	488.865384615	5.29803073951	335.0	0.93654956	0.631618958245
10317.000009475	411.118644068	4.95171214345	315.0	0.90688126	0.596648756421
10317.000012928	559.519230769	5.70397262811	367.0	0.95247482	0.669508938977
10317.000028841	711.672413793	6.0102595837	437.0	0.9668697	0.685203990109
10317.000014534	582.428571429	5.60180754234	381.0	0.95017258	0.653375094617
10317.000016715	665.346153846	6.55964679699	479.0	0.97793562	0.73671763739
10317.000008954A	559.114754098	5.76088412908	395.0	0.94390528	0.667873705673
10317.000015912	522.267857143	5.244258938	351.0	0.92956882	0.620231340711
10317.000016725	626.137931034	6.37483521336	415.0	0.97802178	0.732995172643
10317.000018358	528.529411765	4.76763866218	335.0	0.87725306	0.568386842801
10317.000010102	506.25	5.56319560943	355.0	0.95329072	0.656681880341
10317.000008949B	504.181818182	5.94792463266	385.0	0.95760818	0.692527914249
10317.000010869	656.595744681	6.15634127131	422.0	0.95913836	0.705913456331
10317.000014571	602.537313433	6.3909623416	451.0	0.97309618	0.72484679735
10317.000010827	520.833333333	5.92573276022	375.0	0.96278236	0.693007629503
10317.000014162	603.655737705	5.86408171542	418.0	0.95766188	0.673462714294
10317.000016736	634.036144578	5.7638538692	473.0	0.95281326	0.648666534059
10317.000001929	640.381818182	5.7613731201	412.0	0.95348214	0.663255945483
10317.000003196	602.014285714	6.11677166335	459.0	0.95967776	0.691758573885
10317.000028833	319.517241379	4.13060549853	205.0	0.89250734	0.537875669317
10317.000004291	957.461538462	6.30942962878	539.0	0.9717046	0.695319734069
10317.000035347	1016.575	6.33223622026	566.0	0.97173354	0.692451926809
10317.000031035	501.660377358	4.90553519666	331.0	0.8846573	0.586037317875
10317.000016765	619.373333333	6.13897095356	454.0	0.96346366	0.695512063679
10317.000004918	646.126582278	6.25604756421	479.0	0.97028016	0.702620236049
10317.000001347	705.283018868	5.93943308045	450.0	0.95246416	0.673880250893
10317.000005938	480.75	5.68537867469	405.0	0.94084544	0.656375470546
10317.000003982	484.640625	5.13976014477	384.0	0.88636806	0.598693371617
10317.000001934	536.459016393	5.4725119441	399.0	0.9172288	0.633374630522
10317.000015355	621.684210526	5.93306053679	415.0	0.9540006	0.682198768582
10317.000002418a	762.465753425	6.41512590784	498.0	0.97713634	0.715973719255
10317.000026083	700.514285714	5.71551691288	460.0	0.93443072	0.646150397544
10317.000009476	433.222222222	4.67915400842	300.0	0.88539016	0.568630101648
10317.000003729	654.134328358	5.80439373568	476.0	0.94479014	0.652559039447
10317.000017219	662.45	6.44801408498	485.0	0.97407004	0.722722376521
10317.000004283	221.5625	3.13866476947	145.0	0.75008566	0.43714547498
10317.000003473	608.8125	6.58436050728	504.0	0.96949136	0.733447164774
10317.000007068	318.0	4.92921580739	246.0	0.93145448	0.620611495777
10317.000011342	580.084507042	6.01980753972	445.0	0.94989416	0.684250868487
10317.000026056	444.775510204	4.69161051443	311.0	0.90514936	0.566566886666
10317.000012209	550.444444444	5.76838496496	396.0	0.9477561	0.66846060708
10317.000016355	790.0	6.45764418981	487.0	0.9757411	0.723320429477
10317.000015185	534.404255319	5.19878669465	356.0	0.90959634	0.613373077031
10317.000003028	511.181818182	5.28790658203	368.0	0.91518638	0.620386947298
10317.000012985	720.818181818	6.16308914847	474.0	0.95942458	0.693358889541
10317.000016755	682.202531646	6.0411555388	476.0	0.94146378	0.679176988169
10317.000014327	457.447761194	5.59175076544	363.0	0.95559006	0.657557073454
10317.000013249	558.926829268	5.30973010398	325.0	0.945587	0.636330513992
10317.000008950A	382.243243243	3.74496666443	259.0	0.78658044	0.467139356467
10317.000016716	566.803278689	6.14409717341	405.0	0.96918406	0.709334400404
10317.000022662	555.144927536	5.91964914338	408.0	0.9580044	0.682582888864
10317.000022443	610.296875	5.21060753264	404.0	0.93266732	0.601811071839
10317.000017074	559.319148936	5.4682624274	364.0	0.94575454	0.642735592319
10317.000002511	473.333333333	4.90899926372	360.0	0.88598226	0.578083394524
10317.000013821	427.145833333	5.05908434697	309.0	0.92951412	0.611631138276
10317.000004819	409.8	4.95272509728	279.0	0.92044588	0.609632095236
10317.000017075	547.6	4.96189859244	376.0	0.89530246	0.580027711264
10317.000010834	638.181818182	5.71248935198	404.0	0.9425874	0.659777064047
10317.000014303	493.267857143	6.04009950121	370.0	0.96800656	0.707986101567
10317.000015265	624.519230769	5.6294171844	386.0	0.95595182	0.655158025229
10317.000003193	443.06	4.88609942419	293.0	0.92059512	0.596247028556
10317.000013619	698.188405797	6.66404711873	490.0	0.97815448	0.745699575636
10317.000005015	602.318181818	5.92279849764	412.0	0.9660196	0.681839421883
10317.000022925	370.0	5.28248437839	277.0	0.9463177	0.651054010626
10317.000003439	546.390625	5.29588318196	381.0	0.94016506	0.6176931551
10317.000016735	595.013333333	6.07297578835	442.0	0.96485622	0.69106089278
10317.000011168	533.962264151	5.95419788466	383.0	0.96183628	0.693865366252
10317.000004972	533.015384615	6.29939872536	406.0	0.97224734	0.726965323164
10317.000009382	538.266666667	5.91362025273	383.0	0.96622686	0.689136700194
10317.000027308	522.357142857	5.53790078776	358.0	0.92104528	0.652760613048
10317.000003895	479.898734177	6.02325445917	394.0	0.96527948	0.698587132773
10317.000001322	432.396226415	5.04951037772	313.0	0.93420478	0.609107225322
10317.000026106	513.775862069	5.58383086202	378.0	0.93269158	0.652145849809
10317.000008957B	581.948275862	6.35062537788	426.0	0.97037686	0.727056267924
10317.000001047	422.666666667	4.87285984198	287.0	0.9104127	0.596805313979
10317.000017071	532.348837209	4.58353379196	322.0	0.84905746	0.550183594318
10317.000015262	639.549019608	5.51349205504	387.0	0.95080028	0.64138789527
10317.000003981	476.614285714	5.45726200542	378.0	0.94640254	0.63736364086
10317.000014334	731.625	6.41422875211	491.0	0.97124294	0.717509023449
10317.000011378	767.777777778	5.7436727868	456.0	0.95423462	0.650259742575
10317.000016718	549.631578947	5.92530144371	369.0	0.96704486	0.694848129113
10317.000016714	656.045454545	6.57867201909	456.0	0.97846452	0.744792701884
10317.000007748	449.192307692	5.29037465399	336.0	0.92556604	0.630383050054
10317.000007073	629.026315789	5.79983902066	451.0	0.95607748	0.657803084194
10317.000001247	724.220779221	6.76286140758	515.0	0.98075564	0.750725980224
10317.000002036	368.885714286	5.00766871739	274.0	0.92957486	0.618380943183
10317.000012112	514.234375	5.81301200088	375.0	0.96149394	0.679825066369
10317.000002437	400.837837838	4.90965031873	295.0	0.91760816	0.598404259334
10317.000003731	539.887096774	5.51780328422	394.0	0.94683204	0.639964059572
10317.000013171	524.6	5.49724784033	365.0	0.93755116	0.645842056735
10317.000001487	474.185185185	5.75464104407	357.0	0.96013562	0.67863091553
10317.000014306	617.736842105	5.32116671604	358.0	0.93347326	0.627213845249
10317.000002064	643.059701493	6.2104554099	446.0	0.96742462	0.705661407416
10317.000002336	557.226415094	5.38573676873	371.0	0.90963758	0.630997423174
10317.000006074	450.725806452	5.67087480496	345.0	0.96181138	0.672665526579
10317.000012061	456.163265306	4.62116755212	308.0	0.8921913	0.559004097828
10317.000016756	658.779661017	6.0379000966	435.0	0.96281004	0.688874906391
10317.000011018	675.987341772	6.20992268974	492.0	0.96016994	0.694426907112
10317.000015261	669.230769231	5.82644387254	435.0	0.9590565	0.664749484601
10317.000013458	585.417910448	6.31862185255	436.0	0.96846714	0.720630591067
10317.000041935	474.468085106	4.2703366646	320.0	0.81074748	0.513142701536
10317.000033721	654.518987342	6.2699431918	464.0	0.97151754	0.707829831115
10317.000031491	474.333333333	6.39326452788	386.0	0.97706236	0.744055454703
10317.000017671	422.88372093	5.2036637549	291.0	0.93993808	0.635765792012
10317.000036943	528.318181818	5.99603144902	409.0	0.9617586	0.691108937752
10317.000036102	593.567164179	6.28682927705	429.0	0.9701336	0.718919237789
10317.000028894	579.928571429	5.26966405162	375.0	0.93764708	0.616281148756
10317.000040358	546.784313725	5.63350809595	356.0	0.94985552	0.664663198982
10317.000031506	634.347826087	6.11102822749	450.0	0.95847728	0.693349210164
10317.000016446	611.078947368	5.88603547789	452.0	0.94370452	0.667337420587
10317.000028793	563.020408163	5.4209163994	347.0	0.95045268	0.642380626766
10317.000042026	667.887323944	6.44632490712	475.0	0.97196148	0.724975451752
10317.000037582	518.1	5.77454074189	374.0	0.9572267	0.675630285244
10317.000029202	495.65	4.64032971548	326.0	0.86716976	0.555812769293
10317.000022618	804.080645161	6.28938375399	499.0	0.96620986	0.701713346919
10317.000021229	441.117647059	3.2907412434	255.0	0.69176716	0.411633194528
10317.000034121	449.236842105	4.56409774422	255.0	0.91295114	0.570915181605
10317.000036071	421.018181818	4.90382215673	314.0	0.90727778	0.591205108128
10317.000036166	539.9	5.78533953743	359.0	0.96118366	0.681603271784
10317.000031593	603.275	4.86568181114	335.0	0.8835661	0.580075320021
10317.000034194	827.363636364	6.01487932137	523.0	0.94731072	0.666050384831
10317.000036131	726.0	6.00901436357	450.0	0.9607724	0.681774851588
10317.000002347	421.111111111	4.9894838055	320.0	0.92302834	0.599558629756
10317.000016767	652.641791045	6.22911730013	458.0	0.96622936	0.704714751403
10317.000036109	411.902439024	4.1805329037	263.0	0.82052244	0.520036700117
10317.000004973	568.085714286	6.31480952521	435.0	0.96820732	0.720468002279
10317.000031379	741.9375	5.94731615693	478.0	0.95235498	0.668172694326
10317.000004737	568.775510204	5.70650913959	395.0	0.92819198	0.661569877144
10317.000006666	443.130434783	4.82313230622	308.0	0.91177068	0.583434963813
10317.000003969	346.525	4.97245239468	253.0	0.93309206	0.622880671036
10317.000001749	608.735632184	6.27982007988	482.0	0.9644643	0.704577364643
10317.000009507	641.246575342	6.36587681428	467.0	0.97420496	0.717906474032
10317.000040348	814.5	5.97543673224	498.0	0.9562591	0.666901277204
10317.000026595	692.518518519	6.07978479179	417.0	0.96246876	0.69851242497
10317.000012335	578.3	5.52852179071	397.0	0.93791204	0.640394401301
10317.000022554	698.966666667	6.28745414816	451.0	0.97251274	0.713107159639
10317.000003718	693.119047619	6.45316793962	516.0	0.96903348	0.716125313091
10317.000006113	579.92	5.15501911943	374.0	0.90900432	0.603145287873
10317.000006662	553.916666667	6.26996545151	432.0	0.9699463	0.71616744932
10317.000013756	831.454545455	6.6535607327	505.0	0.97391696	0.74091952304
10317.000001216	585.888888889	6.23857946667	457.0	0.96941326	0.706037111151
10317.000016722	523.245901639	6.16586615135	390.0	0.972404	0.716350590322
10317.000016358	396.734693878	4.94989067912	315.0	0.91842154	0.596429281945
10317.000035392	894.620689655	5.99269590171	464.0	0.96554176	0.676530679509
10317.000043118	773.12987013	6.57913931956	530.0	0.97305704	0.726988886456
10317.000006685	407.326086957	4.90664055041	277.0	0.9245053	0.604732126064
10317.000005992	426.782608696	4.35862137982	317.0	0.83029924	0.52460803104
10317.000012947	712.318181818	5.96498243003	460.0	0.96018302	0.674352963564
10317.000012122	636.734693878	5.66595136534	390.0	0.94953116	0.658270469334
10317.000004758	528.383561644	5.68912853149	397.0	0.95079292	0.658998227333
10317.000042014	754.1	6.65321239938	563.0	0.97656398	0.72816229301
10317.000027267	797.095238095	6.36605551048	503.0	0.96831708	0.709356075182
10317.000006625	412.813953488	4.91320652582	300.0	0.91130426	0.59707312928
10317.000008951B	356.322580645	4.18115333539	230.0	0.873889	0.53293717897
10317.000006778	787.034482759	6.59735786422	556.0	0.97697404	0.723478506069
10317.000012971	788.512820513	6.41899542297	541.0	0.96989022	0.706977937163
10317.000017652	792.821052632	6.89852237198	577.0	0.9795189	0.752093419706
10317.000015254	655.246575342	6.28942263384	481.0	0.96621374	0.705892043227
10317.000001438	573.517241379	5.94794836481	396.0	0.96595014	0.689269041329
10317.000006803	474.649350649	5.81228111817	391.0	0.95661318	0.674981347167
10317.000013299	628.949152542	5.86828533502	452.0	0.9529829	0.665324973567
10317.000036039	480.365853659	5.22670711875	312.0	0.93059738	0.630833239074
10317.000011026	635.208333333	5.85381556998	445.0	0.94662014	0.665383130821
10317.000012993	593.14084507	5.95648279363	442.0	0.96181272	0.677804829239
10317.000009419	598.535714286	6.11744567071	449.0	0.96066416	0.694330166569
10317.000010693	781.2	6.31057337915	529.0	0.96867854	0.697522598392
10317.000008951A	309.75	3.94088985498	211.0	0.8568095	0.510405287986
10317.000001669	496.842105263	5.14443939089	352.0	0.92581092	0.608130619503
10317.000036068	566.047619048	5.78885276582	416.0	0.95008546	0.665351746964
10317.000042981	715.635135135	6.19796753089	473.0	0.96605378	0.697521867784
10317.000028776	839.344827586	6.76518148579	599.0	0.97367528	0.733240759726
10317.000004011	327.022222222	4.77833219729	267.0	0.91637828	0.592794001632
10317.000004285	587.851851852	6.20434911551	466.0	0.96479032	0.699934434393
10317.000026116	545.115384615	5.0267531762	358.0	0.89878296	0.592510882859
10317.000022498	696.120689655	6.37880868622	460.0	0.97039128	0.721136833515
10317.000023929	750.631578947	5.33459703353	468.0	0.87147158	0.601395455787
10317.000009558	560.5	5.46819940675	393.0	0.93710874	0.634480716292
10317.000002051	669.322033898	5.80486587458	440.0	0.93289134	0.66104408246
10317.000016726	722.405063291	6.79631107275	523.0	0.9798875	0.75258128444
10317.000005927	662.461538462	5.78725263321	489.0	0.92931102	0.647800876114
10317.000013539	664.131147541	6.231566085	476.0	0.96310684	0.700583896245
10317.000004289	666.391891892	6.11239497135	463.0	0.95690908	0.69028637206
10317.000011073	589.625	5.5278298531	398.0	0.94562272	0.64004516764
10317.000001111	478.222222222	4.93440126504	346.0	0.8901339	0.58501704306
10317.000013053	412.016949153	4.2116006697	297.0	0.85773194	0.512714518119
10317.000010225	672.083333333	6.88183822994	502.0	0.98272052	0.767074047911
10317.000003226	684.987012987	6.41309668096	494.0	0.9703997	0.716677860328
10317.000013167	538.25	6.02509107311	421.0	0.96281722	0.691134974587
10317.000010879	529.125	5.10217512732	370.0	0.91662194	0.598047942287
10317.000013055	530.015873016	5.3794176719	401.0	0.92336428	0.622080778722
10317.000006665	569.4	6.95925428805	494.0	0.98483502	0.77771219128
10317.000002638	439.865853659	5.68596689278	372.0	0.95513852	0.665869673883
10317.000002443	628.894736842	6.71886934743	525.0	0.97719398	0.743552485323
10317.000017349	859.721311475	7.03842816682	540.0	0.98274128	0.775429234136
10317.000005814	508.35	6.20534370417	401.0	0.97052474	0.717591620353
10317.000020071	585.447761194	5.82812399193	405.0	0.96202582	0.672855379824
10317.000004026	524.552238806	6.08306955554	425.0	0.95447298	0.696695371447
10317.000013134	540.15625	6.25588440145	403.0	0.97526062	0.722836221053
10317.000004822	439.558823529	6.16907520494	378.0	0.96753832	0.720497610239
10317.000009101	594.411764706	6.64121196847	440.0	0.97982488	0.756285152314
10317.000013159	705.090909091	6.30903638892	490.0	0.96764082	0.705974263698
10317.000016772	543.682926829	6.28520764855	443.0	0.97066956	0.714946103062
10317.000006635	539.172413793	5.39961151534	414.0	0.91322788	0.62110998058
10317.000001734	559.333333333	6.24243442159	420.0	0.96770312	0.716348237944
10317.000001286	629.5	5.68386991103	412.0	0.93696956	0.654333686303
10317.000014397	722.181818182	6.36971081488	489.0	0.97394364	0.712998811007
10317.000016731	632.3	6.28587113433	464.0	0.96173442	0.709627977051
10317.000016458	923.488372093	6.66459364496	590.0	0.97099254	0.724052597402
10317.000009174	519.561643836	6.26163140095	425.0	0.96660328	0.717146101145
10317.000013222	578.015873016	5.3529044987	403.0	0.92425408	0.618501399834
10317.000004847	422.06	5.48498637757	327.0	0.9375469	0.656637132347
10317.000002261	665.558823529	6.17449051308	469.0	0.96172076	0.695839229366
10317.000016729	789.474576271	6.61378749167	501.0	0.97692458	0.737432624511
10317.000001652	484.474576271	6.2667738759	381.0	0.97352916	0.730934424855
10317.000017083	509.153846154	5.75827606506	388.0	0.95876386	0.669573770191
10317.000002606	451.220779221	5.65460812753	392.0	0.93134506	0.65638985292
10317.000011357	566.243589744	6.10523526998	452.0	0.96416604	0.692189500462
10317.000004813	610.181818182	6.27085947094	452.0	0.965914	0.710967373526
10317.000013453	552.6	5.44675794471	369.0	0.93035978	0.638730299811
10317.000016768	735.666666667	6.44077550361	489.0	0.97184944	0.720953495299
10317.000013174	501.5	4.05538228731	283.0	0.81042734	0.497919270079
10317.000016166	539.788461538	5.45129643403	358.0	0.932659	0.642552428901
10317.000011358	696.617977528	6.93635583598	539.0	0.98254904	0.764409047892
10317.000001436	594.013888889	6.11521564669	453.0	0.96183482	0.693070511554
10317.000009385	665.272727273	6.54753154401	498.0	0.9750699	0.73075113082
10317.000006053	487.887323944	5.45624943095	389.0	0.92676268	0.634180194742
10317.000002185	407.411764706	5.30700520856	318.0	0.93099898	0.638407305517
10317.000016488	378.037037037	4.20257131156	233.0	0.83924562	0.534393672054
10317.000001516	417.810344828	5.01259468121	329.0	0.88718852	0.59945328704
10317.000011352	656.253012048	6.41233976984	503.0	0.96628006	0.714513432121
10317.000004009	441.47826087	5.56059720844	353.0	0.94789982	0.657007289541
10317.000013801	521.762711864	5.7471619138	384.0	0.95346358	0.669445197147
10317.000003996	740.178571429	6.62036830263	561.0	0.96436388	0.724975033138
10317.000017339	616.915254237	5.93863164774	412.0	0.94941878	0.683662152458
10317.000010183	830.647058824	6.87345928602	561.0	0.97891	0.752690204815
10317.000012318	466.353846154	5.15140850269	369.0	0.88717782	0.604095267455
10317.000007666	595.620689655	6.28584962625	435.0	0.96748658	0.717163915201
10317.000002349	482.442857143	5.66436312433	377.0	0.95036608	0.661846772214
10317.000015908	400.590909091	5.52864151589	321.0	0.9505404	0.66398706966
10317.000001423	381.444444444	4.83973390128	315.0	0.89644474	0.583156114482
10317.000005845	556.810344828	6.13832340497	410.0	0.96531916	0.707222475839
10317.000009118	602.444444444	5.80742046654	413.0	0.95910376	0.668287896688
10317.000005576	508.942857143	6.11649275887	412.0	0.96778818	0.704137729542
10317.000002801	610.052631579	6.57809556685	449.0	0.97366754	0.746613936025
10317.000013265	756.0625	6.37950431289	557.0	0.96538588	0.699389450333
10317.000010833	468.666666667	4.90790873163	323.0	0.90837852	0.58880370598
10317.000013238	379.386363636	4.92760736201	260.0	0.94226008	0.614233537636
10317.000012983	603.0	5.84757735237	452.0	0.9246313	0.662977177366
10317.000004915	490.333333333	6.00728893614	377.0	0.96479906	0.70191559137
10317.000001099	781.162162162	7.32935146651	644.0	0.98643614	0.7854910254
10317.000015856	879.888888889	6.39424390042	533.0	0.96998954	0.70592291273
10317.000003061	556.394366197	6.01390734585	429.0	0.95707856	0.687709733267
10317.000028859	594.344827586	6.35060018254	476.0	0.97135248	0.713966306172
10317.000012903	738.04	6.52176421757	516.0	0.974438	0.723737625599
10317.000004736	619.28125	5.65344600279	447.0	0.90637542	0.642135605341
10317.000010962	609.353846154	6.14198397353	442.0	0.96318182	0.698913527092
10317.000002348	673.086956522	5.71806422906	477.0	0.92615322	0.642634698179
10317.000002444	459.304347826	5.7072606398	374.0	0.9503517	0.667758408224
10317.000015584	613.128205128	5.60990940914	448.0	0.93474862	0.636957345172
10317.000023375	669.243589744	4.98007453369	465.0	0.85373212	0.562016216128
10317.000015624	795.717647059	6.1380058151	540.0	0.95836592	0.676228986859
10317.000006671	674.197368421	6.57301940875	494.0	0.97537882	0.734549581911
10317.000009102	502.803571429	5.36496357163	371.0	0.9239102	0.628563618032
10317.000015214	846.635135135	6.3674095778	527.0	0.97158412	0.704230216049
10317.000002172	671.818181818	5.79501064127	449.0	0.94228788	0.657733786355
10317.000001189	541.381818182	5.6716680182	372.0	0.94840808	0.664195167658
10317.000007678	322.62	3.04054772057	261.0	0.70166168	0.378747299965
10317.000003358	520.6	5.82588710611	383.0	0.9550556	0.678912822336
10317.000009231	516.985074627	5.08897367217	405.0	0.90029154	0.58752067009
10317.000018318	501.684931507	6.30857005819	424.0	0.96797764	0.722803340272
10317.000013859	630.0	6.12858031223	469.0	0.95628158	0.690665341948
10317.000013757	534.93814433	6.53724815246	472.0	0.97003322	0.735957542832
10317.000012298	761.470588235	5.82587905075	489.0	0.93965826	0.652124555882
10317.000017171	768.164383562	6.17344153101	501.0	0.96361258	0.688334361546
10317.000014587	452.956521739	5.25478244603	325.0	0.93560458	0.629745457737
10317.000016764	628.677966102	6.18772473715	429.0	0.96851458	0.707586313489
10317.000016727	606.4	5.99368139106	418.0	0.96445968	0.688346638761
10317.000002013	564.957746479	5.87347274896	461.0	0.93961112	0.663772520142
10317.000013454	525.553846154	6.329904789	412.0	0.97488402	0.728705969589
10317.000016766	696.6	6.09474103193	439.0	0.96383648	0.694313907475
10317.000001234	582.35	4.66241111763	373.0	0.8496968	0.545756028506
10317.000026623	838.387755102	6.57014334348	608.0	0.96439468	0.7104449439
10317.000006761	652.01369863	6.88997719008	503.0	0.98146894	0.767735557694
10317.000009532	630.611111111	6.65527882857	453.0	0.97979294	0.754278797142
10317.000005846	481.188679245	6.22452635809	366.0	0.97284564	0.73094713016
10317.000004821	780.063157895	6.78459299279	583.0	0.97266716	0.738470991286
10317.000002712	546.090909091	5.63166794518	421.0	0.93601606	0.646005617997
10317.000013734	742.613333333	6.68414439056	523.0	0.97896724	0.740160642587
10317.000009659	504.378787879	5.85223155983	398.0	0.95526826	0.677606335456
10317.000017292	678.915492958	6.86465462087	502.0	0.9812077	0.765158702021
10317.000015862	596.0	5.95240588492	410.0	0.96395048	0.685802123707
10317.000002446	540.671875	4.43395457331	373.0	0.84146912	0.519014170449
10317.000006678	514.654545455	5.76362971901	387.0	0.95113542	0.670486562362
10317.000014224	647.5	6.64811134522	455.0	0.98158226	0.752924134164
10317.000017218	662.166666667	6.51534302928	465.0	0.97746182	0.735275829974
10317.000009661	613.092307692	6.21327626253	448.0	0.96628326	0.705464502965
10317.000006729	478.076923077	5.80880285376	385.0	0.96241286	0.67632970709
10317.000013686	426.782608696	5.54580763985	317.0	0.95385116	0.667498957341
10317.000010845	760.120689655	6.51319801028	473.0	0.97691936	0.732998038265
10317.000017205	852.417910448	6.37158148484	528.0	0.96236178	0.704478531205
10317.000014551	521.151515152	5.85974843237	380.0	0.96451358	0.683762796035
10317.000005238	578.227272727	5.66898939355	435.0	0.93462922	0.646785219254
10317.000022448	747.442857143	5.85987105196	480.0	0.9496531	0.65790311322
10317.000001004	348.348837209	5.279526634	273.0	0.94554432	0.652376753938
10317.000014122	546.405063291	5.77790966307	425.0	0.95419066	0.661745337966
10317.000016728	822.224719101	6.7966640177	578.0	0.97637376	0.740786819741
10317.000010773	470.018181818	4.5133888442	357.0	0.85508944	0.532253042374
10317.000005553	479.884057971	6.31374527065	393.0	0.97082314	0.732590259393
10317.000014054	659.0	6.38618455755	488.0	0.97183406	0.71507920524
10317.000026081	564.080645161	5.39027033552	391.0	0.94162314	0.625973152139
10317.000016769	588.25862069	5.68991022073	393.0	0.94916314	0.660206046624
10317.000004738	697.178571429	6.41864303572	518.0	0.97021274	0.711853111537
10317.000036427	766.75	6.36573021463	480.0	0.97128298	0.714697249988
10317.000043092	624.661290323	6.3288439669	442.0	0.9651655	0.72017684813
10317.000036069	325.285714286	5.15356971347	264.0	0.93911396	0.640641126852
10317.000028711	594.018518519	5.69448659192	398.0	0.95000868	0.659341680589
10317.000027901	843.5	6.90613131424	586.0	0.97857878	0.751094501311
10317.000031057	718.275862069	5.69516395973	428.0	0.94730344	0.651511235882
10317.000021275	802.015384615	5.40608741236	474.0	0.92198088	0.608194798858
10317.000031439	692.264705882	5.71121468055	431.0	0.94498204	0.652595089734
10317.000036437	662.733333333	6.21671126881	491.0	0.96450156	0.695414305279
10317.000043117	662.679012346	6.04570778057	479.0	0.96138316	0.678996856126
10317.000040144	463.357142857	4.53694128859	299.0	0.84640426	0.551670764225
10317.000039994	604.052631579	5.7083496252	408.0	0.94299176	0.658218364542
10317.000036067	608.114754098	6.64060046754	444.0	0.97991836	0.755092841691
10317.000036877	746.75862069	6.55419249897	549.0	0.97101894	0.720188515387
10317.000038417	588.857142857	5.86294743077	457.0	0.94677498	0.663525805668
10317.000031891	531.53164557	6.18422504851	435.0	0.96363176	0.705569383931
10317.000028719	643.641791045	5.84920642386	419.0	0.95988728	0.671488508944
10317.000023341	706.181818182	5.34075449462	410.0	0.9351033	0.615331152718
10317.000035492	654.368421053	6.34449888411	487.0	0.961201	0.710647028976
10317.000027775	706.283783784	5.98811462843	491.0	0.9505443	0.669843007694
10317.000036094	407.857142857	4.11896594071	290.0	0.8087965	0.503546664808
10317.000039831	500.833333333	5.60649431083	410.0	0.9351853	0.645948172766
10317.000043164	489.255319149	5.31849114992	327.0	0.94148194	0.636705095819
10317.000036422	703.549019608	6.36084343621	451.0	0.96974362	0.721430787217
10317.000036939	601.318181818	5.55748796563	411.0	0.94669822	0.640042776956
10317.000036147	672.75	6.12652703102	474.0	0.9451473	0.689245583933
10317.000035412	616.0	6.08282039878	415.0	0.96319834	0.699418547951
10317.000031272	407.555555556	3.81847713921	213.0	0.81862824	0.493680736149
10317.000037565	578.0	5.71147187626	422.0	0.93838956	0.654902753962
10317.000014232	651.125	6.19884456372	500.0	0.96368586	0.69138899252
10317.000009677	663.517857143	5.41259756157	407.0	0.94420736	0.624370674129
10317.000036045	623.166666667	6.26670523176	405.0	0.97045328	0.723489468447
10317.000018424	624.054545455	4.85545926688	384.0	0.88327326	0.565577224883
10317.000014978	671.214285714	6.3215465981	466.0	0.97011198	0.713155894398
10317.000017133	782.591836735	5.84118828772	439.0	0.95396522	0.665429136874
10317.000026136	551.3	5.9461952877	405.0	0.96178318	0.686486679822
10317.000013197	710.158730159	6.31630160119	474.0	0.97335122	0.710595572887
10317.000001936	571.317073171	4.86749311483	334.0	0.91587482	0.580589790028
10317.000009495	395.926829268	4.77906587301	280.0	0.92143524	0.587882825957
10317.000033748	581.103448276	5.1247656785	391.0	0.87038804	0.595140044203
10317.000006717	509.828947368	6.01757041612	419.0	0.95988864	0.690816684071
10317.000022553	810.568181818	6.49239595636	554.0	0.97175638	0.712374328576
10317.000034127	529.181818182	5.56441511016	386.0	0.94304108	0.647593009313
10317.000005085	389.677966102	5.75250766741	332.0	0.96095996	0.686863353249
10317.000009648	640.837837838	6.07479070543	458.0	0.95708768	0.687255419273
10317.000013001	713.828947368	5.9558280104	485.0	0.95066342	0.667555950885
10317.000034147	935.970588235	5.62563146486	500.0	0.94415748	0.627455589634
10317.000028856	587.684210526	5.41262948396	389.0	0.93997704	0.629110245718
10317.000005163	446.763157895	4.4269919798	289.0	0.88006134	0.541532993905
10317.000009628	521.725274725	6.02202254524	431.0	0.96130204	0.688109721505
10317.000016762	539.089552239	5.75437322132	398.0	0.9457999	0.666275712347
10317.000014291	624.619047619	6.47651944006	488.0	0.96793968	0.725194258353
10317.000011191	520.863013699	6.01859697647	406.0	0.96690964	0.694560145618
10317.000013764	682.702702703	5.8984135114	465.0	0.95103756	0.665653499844
10317.000016333	676.638554217	6.10273870634	476.0	0.96547976	0.686100476562
10317.000034126	584.652173913	5.99550956294	427.0	0.95583186	0.68613484326
10317.000006036	523.0	6.46410802731	439.0	0.97378018	0.736392256746
10317.000013902	758.014705882	6.15511620684	505.0	0.9569957	0.685414313845
10317.000015295	603.666666667	4.78846943645	352.0	0.88605138	0.566050965635
10317.000006795	695.174418605	6.21076620295	512.0	0.95942694	0.690085133661
10317.000002141	476.803571429	5.05759565736	345.0	0.90782386	0.599919829494
10317.000006017	499.0	4.87939922363	324.0	0.88903452	0.585070381595
10317.000014451	510.47826087	5.33404999712	342.0	0.9348702	0.633659236449
10317.000013984	638.49122807	6.0756640151	404.0	0.97004002	0.701722755006
10317.000015587	475.042553191	4.88973669982	318.0	0.89411734	0.588211902672
10317.000003508	546.234375	6.08409953326	429.0	0.95554296	0.695736436657
10317.000036114	428.4375	5.17303994399	319.0	0.93141286	0.621953026044
10317.000010712	597.040540541	6.36893451488	454.0	0.97319508	0.721565686072
10317.000013986	577.725806452	5.93619081774	407.0	0.95848616	0.684769820861
10317.000014259	666.016666667	5.74216016987	435.0	0.94659756	0.655133405028
10317.000006899	721.936708861	6.57073398476	527.0	0.97658924	0.726717726754
10317.000003879	448.051724138	5.46942231711	337.0	0.9474227	0.651384989486
10317.000003287	566.404761905	6.80793840022	487.0	0.98031882	0.762556867917
10317.000013952	515.0	5.98431143038	382.0	0.96411968	0.697681269103
10317.000010169	340.428571429	3.92923715446	236.0	0.84677116	0.498466964679
10317.000001805	491.135135135	6.17703341033	401.0	0.96796642	0.714317792085
10317.000005009	555.142857143	5.84784356899	376.0	0.9583269	0.683591423315
10317.000033803	620.692307692	5.5773247701	373.0	0.94536416	0.652850754562
10317.000014237	657.786885246	5.95135501276	444.0	0.95111824	0.676719762086
10317.000017185	802.53164557	6.40686194954	543.0	0.97124308	0.705228077033
10317.000035361	358.960784314	5.52113782697	297.0	0.95110984	0.67213578457
10317.000044399	501.468085106	5.43789005303	347.0	0.92873322	0.644392011087
10317.000005987	533.241935484	6.172386397	398.0	0.97126306	0.714675775339
10317.000003922	648.12195122	6.12754602338	475.0	0.96819184	0.689124502789
10317.000015542	465.826086957	4.88348387727	308.0	0.91270902	0.590735451222
10317.000017114	327.757575758	5.06254755258	232.0	0.9472393	0.644255509872
10317.000014222	480.666666667	5.36900662037	299.0	0.9489229	0.652846002842
10317.000001882	655.080645161	6.3969321373	482.0	0.96295854	0.717716993445
10317.000012004	741.289156627	6.45365279428	534.0	0.96424068	0.712268995995
10317.000001732	560.759036145	6.32339645707	455.0	0.9660786	0.716148926392
10317.000001151	544.090909091	6.07622711496	419.0	0.96817626	0.697550469203
10317.000002262	531.4	6.37719831811	449.0	0.96630252	0.72381209557
10317.000027295	634.012820513	6.05533633233	475.0	0.96218786	0.681003557265
10317.000029188	690.435483871	5.80690642886	456.0	0.94845382	0.657418627374
10317.000014392	625.056603774	5.4874012385	394.0	0.94735692	0.636437979428
10317.000002512	504.118644068	5.32795418088	362.0	0.93123286	0.62682950393
10317.000012242	577.0	6.11424557757	442.0	0.96318264	0.69575709747
10317.000031519	498.223880597	5.73120907303	375.0	0.95371794	0.670258308062
10317.000015329	552.295774648	6.28470626631	423.0	0.96981226	0.720350310873
10317.000014318	581.661764706	6.2596787824	426.0	0.97313848	0.716644176459
10317.000013609	509.448979592	4.71063267488	333.0	0.88747926	0.562169706215
10317.000014317	636.555555556	5.4782377039	401.0	0.92768258	0.633508417588
10317.000029154	481.158730159	5.81383641565	386.0	0.94806572	0.676620946772
10317.000009529	399.857142857	5.02042159349	282.0	0.92969658	0.61679340496
10317.000011955	591.949152542	5.51325223574	400.0	0.94404204	0.637823225503
10317.000003266	424.909090909	5.35464088663	342.0	0.9283877	0.636105334129
10317.000016405	640.833333333	6.4284355564	446.0	0.97666538	0.730429345805
10317.000010984	608.666666667	6.10957327285	432.0	0.96960956	0.697847147817
10317.000010843	551.313432836	6.08941494887	430.0	0.96403182	0.696076898803
10317.000008955	379.358490566	5.75832843571	312.0	0.96607258	0.694996849109
10317.000027648	476.217391304	4.60795775714	321.0	0.86720712	0.553413412588
10317.000014357	586.0	5.43593134234	382.0	0.9280324	0.633748347124
10317.000017093	502.75	4.99525501217	335.0	0.90488876	0.595522737047
10317.000014379	697.672413793	5.89180526745	450.0	0.9498193	0.668476461989
10317.000005915	420.947368421	4.49312707311	280.0	0.86230918	0.55270889988
10317.000001363	424.0	5.14653709498	355.0	0.87125186	0.607499339237
10317.000013604	399.535714286	2.60921347695	197.0	0.55877068	0.342324289936
10317.000014095	528.47826087	5.42385366993	360.0	0.93453264	0.638712611771
10317.000012275	545.428571429	5.78117452812	382.0	0.95897914	0.673998542457
10317.000011389	675.338235294	6.20591355728	454.0	0.9669348	0.703096297066
10317.000002205	349.529411765	3.90298723696	271.0	0.8050942	0.482914533868
10317.000011155	562.622641509	5.61980929518	397.0	0.93318196	0.650968657672
10317.000006929	467.5	5.28027018704	337.0	0.93445184	0.628857773427
10317.000013648	468.770833333	4.98108695958	315.0	0.90251334	0.600188228629
10317.000012155	803.881578947	6.93004591969	555.0	0.9830749	0.760178197439
10317.000006654	563.733333333	6.29343502425	397.0	0.97189324	0.728997860017
10317.000002071	595.5	5.46778137192	413.0	0.93049892	0.629203987148
10317.000004159	421.30952381	5.06411477847	315.0	0.89356576	0.610192534908
10317.000002568	320.078947368	4.80629283854	239.0	0.90552298	0.608324751619
10317.000008957A	702.678571429	6.42171677144	464.0	0.9715734	0.724963936474
10317.000002749	695.342105263	6.30319561259	481.0	0.96591538	0.707437850637
10317.000017661	665.789473684	6.2189168659	437.0	0.97183942	0.708992114455
10317.000002201	234.885714286	3.68641445027	186.0	0.81955236	0.488968934417
10317.000001939	442.558139535	4.93653999756	318.0	0.87966456	0.593842115198
10317.000009447	534.466666667	5.14721543353	351.0	0.92283568	0.608754138004
10317.000029245	638.194174757	6.20311289955	502.0	0.9689771	0.691420920185
10317.000014958	464.428571429	5.93498977017	371.0	0.95924884	0.695348364087
10317.000015364	729.818181818	5.88208525005	452.0	0.95658376	0.666889558037
10317.000016484	591.333333333	5.35331185685	376.0	0.93979254	0.625782483491
10317.000010908	600.75862069	5.98083440426	433.0	0.94569632	0.682882162013
10317.000001524	590.956521739	5.36718871447	429.0	0.92743274	0.613755368507
10317.000014949	449.018518519	5.29080255754	344.0	0.93384584	0.627894175125
10317.000015933	602.701754386	6.21342785124	417.0	0.96994372	0.713866806865
10317.000014012	637.571428571	5.75983513013	428.0	0.95402054	0.658909441526
10317.000004774	495.05	5.56352635814	380.0	0.93352932	0.649197210829
10317.000008954B	643.564516129	5.7802656278	420.0	0.94388124	0.663312230082
10317.000016703	689.818181818	6.30513247135	467.0	0.97061202	0.711056081175
10317.000003365	375.212765957	5.04050920283	290.0	0.91599622	0.616206017373
10317.000017216	731.12345679	6.90548144577	521.0	0.9840164	0.765138466626
10317.000004163	533.55	5.3804098107	376.0	0.94119136	0.628950134715
10317.000013697	571.0	5.41317921133	397.0	0.919215	0.627033733683
10317.000017161	555.127659574	4.68384919527	333.0	0.89592648	0.558973349822
10317.000001072	436.467741935	5.11991211905	345.0	0.91783928	0.607311658262
10317.000011956	691.238095238	5.45193182844	424.0	0.94124562	0.624654160956
10317.000007641	467.794520548	6.03166219892	393.0	0.96386472	0.699859874838
10317.000017079	375.782608696	4.5944609198	266.0	0.91720966	0.570366210818
10317.000009193	411.058823529	4.96043139658	314.0	0.89265046	0.59802992165
10317.000012984	616.263888889	6.09457669923	444.0	0.96598352	0.693005287884
10317.000015581	504.75	5.14978003852	341.0	0.931651	0.612076036872
10317.000014802	478.017857143	5.6150464413	369.0	0.95083068	0.658465151804
10317.000017353	750.823529412	6.61312091511	526.0	0.97646276	0.731627412851
10317.000001059	405.204081633	5.22222162282	316.0	0.93645526	0.628896858093
10317.000017088	566.263157895	5.60652980533	398.0	0.94730156	0.649157518319
10317.000004602	496.285714286	5.47379011548	333.0	0.94765778	0.65324536925
10317.000014399	465.676056338	5.47496967171	360.0	0.94477636	0.644732028405
10317.000005008	611.528301887	5.66559421781	395.0	0.93966812	0.65682650793
10317.000010104	629.552238806	6.42143831177	456.0	0.97219686	0.726991766169
10317.000010565	590.775862069	5.53780554616	385.0	0.93355968	0.644776987142
10317.000027194	405.849056604	4.94841575965	318.0	0.9177167	0.595270712492
10317.000015224	604.266666667	6.70069532232	449.0	0.97662164	0.760529009933
10317.000013933	485.133333333	5.80592877958	347.0	0.95802074	0.688004738238
10317.000018033	560.655737705	5.42030659767	375.0	0.93438638	0.633898621222
10317.000006084	384.020833333	5.4283874001	285.0	0.95407256	0.665666275753
10317.000002059	595.942857143	6.23341056843	432.0	0.9696146	0.711992080639
10317.000003047	408.0	5.20850607089	332.0	0.9270749	0.621908244562
10317.000008982	461.56097561	5.55730220585	318.0	0.9516083	0.668516835343
10317.000010765	490.0	5.25001246215	365.0	0.89535794	0.616795703036
10317.000012072	589.509090909	5.16111163907	364.0	0.9132057	0.606633311844
10317.000017183	522.873015873	5.9133616887	417.0	0.94735052	0.679391911778
10317.000012228	636.596491228	6.20992767433	419.0	0.97086416	0.712899284538
10317.000011224	638.875	5.3627565157	406.0	0.89810222	0.618874624936
10317.000026111	392.885714286	4.43084399967	268.0	0.88564342	0.549317506297
10317.000006637	693.524590164	6.35236174284	485.0	0.9690137	0.712001232441
10317.000012113	387.571428571	4.28819262208	260.0	0.86640544	0.534529545643
10317.000013079	611.404255319	5.51193775819	364.0	0.94866682	0.647869158964
10317.000004162	448.935483871	5.867452493	354.0	0.96444514	0.692929359817
10317.000012906	625.492537313	5.28636444752	406.0	0.94060284	0.610058801879
10317.000012976	658.294117647	6.04025186054	412.0	0.96686302	0.695360789035
10317.000009533	278.551724138	3.86844840623	200.0	0.81831972	0.506085974171
10317.000014309	484.378787879	5.71067003948	378.0	0.94128226	0.66695963003
10317.000002371	556.875	5.86200910297	414.0	0.9491615	0.674298947204
10317.000002329	627.012820513	5.95801185351	474.0	0.93345836	0.670287315841
10317.000010761	615.147058824	6.10115679986	453.0	0.95196904	0.691477146295
10317.000009129	532.142857143	6.00801612897	387.0	0.9588961	0.698916182566
10317.000014323	623.7	5.74275349267	412.0	0.94497142	0.661112432412
10317.000006894	652.943661972	5.91780011574	453.0	0.95240766	0.670696340155
10317.000014241	350.442307692	4.8898131092	285.0	0.91371178	0.599622584318
10317.000001685	431.918367347	4.99539514785	314.0	0.9209375	0.602245153706
10317.000011302	705.666666667	5.27459949403	405.0	0.91196644	0.608951122333
10317.000012231	406.657894737	5.27846972135	279.0	0.94565354	0.649728077505
10317.000001579	616.666666667	5.77132174038	430.0	0.95240172	0.659715879566
10317.000017662	661.970588235	6.14725305853	463.0	0.96521374	0.694222973449
10317.000003432	357.222222222	4.77395965168	276.0	0.87410228	0.588758124505
10317.000011116	701.647058824	6.51649929471	510.0	0.97613484	0.724510031817
10317.000006841	580.948275862	6.20348109323	425.0	0.96343696	0.710486132873
10317.000013563	606.080645161	5.33129558755	433.0	0.8699046	0.608718852768
10317.000017217	777.328947368	6.79651107001	531.0	0.98116262	0.750782654366
10317.000006728	305.928571429	4.42590461919	259.0	0.87205596	0.55207814137
10317.000013286	577.294117647	5.42773213847	381.0	0.93508438	0.633071552838
10317.000022964	606.75	5.52168111647	408.0	0.94616012	0.636693992596
10317.000002466	523.478873239	5.52963455549	409.0	0.92111918	0.637351537645
10317.000017644	573.211267606	5.84045921086	420.0	0.9557207	0.670219722295
10317.000017173	510.482758621	5.61273403186	379.0	0.94418478	0.655229818403
10317.000013332	715.304347826	6.95104738054	561.0	0.9779022	0.761186625078
10317.000002173	332.024390244	4.76101233888	253.0	0.91128612	0.596394359376
10317.000011329	512.175438596	5.82298783378	389.0	0.95575502	0.676806221039
10317.000007039	473.75	6.1604511685	401.0	0.96293432	0.712400206476
10317.000002886	569.0	5.89414044213	424.0	0.9604697	0.675320137576
10317.000009126	471.714285714	5.24232521113	364.0	0.91147658	0.616179096091
10317.000022636	442.109090909	5.02093507987	325.0	0.91188104	0.601720640696
10317.000014233	602.428571429	6.56419013784	439.0	0.97771742	0.747793627349
10317.000023088	622.62295082	5.96049911816	432.0	0.96133018	0.680819612666
10317.000004974	632.241935484	6.20554501124	452.0	0.96422396	0.70356225624
10317.000002414	216.333333333	3.80875162214	158.0	0.8502493	0.521476719176
10317.000006027	559.6	5.75443834053	400.0	0.953367	0.665725830484
10317.000017098	629.553846154	6.29636942946	453.0	0.9722374	0.713601650953
10317.000014559	488.472727273	5.32059206752	343.0	0.93873438	0.63174437804
10317.000016313	510.47826087	5.71471249404	342.0	0.95060988	0.67888009251
10317.000022899	512.494623656	6.01509260686	437.0	0.95693736	0.685754982409
10317.000003837	569.3	5.51142033847	401.0	0.94217832	0.637345687793
10317.000010285	463.441176471	4.83433728343	274.0	0.93442194	0.596976800524
10317.000005848	469.625	4.67173880081	329.0	0.86585906	0.558690530244
10317.000005907	479.051724138	5.71455041737	368.0	0.9474491	0.670441588486
10317.000014132	867.470588235	6.1823604122	526.0	0.95073222	0.683971215974
10317.000003382	693.884057971	6.24845547514	493.0	0.96245134	0.698507037709
10317.000003221	345.41025641	4.43058163153	245.0	0.86145514	0.558244141358
10317.000014607	411.090909091	3.92492200468	287.0	0.78613104	0.480706276253
10317.000017125	794.220930233	6.87875071833	592.0	0.97612344	0.746922802607
10317.000013826	523.25	5.1457036198	406.0	0.8963026	0.593826213891
10317.000004872	440.666666667	5.42412736522	289.0	0.94362158	0.663507850209
10317.000014293	567.472727273	5.58997686197	367.0	0.95581592	0.656128582967
10317.000016721	666.777777778	6.67298922218	440.0	0.98189262	0.75990386909
10317.000016763	546.044776119	6.25915310201	407.0	0.96998028	0.722025163948
10317.000012173	463.526315789	5.27176443254	288.0	0.94680244	0.645264727841
10317.000012951	576.982758621	5.84152249911	414.0	0.94628902	0.671942400979
10317.000004705	626.134328358	5.42227377682	448.0	0.88296472	0.615652920179
10317.000007651	376.3	4.16316933319	265.0	0.86916464	0.517173622288
10317.000001827	525.090909091	5.25078813098	386.0	0.9018167	0.611092741948
10317.000014666	692.75	6.49198960477	494.0	0.96993016	0.725494320557
10317.000017146	424.842105263	4.97484864305	338.0	0.8951267	0.592181887716
10317.000004161	478.107142857	5.93243831081	373.0	0.96138486	0.694418379286
10317.000023299	478.909090909	5.09719368482	338.0	0.92882854	0.606745248932
10317.000013733	481.038461538	5.6482418728	397.0	0.9409473	0.654262135425
10317.000012034	391.0	4.84664339605	244.0	0.93118922	0.611121411511
10317.000014391	708.909090909	6.45638411858	495.0	0.97236572	0.721280165268
10317.000014646	568.043478261	5.54296350063	425.0	0.93310144	0.63483689932
10317.000001793	596.193548387	5.90508885449	437.0	0.95128246	0.673213925072
10317.000013214	429.4	4.75868044461	301.0	0.89815184	0.577957281419
10317.000023154	554.777777778	5.53415729968	372.0	0.94540108	0.648091623789
10317.000009222	470.75	5.88841606655	357.0	0.96379142	0.69440668074
10317.000027198	367.447368421	4.57189997438	269.0	0.88955306	0.566427713966
10317.000007734	617.454545455	5.98563532869	425.0	0.9622334	0.685536206777
10317.000006818	366.833333333	3.76687077983	218.0	0.79146378	0.484910066799
10317.000026639	758.95890411	6.10171056795	513.0	0.95094536	0.677755852739
10317.000005041	344.058823529	4.81056915889	269.0	0.92697872	0.595997223651
10317.000013312	474.444444444	5.50613656932	374.0	0.93410114	0.644226577872
10317.000001285	599.04	6.08312527139	473.0	0.94913692	0.68459747169
10317.000017215	719.486486486	6.76247480318	509.0	0.98200598	0.752094575195
10317.000016698	708.545454545	6.60704689957	496.0	0.97618348	0.73787157111
10317.000014979	580.803571429	6.06283980403	412.0	0.96752916	0.697961139248
10317.000014538	499.622641509	4.31681557026	334.0	0.82911656	0.514905514276
10317.000004278	366.157894737	4.30795013311	256.0	0.84730348	0.538493766639
10317.000009556	444.0	5.69209262109	345.0	0.95251028	0.675182332882
10317.000022663	617.621621622	5.88107838458	437.0	0.95128444	0.670476594086
10317.000001141	428.131147541	5.40269074232	358.0	0.93700022	0.636823203635
10317.000002359	450.727272727	5.53555751291	329.0	0.95080156	0.661994108391
10317.000014236	438.0	5.62143399812	328.0	0.9477845	0.672617292122
10317.000001799	458.222222222	5.01049269187	325.0	0.89189068	0.600469200418
10317.000023213	536.85	5.61233116767	370.0	0.94818592	0.657845531072
10317.000013652	585.230769231	5.84216389628	411.0	0.95425452	0.672828232239
10317.000010205	521.909090909	5.37881333474	345.0	0.9347751	0.638021897612
10317.000005989	590.75	5.86661008258	402.0	0.96303136	0.678138368837
10317.000011072	500.5	3.90726685821	223.0	0.88295374	0.500873861777
10317.000013178	333.153846154	3.61186277321	235.0	0.70191974	0.45856090931
10317.000003423	325.777777778	4.36066562016	273.0	0.82828966	0.538835596352
10317.000013306	599.944444444	5.57705282728	393.0	0.93977118	0.647111088941
10317.000002489	459.418604651	5.67291320111	320.0	0.96526252	0.681682554383
10317.000004759	332.170212766	3.94687050868	258.0	0.8449077	0.492667400742
10317.000002687	424.347826087	4.90712556705	331.0	0.88420272	0.586227310682
10317.000004158	503.241935484	5.29000837681	368.0	0.9271214	0.620633533736
10317.000004157	477.368421053	5.31335520166	350.0	0.9267147	0.628709321226
10317.000001321	490.818181818	5.89340969927	388.0	0.95782552	0.685287142721
10317.000003022	505.277777778	6.02248048368	386.0	0.96605968	0.700903182589
10317.000003757	422.153846154	5.69222922656	352.0	0.955908	0.672885541627
10317.000002087	499.208333333	5.53824723102	395.0	0.92979908	0.642062853242
10317.000009214	499.775862069	4.89488195458	364.0	0.88085398	0.575340868179
10317.000013829	528.217391304	5.46956050694	401.0	0.92638496	0.632504978597
10317.000016757	544.02	5.68497954195	384.0	0.94508188	0.662202023768
10317.000014593	519.358208955	6.07600759131	411.0	0.95927548	0.699759458877
10317.000006047	484.375	5.44524008673	359.0	0.93608598	0.641534249589
10317.000010098	582.642857143	5.50018433897	423.0	0.9230221	0.630428747271
10317.000009117	480.887096774	5.9672749579	377.0	0.96294252	0.697240198609
10317.000026135	571.220588235	6.0689946278	424.0	0.96602178	0.695354026127
10317.000009624	522.6	5.84053336977	385.0	0.95989124	0.680024150013
10317.000009075	594.47761194	5.78122694035	407.0	0.96073078	0.666893948973
10317.000001765	550.666666667	6.28827025166	439.0	0.97395732	0.716360788231
10317.000016353	764.59375	5.82827584322	487.0	0.94485064	0.652824909846
10317.000008949A	519.263157895	6.04421280281	394.0	0.96215862	0.701017916544
10317.000005571	284.0625	3.36214196973	195.0	0.71486838	0.441960823452
10317.000006626	456.387096774	5.58189044491	370.0	0.94943488	0.654277442726
10317.000014608	520.553191489	5.13224855836	353.0	0.90049636	0.606396145626
10317.000015264	512.241935484	5.37977543622	377.0	0.93174776	0.628594412037
10317.000007732	419.967213115	5.2850684362	327.0	0.93893658	0.632703883531
10317.000027644	552.692307692	5.7164849558	435.0	0.92605126	0.65220407357
10317.000007697	614.35	6.3016516457	469.0	0.96848508	0.710169756613
10317.000004881	407.384615385	5.13574579407	288.0	0.92806346	0.62861602685
10317.000004642	326.636363636	3.13020891732	221.0	0.74668074	0.401932213898
10317.000001353	494.017241379	5.71704708364	381.0	0.95255748	0.666816228685
10317.000028759	407.466666667	5.27154272739	293.0	0.94203384	0.643282384217
10317.000004631	512.013513514	6.30174080554	431.0	0.96744512	0.720071882515
10317.000009433	340.023809524	4.96308670049	259.0	0.92674384	0.619085117467
10317.000009061	679.137931034	6.40267560645	468.0	0.96735436	0.721805225473
10317.000013995	755.264705882	6.42524557485	494.0	0.9741088	0.718035526322
10317.000015155	493.964912281	5.53256013795	358.0	0.9515097	0.652131102702
10317.000022965	675.014285714	6.09012380339	477.0	0.95993706	0.684449267354
10317.000016701	720.118644068	6.51399185517	488.0	0.9737478	0.729390150998
10317.000022638	443.534883721	4.39722947727	283.0	0.86565018	0.539891220254
10317.000013972	491.016666667	5.78080179387	368.0	0.95642654	0.678214322095
10317.000017163	575.136986301	5.50386402475	420.0	0.94172688	0.63159386703
10317.000001026	568.876712329	6.55157845471	461.0	0.97354014	0.74040655804
10317.000010919	533.571428571	5.10991173154	390.0	0.88714666	0.593669761154
10317.000014311	557.387096774	5.44512956052	389.0	0.94201786	0.632887731543
10317.000005039	447.1875	5.13147245554	320.0	0.92510148	0.616620619288
10317.000004249	577.333333333	5.55218831373	376.0	0.94744002	0.649030410461
10317.000017176	409.195652174	5.14490157606	295.0	0.92709888	0.627077452996
10317.000002258	488.392857143	5.14685440199	350.0	0.91682646	0.60900790832
10317.000013118	599.303571429	6.29379688519	418.0	0.97012058	0.722813517821
10317.000013431	765.049180328	6.66509503743	498.0	0.97883236	0.743872053596
10317.000014197	839.461538462	6.54526331088	539.0	0.97459802	0.72130937541
10317.000015541	408.3	4.63219976182	297.0	0.89189298	0.563917677619
10317.000022661	696.641791045	6.00216556703	472.0	0.9557769	0.675718424535
10317.000014258	683.338709677	6.33574538699	473.0	0.97132358	0.713027445547
10317.000014324	510.411764706	5.31973134873	356.0	0.93765464	0.627642597783
10317.000002369	633.038461538	4.03631021953	376.0	0.76372218	0.471829831862
10317.000002372	481.185185185	5.18402774256	364.0	0.88717882	0.609326853996
10317.000013056	626.151898734	5.88956232958	440.0	0.9571929	0.670689109855
10317.000013852	780.068181818	5.91308076166	438.0	0.96013586	0.673871710105
10317.000012017	724.333333333	5.93478333719	467.0	0.95438274	0.669290264961
10317.000021237	271.857142857	2.24679551628	204.0	0.45785146	0.292840323122
10317.000016489	456.256410256	4.25454274435	294.0	0.82011986	0.518867409016
10317.000012355	555.507042254	6.12482205869	430.0	0.96541708	0.700124261547
10317.000018409	651.0	5.62162769842	405.0	0.93879186	0.649015437127
10317.000004077	283.71875	4.59710180439	197.0	0.92414116	0.603131796172
10317.000004294	480.247058824	6.06347530706	411.0	0.9614732	0.698316145269
10317.000022993	684.887323944	6.34665539403	492.0	0.97056732	0.709717092462
10317.000008963	301.25	3.96669459735	233.0	0.81496238	0.504399886318
10317.000013372	384.915254237	4.84192143763	306.0	0.91673598	0.586374472154
10317.000016407	691.166666667	5.98228671674	422.0	0.9597658	0.685955587397
10317.000006657	543.75	5.63099625404	370.0	0.9531998	0.660033346311
10317.000005805	565.213333333	5.91985833316	441.0	0.9517861	0.673887809481
10317.000012988	301.466666667	3.88466203439	224.0	0.82011002	0.497564421391
10317.000011093	785.678571429	6.69391360076	544.0	0.97823768	0.736609735599
10317.000004979	530.147058824	5.63511081294	403.0	0.92893808	0.651108931024
10317.000014188	499.775862069	5.64641970679	364.0	0.93812564	0.663676069485
10317.000011223	763.28	6.7747769569	578.0	0.97614804	0.738401289704
10317.000013608	418.195652174	5.07340547437	304.0	0.91577566	0.615112762097
10317.000009594	490.0	4.99516479104	367.0	0.89948838	0.586311978915
10317.000022994	741.25	6.63799654313	543.0	0.97906152	0.730669955796
10317.000002494	359.75	4.47658061625	280.0	0.83131238	0.550673485831
10317.000005887	470.529411765	5.11168254837	342.0	0.916983	0.607243063398
10317.000028817	602.508474576	5.96999525513	428.0	0.95355554	0.682951187074
10317.000027879	614.134831461	5.95174514812	473.0	0.94683796	0.669811897465
10317.000002325	665.553846154	4.55162588099	398.0	0.85997294	0.527014439202
10317.000026127	606.06122449	5.66349997319	393.0	0.95310732	0.65714163885
10317.000031851	634.406779661	5.68906565065	445.0	0.9354125	0.646656572764
10317.000036428	471.375	5.48702260393	346.0	0.94387328	0.65053520509
10317.000026648	389.666666667	4.56255056311	263.0	0.85134284	0.567557723767
10317.000027761	772.563380282	6.60004617292	517.0	0.9749221	0.732197823896
10317.000030744	537.625	5.39164241763	328.0	0.93896142	0.645122209787
10317.000021239	365.222222222	5.02730021029	266.0	0.93699112	0.624099806624
10317.000036165	586.652173913	6.09757521469	429.0	0.96654974	0.697277424363
10317.000027762	367.871794872	4.64126162616	246.0	0.88531874	0.584356707569
10317.000023342	654.666666667	5.34244163983	373.0	0.93473208	0.625356635938
10317.000029227	572.288135593	5.57487177447	370.0	0.95260658	0.653454754106
10317.000030751	385.181818182	4.56652996033	304.0	0.86931398	0.553657867735
10317.000026658	635.754098361	6.28964451196	435.0	0.97231504	0.717596880553
10317.000036106	396.45	3.99636244468	252.0	0.85644888	0.500968059665
10317.000030756	476.75	4.3017401937	310.0	0.8445999	0.519777130339
10317.000038402	518.045454545	5.60839832201	381.0	0.95522636	0.654143819936
10317.000033785	742.828947368	6.45930371634	514.0	0.97201216	0.71725216625
10317.000028955	841.170731707	6.56518911286	558.0	0.97331486	0.719542067503
10317.000035491	666.014285714	6.09469543558	468.0	0.95716818	0.687085100585
10317.000036399	330.3125	4.16794583626	245.0	0.8806367	0.525152573205
10317.000002326	510.636363636	5.13453942313	323.0	0.91265058	0.615992677565
10317.000036934	398.028571429	4.48121218847	236.0	0.89721362	0.568491070877
10317.000036101	533.725806452	5.72332954603	390.0	0.95060618	0.664936668793
10317.000043083	568.211267606	4.87960145717	415.0	0.87060224	0.561069297137
10317.000036085	531.395833333	4.84992011724	354.0	0.8929429	0.572761696155
10317.000036124	429.609756098	3.45473008571	278.0	0.67831864	0.425514861454
10317.000033728	476.050847458	5.0175946517	363.0	0.89625468	0.590039684055
10317.000036081	498.255319149	5.54389714089	336.0	0.94169204	0.660591927307
10317.000037612	481.117647059	4.58706819634	295.0	0.87295652	0.559086893842
10317.000028718	612.0	5.03408190661	314.0	0.93164174	0.606909231779
10317.000030771	289.533333333	3.60139072986	192.0	0.81002436	0.474806662461
10317.000034241	507.985074627	5.8860417092	396.0	0.95945484	0.682095081747
10317.000009144	258.076923077	4.40264228194	208.0	0.89010138	0.571739075052
10317.000004765	438.385964912	5.92407210662	355.0	0.9644099	0.699279889361
10317.000006675	665.368421053	6.68433132665	498.0	0.97787574	0.746018960412
10317.000031829	697.588235294	3.86584040668	249.0	0.77047934	0.485658224667
10317.000033666	574.0	4.98674200622	319.0	0.9245203	0.599554481398
10317.000031926	1230.14285714	5.704420887	487.0	0.96505004	0.638951921881
10317.000027821	486.578947368	5.14188561781	308.0	0.92631968	0.621993273021
10317.000013063	465.942307692	4.88644624366	324.0	0.90340892	0.585915363223
10317.000014234	421.875	4.78920025306	272.0	0.91054064	0.592175858742
10317.000022526	519.346938776	5.09507685017	332.0	0.93215666	0.60836452078
10317.000033713	535.916666667	3.75037600071	258.0	0.74158734	0.468140009157
10317.000014018	567.32	5.81201712939	381.0	0.95858408	0.677893200209
10317.000010207	466.47826087	5.52493960227	363.0	0.94893034	0.649700472763
10317.000006777	361.53125	5.33832084072	317.0	0.93870042	0.642525638561
10317.000014678	380.636363636	2.23520153243	212.0	0.57698516	0.289237129907
10317.000002711	268.176470588	3.40696243836	193.0	0.7339184	0.448729893583
10317.000013755	515.108108108	4.88311129361	309.0	0.9146954	0.590356419068
10317.000016381	398.171428571	3.9659086205	251.0	0.8202818	0.497508242119
10317.000001221	436.981132075	5.51762987889	358.0	0.93361212	0.650371250832
10317.000009497	473.935483871	4.39012187938	277.0	0.8900329	0.541072391695
10317.000002161	605.765957447	5.44261047602	368.0	0.95048742	0.638537093304
10317.000023343	326.333333333	4.14492947606	187.0	0.89472044	0.549223193473
10317.000036151	572.142857143	6.05043191527	423.0	0.9644042	0.693497886201
10317.000038424	696.368421053	5.68735412146	420.0	0.9385294	0.652650204762
10317.000036191	463.615384615	5.5622960111	361.0	0.9471495	0.654707029898
10317.000005799	168.647058824	1.82237517761	113.0	0.42271524	0.267203424962
10317.000016723	539.243902439	5.58969489337	341.0	0.95030758	0.664362025576
10317.000004927	274.9	3.4995887241	211.0	0.8016267	0.453250066936
10317.000016717	575.8125	6.06100208256	376.0	0.96838588	0.708508870227
10317.000002382	593.3125	6.30202435446	461.0	0.968451	0.712203966299
10317.000001575	453.833333333	5.35210827153	363.0	0.92384872	0.629376522571
10317.000012154	428.528301887	4.98432257799	307.0	0.92722658	0.603275884781
10317.000006034	563.114754098	5.65661146717	399.0	0.95014796	0.654681841652
10317.000001782	567.740740741	5.81672401152	461.0	0.94601516	0.65735923552
10317.000014556	370.303030303	3.62998991313	235.0	0.78926914	0.460862325029
10317.000010979	471.307692308	4.8717487463	334.0	0.9036853	0.581097397564
10317.000005228	230.769230769	0.929914616957	108.0	0.20563546	0.137665448412
10317.000002067	374.146341463	4.54540566358	285.0	0.87049278	0.557388969661
10317.000012156	689.794520548	6.05289000528	474.0	0.96340164	0.680961282804
10317.000008991	433.0	5.2141569362	322.0	0.93711692	0.625880321757
10317.000001405	327.234042553	4.98359226709	260.0	0.93452528	0.621212138765
10317.000010776	489.396226415	6.42572797411	396.0	0.97300106	0.744635812032
10317.000013965	575.394736842	5.23700786388	323.0	0.93526774	0.628285855974
10317.000003281	222.341463415	4.55795392829	190.0	0.9177986	0.602119005185
10317.000002272	552.882352941	4.69355929386	351.0	0.89156208	0.555100846078
10317.000002126	456.277777778	4.88507427928	337.0	0.90066312	0.581791617754
10317.000012202	473.87755102	4.8579239481	308.0	0.9265579	0.587643569141
10317.000001794	420.357142857	4.9959051055	325.0	0.90317996	0.598720989839
10317.000002276	596.12244898	5.17120032153	406.0	0.86871622	0.59676859281
10317.000009198	433.0	5.1582074295	338.0	0.90258128	0.61400802959
10317.000014594	355.885714286	3.76587658501	231.0	0.75190748	0.479622637599
10317.000016737	700.493670886	6.08622484243	492.0	0.9584773	0.680594349475
10317.000015605	516.0	5.52033438629	344.0	0.95094608	0.655134219846
10317.000009219	553.018181818	4.80132276807	371.0	0.86374156	0.562526990192
10317.000007005	258.567567568	3.52013674978	197.0	0.76780804	0.461835845933
10317.000006703	323.459459459	2.93081250091	220.0	0.67045416	0.376645291929
10317.000017746	412.75	4.90292148484	243.0	0.92937706	0.618679808843
10317.000026105	260.0	4.25405140652	195.0	0.89247512	0.559204245257
10317.000001301	294.933333333	3.34526189871	219.0	0.69680996	0.430270549285
10317.000009097	342.129032258	3.97655782777	235.0	0.79334482	0.504862473444
10317.000016414	414.303030303	4.53115075786	252.0	0.90470444	0.568006990016
10317.000003732	352.608695652	5.21544336054	289.0	0.93566856	0.637980522772
10317.000013814	364.25	4.1251240352	238.0	0.87692526	0.522510355384
10317.000018426	305.736842105	5.01951502832	251.0	0.92907134	0.629679182501
10317.000002132	490.974683544	4.9651620918	408.0	0.85534056	0.572522898268
10317.000003225	266.527777778	4.0472267235	214.0	0.8578158	0.522798421877
10317.000009392	263.40625	2.74478330012	179.0	0.65500436	0.366762542239
10317.000009149	398.0	5.29742305553	318.0	0.93696386	0.637254618407
10317.000013912	312.5	4.06899584488	203.0	0.83923734	0.530830727948
10317.000007677	377.818181818	4.86002058751	272.0	0.92416762	0.600932663668
10317.000017208	441.486486486	5.30980397469	305.0	0.9457927	0.643404730042
10317.000013117	499.660377358	3.8797244952	339.0	0.70985546	0.461589434541
10317.000005026	237.714285714	3.78673168311	167.0	0.8492182	0.512849855996
10317.000009033	354.363636364	5.60046608413	268.0	0.95250302	0.694322360179
10317.000013524	662.428571429	6.29895946212	511.0	0.96333476	0.700103790912
10317.000002274	219.333333333	3.86797306728	175.0	0.83820844	0.519106626993
10317.000008999	410.21875	3.14809112643	233.0	0.67299734	0.400307300529
10317.000016761	462.1	5.09994493297	349.0	0.916265	0.603752182427
10317.000004025	160.0	2.96447891975	119.0	0.76656226	0.429957545147
10317.000001128	350.914893617	5.45186249238	301.0	0.94076708	0.66214650499
10317.000003559	444.47761194	5.62885395136	355.0	0.95720626	0.664432217821
10317.000017117	185.681818182	3.00909660186	130.0	0.71599282	0.428501707967
10317.000014561	564.467741935	5.99030891165	403.0	0.95336582	0.692150298627
10317.000002056	475.204081633	6.09293250134	368.0	0.96410442	0.714834072041
10317.000002243	356.0625	4.88437536595	265.0	0.90495338	0.60676611938
10317.000003189	428.640625	4.85246714447	328.0	0.8973758	0.580608668876
10317.000016315	364.657894737	3.18766509207	237.0	0.66551574	0.404077682781
10317.000011315	438.467741935	5.61638404285	347.0	0.9502374	0.665543615835
10317.000013913	355.034482759	3.42007334811	220.0	0.75295966	0.43952130142
10317.000013498	388.486486486	4.10501732412	252.0	0.86974532	0.514588602065
10317.000002589	527.149253731	5.60568321368	384.0	0.95894566	0.652965369763
10317.000004086	619.164179104	6.58907673425	459.0	0.97498644	0.745172547835
10317.000013551	369.4	3.21763728423	253.0	0.68300086	0.403061489918
10317.000006766	394.017241379	5.63998030373	331.0	0.94931148	0.673777436623
10317.000011962	375.386363636	3.35310910871	256.0	0.72183114	0.419138638589
10317.000002199	232.0	4.11120602457	179.0	0.88076202	0.549346235521
10317.000010556	523.166666667	4.05833829871	311.0	0.781964	0.49009185393
10317.000028914	433.625	4.73487758488	281.0	0.91616646	0.582078858236
10317.000038479	267.243243243	4.65820011596	221.0	0.91198428	0.598132819515
10317.000042999	523.837209302	6.0622592997	355.0	0.9704267	0.715591562033
10317.000041554	713.014705882	6.27170918369	460.0	0.97155926	0.709029024686
10317.000037489	543.517857143	5.94519379174	382.0	0.96671728	0.693120737103
10317.000031493	373.12244898	5.23340895741	307.0	0.92432254	0.633423974834
10317.000039813	382.622222222	4.77264316512	277.0	0.88813264	0.588217257518
10317.000009455	345.7	5.08387954365	235.0	0.93772456	0.645447674161
10317.000023819	441.219512195	4.67751410357	295.0	0.86772242	0.570110737213
10317.000008950B	342.9	3.71995282501	245.0	0.78380914	0.468706378393
10317.000001067	134.0	2.02549741974	97.0	0.63820788	0.306897601252
10317.000009526	326.222222222	5.35702547967	256.0	0.95060088	0.669628184958
10317.000010876	297.0	5.0724639912	213.0	0.94045102	0.655805355373
10317.000001622	291.375	4.34406955439	222.0	0.89239922	0.557330995533
10317.000002271	317.21875	3.42995328521	203.0	0.77933968	0.44746287994
10317.000002465	432.220588235	6.05835060014	372.0	0.96686624	0.709478618932
10317.000001747	342.857142857	4.32852712383	230.0	0.86811884	0.551721701987
10317.000002038	309.736842105	3.79072446266	209.0	0.83966646	0.491831819135
10317.000023378	446.162162162	4.58698240189	290.0	0.86157798	0.560762026987
10317.000010178	301.638297872	4.77357802162	256.0	0.89701072	0.596697252702
10317.000011259	335.127659574	3.76012809356	248.0	0.7490555	0.472722566408
10317.000005025	325.885714286	4.26678173131	231.0	0.87315612	0.543417996271
10317.000001225	177.4375	2.35541314994	121.0	0.627814	0.340433546547
10317.000015394	230.391304348	3.51511956702	156.0	0.83585556	0.482488057821
10317.000042586	623.012658228	6.3411806217	462.0	0.97117152	0.716376005694
10317.000001208	216.75	4.1744868028	180.0	0.8986345	0.557203504811
