	chao1	shannon	observed_otus	simpson	equitability
10317.000002503	476.833333333	5.45016891028	365.0	0.9312705	0.640311006673
10317.000013618	792.375	6.59743326998	450.0	0.97926918	0.748536085347
10317.000031796	951.534090909	6.42528571278	595.0	0.9653869	0.697131700454
10317.000026504	786.553571429	6.15585811157	476.0	0.96449928	0.692072426369
10317.000007104	693.741935484	5.81525476728	431.0	0.95823484	0.664483287522
10317.000007077	619.40625	5.85442331463	408.0	0.96124526	0.675061829163
10317.000016408	765.68	6.35709218688	495.0	0.9712569	0.710187686942
10317.000005802	481.161290323	4.44456700096	266.0	0.88610138	0.551758058957
10317.000006952	436.692307692	5.85378563578	334.0	0.96584136	0.698233791599
10317.000013023	650.549019608	5.94792164632	398.0	0.9667573	0.688685905391
10317.000002645	491.256410256	4.80609247453	329.0	0.89086364	0.574757808062
10317.000002027	537.451612903	5.84311987125	398.0	0.95945692	0.676551329712
10317.000027353	1084.36986301	6.54879399416	616.0	0.95893898	0.706695246016
10317.000023798	734.566037736	6.08190126712	444.0	0.95373628	0.691563983276
10317.000041962	785.825	6.55745603646	527.0	0.97546164	0.725249196689
10317.000040352	563.063829787	4.3256690097	344.0	0.78428548	0.513355458868
10317.000028811	550.381818182	5.00272054074	376.0	0.91185074	0.584799647006
10317.000027772	913.823529412	7.00297102088	604.0	0.98074578	0.758028168118
10317.000027617	728.608695652	5.48671312778	420.0	0.93372386	0.629625722233
10317.000039952	150.0	4.43147561304	138.0	0.89906224	0.623403019851
10317.000026028	701.873015873	6.07641206409	449.0	0.96635016	0.689672851661
10317.000001441	566.06	5.13315836824	377.0	0.9001841	0.59977869051
10317.000016347	727.016949153	6.1550287677	466.0	0.95316308	0.694370432576
10317.000001595	542.0	6.25530129041	415.0	0.97019598	0.719250850545
10317.000002146	612.164383562	5.8824949997	420.0	0.9607817	0.675043523593
10317.000012158	845.146067416	6.62850186246	572.0	0.9733238	0.723645738979
10317.000014313	352.833333333	4.07176834647	234.0	0.85224958	0.517354467238
10317.000007749	408.394736842	5.55314338159	303.0	0.94317902	0.673665676925
10317.000017335	706.558823529	6.02683707109	467.0	0.96738772	0.679671548397
10317.000002578	506.982142857	5.94584821872	373.0	0.96560948	0.695988068852
10317.000007719	450.018518519	5.05427996652	320.0	0.92793938	0.607344825488
10317.000006716	652.288135593	5.97917467148	450.0	0.95557362	0.678389279444
10317.000006802	557.018181818	5.73369467291	395.0	0.9402058	0.664721564016
10317.000002898	533.75	5.78613585309	367.0	0.95771006	0.679152921718
10317.000001647	519.045454545	5.79826402958	382.0	0.95304906	0.675990922901
10317.000002878	414.195652174	5.63919101788	342.0	0.92983668	0.669908507889
10317.000017667	627.741935484	5.95324984128	420.0	0.9634802	0.683162969096
10317.000009213	470.185185185	5.66463718	353.0	0.94988192	0.669300037451
10317.000031434	583.90625	5.27432867136	395.0	0.92452518	0.611466114533
10317.000027217	549.701754386	4.7328297853	379.0	0.8317846	0.552509914624
10317.000001546	508.518518519	6.35207631817	385.0	0.9761731	0.739584045772
10317.000009074	580.881355932	5.99897787232	399.0	0.96860536	0.694306459666
10317.000027277	682.413333333	5.54561209772	470.0	0.92689198	0.624750916502
10317.000001333	269.2	4.28962785716	184.0	0.907578	0.57015917224
10317.000023984	650.515151515	5.78856960213	448.0	0.94748792	0.657242685614
10317.000028933	644.036144578	6.17344906261	473.0	0.96419598	0.694762549071
10317.000015568	676.413333333	6.12434424839	464.0	0.96715868	0.691392796141
10317.000006944	627.030612245	2.93536533522	436.0	0.55736796	0.334774592606
10317.000002028	578.229508197	5.60593752419	421.0	0.9123734	0.643054095166
10317.000003896	544.454545455	5.92776439857	392.0	0.958105	0.688097974956
10317.000011025	695.901639344	6.2873968082	452.0	0.97196784	0.712842317032
10317.000017293	817.791666667	5.96146607367	513.0	0.95534692	0.662178003583
10317.000031284	322.394736842	3.69049974081	217.0	0.80708076	0.475484813575
10317.000020034	733.571428571	5.938882018	475.0	0.95637914	0.667906712109
10317.000031847	657.279411765	5.4738109148	423.0	0.93560914	0.627405836812
10317.000013935	640.2	6.16823907621	479.0	0.964387	0.692758415158
10317.000014019	672.074074074	6.34101557272	503.0	0.9688886	0.706565927979
10317.000023052	478.264150943	5.39959961738	339.0	0.94067394	0.642416268788
10317.000015385	740.28358209	6.44189509471	489.0	0.9741913	0.721078817648
10317.000017354	780.026315789	6.66090055978	526.0	0.97462662	0.736913403878
10317.000023475	717.710144928	6.51096989318	479.0	0.97651898	0.731250706825
10317.000003475	630.615384615	5.94950899434	470.0	0.94537366	0.670252648664
10317.000017269	680.078431373	5.66804443426	418.0	0.9370461	0.650948737531
10317.000014801	658.8	5.6544539469	369.0	0.95577052	0.663086390368
10317.000009716	636.317073171	6.60014577297	509.0	0.97697384	0.734041009515
10317.000013155	600.1875	5.77536761451	451.0	0.94485772	0.655027599153
10317.000015604	553.157894737	5.68759027321	380.0	0.95398074	0.663673990923
10317.000009236	469.75	5.62468283249	356.0	0.93475062	0.66362196007
10317.000041289	640.761904762	5.59299224108	426.0	0.93944502	0.640318051116
10317.000030735	714.109375	6.22789393102	487.0	0.96319286	0.697586113529
10317.000022541	669.22	5.21333868426	392.0	0.90626338	0.605167066401
10317.000034132	363.555555556	3.42120131843	225.0	0.76639238	0.437841965971
10317.000026633	638.984375	5.77200123416	425.0	0.95179052	0.661068644228
10317.000028715	354.757575758	4.78047587852	244.0	0.90866614	0.602778238018
10317.000026126	442.022222222	4.45141735549	286.0	0.89354414	0.545525434381
10317.000033665	589.555555556	4.85803398344	354.0	0.89223908	0.57371992055
10317.000028755	780.929577465	6.15813069372	495.0	0.96117474	0.687960543074
10317.000016485	450.019230769	4.49483617983	315.0	0.85075962	0.541598206705
10317.000001001	512.108108108	4.54169706235	306.0	0.86927084	0.550016197479
10317.000002334	547.0	5.867585103	414.0	0.95679958	0.674940346915
10317.000006797	359.942307692	4.75525089758	288.0	0.89602436	0.582043396572
10317.000013156	817.692307692	6.60954986168	520.0	0.97709082	0.732573754323
10317.000001529	681.120689655	6.15060371509	445.0	0.96815806	0.699118020967
10317.000002418b	830.146067416	6.4382093124	557.0	0.97085068	0.70582531985
10317.000005849	605.5	4.22422304088	283.0	0.8304793	0.518649514189
10317.000011341	568.75	5.72446373139	395.0	0.95663978	0.663651397879
10317.000013355	822.461538462	6.3046592732	533.0	0.96442858	0.696032792496
10317.000006794	563.714285714	5.34596002366	391.0	0.92377928	0.620827386925
10317.000028723	734.596774194	5.55832235633	445.0	0.94081066	0.631795431092
10317.000002774	536.947368421	4.63254058419	333.0	0.85489854	0.552850149648
10317.000001531	529.537313433	6.25801082879	412.0	0.96815852	0.720429453634
10317.000018027	750.318181818	6.47059215644	498.0	0.97562936	0.722164147452
10317.000001948	413.333333333	5.01269977902	276.0	0.92681036	0.618201228317
10317.000001032	410.982142857	5.51674969247	319.0	0.95437592	0.663277145027
10317.000016697	876.674418605	7.05907263139	594.0	0.98487238	0.766098128234
10317.000011162	542.047619048	4.11172271209	392.0	0.74133836	0.477290911301
10317.000005999	450.018518519	4.96106122358	345.0	0.91260202	0.588469147199
10317.000001362	600.042857143	6.54594955574	465.0	0.9765726	0.738729867474
10317.000010947	441.25	5.70957065517	305.0	0.96210478	0.691845646949
10317.000002851	465.396226415	5.42043348449	346.0	0.93616022	0.642640474268
10317.000035452	641.317073171	6.51830151081	404.0	0.9751379	0.75284618813
10317.000005928	683.10989011	6.19856033402	510.0	0.95189984	0.689161302981
10317.000027807	884.131147541	6.34560909473	507.0	0.96992056	0.706178579506
10317.000031313	1068.0	6.45991902392	587.0	0.96906868	0.70237760395
10317.000014458	551.902439024	5.47308911555	328.0	0.94721192	0.654867491405
10317.000016759	647.34375	6.10789877661	456.0	0.9599959	0.691494942971
10317.000014308	672.019607843	6.06887410113	438.0	0.956816	0.691626367673
10317.000010546	416.734693878	4.55836003261	301.0	0.88340396	0.553627713153
10317.000015305	766.080645161	6.71314205285	512.0	0.97572048	0.745904672539
10317.000014295	478.181818182	5.07774809439	335.0	0.91658696	0.605357371313
10317.000011055	746.436619718	6.22867177348	517.0	0.95471022	0.690998183773
10317.000002818	439.115384615	3.78443205895	328.0	0.69186478	0.452815855271
10317.000009667	545.084745763	4.77520595496	348.0	0.9080322	0.565585445088
10317.000012254	531.03125	5.25571620281	379.0	0.9194881	0.613551604903
10317.000026037	618.078947368	6.27122404955	473.0	0.96483984	0.705766187146
10317.000007037	416.117647059	5.69642186659	351.0	0.92547232	0.673708032601
10317.000015594	737.506329114	6.64511105051	515.0	0.97929794	0.737654848508
10317.000004286	498.471698113	5.47534589997	366.0	0.9423199	0.642970748611
10317.000001351	498.75	5.00942463324	342.0	0.90566724	0.595095319666
10317.000010115	562.717391304	5.5327445907	369.0	0.935244	0.648813780063
10317.000010981	508.272727273	6.04291592548	387.0	0.96371724	0.70297609719
10317.000013028	454.948275862	5.97978441974	373.0	0.95917204	0.699960452631
10317.000017095	632.181818182	6.45156368484	449.0	0.97633202	0.732252565702
10317.000011048	677.47826087	6.31787634716	479.0	0.96854454	0.709564261591
10317.000002079	461.181818182	5.24229338891	353.0	0.9435046	0.619398392172
10317.000014937	555.652173913	6.29781969541	436.0	0.9690347	0.718258132144
10317.000013653	446.772727273	5.05579330082	313.0	0.91495676	0.609865115408
10317.000021178	556.491803279	5.75636077035	406.0	0.94543864	0.664297475062
10317.000006741	619.372881356	5.83967653957	435.0	0.95361244	0.666259223437
10317.000014548	671.456521739	6.01820391956	412.0	0.9624726	0.692822604537
10317.000013215	706.911764706	6.15688410352	470.0	0.96281386	0.693614864995
10317.000010867	591.192307692	5.72078208408	382.0	0.95988534	0.666957686129
10317.000026613	517.417910448	5.85004789914	398.0	0.95784078	0.677353498174
10317.000006909	572.891891892	6.16116113922	447.0	0.96467014	0.699803435954
10317.000011163	541.365853659	5.23109940612	340.0	0.91329942	0.622054491918
10317.000012276	587.717647059	6.04724199443	458.0	0.95313136	0.684138768537
10317.000015003	553.872727273	5.46864644857	382.0	0.91877878	0.637562439538
10317.000001613	627.815384615	5.87750417368	437.0	0.95343664	0.670069113589
10317.000006029	561.559322034	5.8505503203	399.0	0.95782446	0.677127831848
10317.000005024	658.347826087	6.17350820837	474.0	0.95554634	0.694531052984
10317.000026632	718.717391304	6.20932007953	421.0	0.97071762	0.712267785382
10317.000033799	451.657894737	5.14068899208	270.0	0.95130076	0.636474725752
10317.000029152	559.212765957	4.25189919248	334.0	0.77679556	0.507162352601
10317.000022999	734.512195122	5.43378663593	380.0	0.93654658	0.634058131697
10317.000037575	711.178571429	6.82554322812	532.0	0.97931108	0.753763703864
10317.000027681	628.35	6.42013078619	432.0	0.97262278	0.733319621138
10317.000021296	861.518987342	6.46045823337	551.0	0.97246674	0.709479809432
10317.000028712	712.981132075	5.61756743411	429.0	0.94480336	0.642386983961
10317.000027363	806.846153846	5.86419321099	466.0	0.9552846	0.661560251025
10317.000033801	665.080645161	5.57547204958	411.0	0.93734806	0.642113961473
10317.000011225	650.666666667	5.994833859	436.0	0.96055692	0.683702992199
10317.000011409	510.052631579	5.31291312811	349.0	0.93712354	0.628964221831
10317.000009475	402.666666667	4.94860054194	316.0	0.90683288	0.595945472552
10317.000012928	542.153846154	5.70780060061	363.0	0.95246918	0.671203853003
10317.000028841	670.985915493	5.99205158031	439.0	0.96608084	0.682615508145
10317.000014534	604.8	5.61012773064	376.0	0.94972224	0.655803315379
10317.000016715	637.0125	6.54963033739	474.0	0.9778036	0.7368454858
10317.000008954A	569.666666667	5.81331471016	387.0	0.94580142	0.676266447702
10317.000015912	522.6	5.24267049508	339.0	0.93118798	0.623745658306
10317.000016725	639.019607843	6.39201388081	414.0	0.97819982	0.735264677115
10317.000018358	484.307692308	4.71538712982	328.0	0.8712959	0.564206735084
10317.000010102	543.055555556	5.56233635136	368.0	0.95329104	0.652583553688
10317.000008949B	562.454545455	5.98254338827	410.0	0.9579029	0.689274394282
10317.000010869	546.578947368	6.11712716869	424.0	0.95770756	0.700868803804
10317.000014571	674.019607843	6.40203614097	449.0	0.97370376	0.726631188801
10317.000010827	596.8	5.96187783238	403.0	0.96404294	0.688865229309
10317.000014162	634.444444444	5.88447755216	430.0	0.95779084	0.672650643776
10317.000016736	611.260869565	5.76068629361	473.0	0.95261832	0.648310053772
10317.000001929	581.287671233	5.75807936261	422.0	0.95273588	0.660246975526
10317.000003196	660.119402985	6.16738958421	475.0	0.96137386	0.693605444088
10317.000028833	340.535714286	4.14039258662	210.0	0.89276426	0.536720354199
10317.000004291	1207.59677419	6.34037130803	564.0	0.971562	0.693728943966
10317.000035347	972.230769231	6.31650998023	531.0	0.97185794	0.697758906067
10317.000031035	655.837209302	4.87730945321	345.0	0.87968984	0.578534713685
10317.000016765	704.150684932	6.15512308171	471.0	0.96384894	0.693177022917
10317.000004918	657.381578947	6.2430180065	475.0	0.97053418	0.702110871662
10317.000001347	557.743243243	5.88737993409	430.0	0.95180616	0.672982413089
10317.000005938	464.279411765	5.6683648852	400.0	0.94045492	0.655768069338
10317.000003982	473.794520548	5.12420669125	384.0	0.88429866	0.596881662654
10317.000001934	524.355932203	5.4661470359	393.0	0.91836328	0.634242577623
10317.000015355	595.962264151	5.96101098524	415.0	0.95465392	0.685412584013
10317.000002418a	745.361445783	6.41450166988	508.0	0.97712074	0.713619611034
10317.000026083	777.092307692	5.76053917357	474.0	0.93666582	0.64807127535
10317.000009476	397.0	4.69719275762	298.0	0.88689282	0.571492450352
10317.000003729	598.709677419	5.7840559549	488.0	0.94401484	0.647657157105
10317.000017219	765.75	6.39989797378	479.0	0.97330896	0.718776156811
10317.000004283	203.368421053	3.13608584242	144.0	0.74863036	0.437394511349
10317.000003473	633.346153846	6.56219382309	505.0	0.96884316	0.730745192361
10317.000007068	331.069767442	4.96680714714	250.0	0.93271136	0.623517656222
10317.000011342	598.041666667	6.02204919084	449.0	0.94966694	0.683502664809
10317.000026056	542.341463415	4.72303565665	325.0	0.90591716	0.56601967485
10317.000012209	603.0	5.75374874535	399.0	0.94746366	0.665924263469
10317.000016355	709.555555556	6.47107361351	459.0	0.97575082	0.731827326694
10317.000015185	575.549019608	5.23677558044	368.0	0.91209428	0.614388163943
10317.000003028	451.333333333	5.27527065585	365.0	0.91382736	0.619763152247
10317.000012985	847.75	6.18708916087	484.0	0.96031282	0.693708267104
10317.000016755	746.971014493	6.05161339756	484.0	0.940883	0.678518465477
10317.000014327	458.258064516	5.57577891535	358.0	0.95544944	0.657225364356
10317.000013249	547.487179487	5.3090952246	319.0	0.9457186	0.638310911233
10317.000008950A	332.972972973	3.7820607187	241.0	0.79068832	0.477962038643
10317.000016716	635.446808511	6.14015087465	404.0	0.96903532	0.709170812804
10317.000022662	566.142857143	5.93317787169	417.0	0.9586002	0.681668612436
10317.000022443	550.358490566	5.15219060364	372.0	0.93019808	0.603360438377
10317.000017074	564.153846154	5.48558332062	359.0	0.94617474	0.646287312055
10317.000002511	541.872727273	4.9506081651	370.0	0.89029874	0.580282125236
10317.000013821	416.294117647	5.04151753396	303.0	0.92916804	0.611599069007
10317.000004819	464.025641026	4.98740906337	284.0	0.92220324	0.611971020724
10317.000017075	506.486486486	5.00720350634	375.0	0.90113194	0.585586689913
10317.000010834	714.632653061	5.6809928769	411.0	0.9412674	0.654266546196
10317.000014303	506.716981132	6.06913466483	372.0	0.9686837	0.710741514367
10317.000015265	587.518518519	5.64670822795	375.0	0.95679028	0.660376031437
10317.000003193	423.42	4.85551911263	283.0	0.92019494	0.596159957589
10317.000013619	791.045454545	6.71467297174	519.0	0.97850708	0.744454285562
10317.000005015	533.375	5.92791980365	410.0	0.9656115	0.682980977627
10317.000022925	337.222222222	5.26617675338	267.0	0.94572294	0.653315395843
10317.000003439	643.120689655	5.34504165929	407.0	0.94019034	0.616577757
10317.000016735	588.0	6.07681323768	437.0	0.96480542	0.692791487558
10317.000011168	500.529411765	5.93584550787	372.0	0.96118262	0.695132347246
10317.000004972	504.580645161	6.30444368765	397.0	0.97262038	0.730273044717
10317.000009382	538.0	5.93001556419	399.0	0.96619592	0.686324937309
10317.000027308	508.06	5.53698302033	370.0	0.9197337	0.649013649894
10317.000003895	529.015151515	5.98159067016	400.0	0.96383304	0.692004880558
10317.000001322	397.596491228	5.03266925461	309.0	0.93426226	0.608437617097
10317.000026106	542.873015873	5.6501542019	395.0	0.93531532	0.655036508268
10317.000008957B	575.491803279	6.29835509803	425.0	0.96963658	0.721352074716
10317.000001047	380.065217391	4.90146984575	283.0	0.91074064	0.601801782176
10317.000017071	507.75	4.59618734738	314.0	0.85098576	0.554116636134
10317.000015262	751.022727273	5.47231784283	393.0	0.94953858	0.634958582602
10317.000003981	491.537313433	5.41685680787	374.0	0.94568868	0.633780706348
10317.000014334	671.2625	6.41500817029	498.0	0.9707298	0.715960578907
10317.000011378	648.25	5.7152175123	444.0	0.95414818	0.649868916726
10317.000016718	599.595744681	5.89665078143	365.0	0.96633334	0.692765758275
10317.000016714	664.84375	6.57702200905	456.0	0.97822468	0.744605898919
10317.000007748	464.659574468	5.31737875316	344.0	0.92630698	0.631048146237
10317.000007073	667.639534884	5.78226250636	474.0	0.95551654	0.650515190331
10317.000001247	707.325581395	6.73953753425	520.0	0.98039064	0.746981022489
10317.000002036	364.571428571	4.99622540299	272.0	0.9287902	0.61777414018
10317.000012112	534.967213115	5.804598054	380.0	0.96074766	0.677327404251
10317.000002437	388.02173913	4.8914892399	299.0	0.91667652	0.594782130851
10317.000003731	646.875	5.48030721201	414.0	0.9451551	0.630392296993
10317.000013171	551.358490566	5.5297696893	373.0	0.94081112	0.647284220127
10317.000001487	483.692307692	5.78215792543	362.0	0.96047174	0.68026620744
10317.000014306	523.0	5.28639497946	348.0	0.9322621	0.626131749201
10317.000002064	551.405797101	6.22216175744	428.0	0.9679587	0.711798347706
10317.000002336	548.6	5.36179859977	365.0	0.9076012	0.629928854593
10317.000006074	475.016129032	5.68627257953	354.0	0.96169448	0.67153253017
10317.000012061	506.765957447	4.65202901857	320.0	0.89506596	0.559008557335
10317.000016756	657.508196721	6.02897939052	433.0	0.96298136	0.688379279987
10317.000011018	701.940298507	6.19152474178	485.0	0.95971984	0.693973899047
10317.000015261	721.5	5.80857711944	444.0	0.95876216	0.660484699349
10317.000013458	643.385964912	6.31378290488	434.0	0.96896404	0.720623864128
10317.000041935	473.914893617	4.27954481886	322.0	0.8136196	0.513694336586
10317.000033721	630.442857143	6.25829690139	451.0	0.97176488	0.709800218397
10317.000031491	451.677966102	6.41406415581	376.0	0.97789392	0.749780529143
10317.000017671	456.285714286	5.19286975008	285.0	0.93959366	0.636785478307
10317.000036943	503.225352113	5.98877228102	406.0	0.9613599	0.691118306118
10317.000036102	648.571428571	6.24612962128	439.0	0.96931416	0.71156012064
10317.000028894	555.517241379	5.28283759789	378.0	0.93849774	0.616992294326
10317.000040358	585.272727273	5.58070670962	348.0	0.94805034	0.660990650046
10317.000031506	604.970588235	6.07513898464	445.0	0.95617032	0.690540203984
10317.000016446	633.47826087	5.90338752449	456.0	0.94506006	0.668341563748
10317.000028793	492.782608696	5.43650917165	327.0	0.95119304	0.650833666069
10317.000042026	748.015384615	6.45694176718	489.0	0.97186566	0.722763079288
10317.000037582	554.185185185	5.75639713309	374.0	0.95626234	0.67350745468
10317.000029202	534.416666667	4.64541920406	326.0	0.8668065	0.556422381738
10317.000022618	713.576923077	6.31161851977	493.0	0.96667538	0.705567955622
10317.000021229	542.447368421	3.31173781675	279.0	0.692185	0.407642585534
10317.000034121	463.206896552	4.55280803751	245.0	0.9133052	0.573644416251
10317.000036071	495.75	4.95637943809	332.0	0.91224878	0.591803713729
10317.000036166	639.395833333	5.76773018545	381.0	0.96023074	0.672727727105
10317.000031593	615.162162162	4.86030401917	333.0	0.88286336	0.580031573496
10317.000034194	890.631578947	6.01890033105	535.0	0.94768404	0.664088928825
10317.000036131	757.553571429	6.00547069224	447.0	0.9605706	0.682119641086
10317.000002347	481.4	5.01889719112	328.0	0.92399966	0.60052240038
10317.000016767	681.49122807	6.19208848829	447.0	0.96544472	0.703316258401
10317.000036109	423.875	4.12927925231	260.0	0.81802584	0.514720759326
10317.000004973	626.438596491	6.33145479615	433.0	0.9678275	0.722915440828
10317.000031379	742.776315789	5.93092495286	473.0	0.9516457	0.66746878395
10317.000004737	619.12244898	5.75787532076	409.0	0.9306101	0.663658810077
10317.000006666	478.06	4.83213750849	328.0	0.90897906	0.578176181951
10317.000003969	317.234042553	5.01209063991	250.0	0.93519168	0.629202406292
10317.000001749	607.042253521	6.30599581119	470.0	0.96493866	0.710413312918
10317.000009507	557.095890411	6.3606363263	444.0	0.9745203	0.723258533934
10317.000040348	788.763888889	5.94246472196	504.0	0.95557384	0.661944906764
10317.000026595	860.926829268	6.09030172782	423.0	0.96323814	0.698067746851
10317.000012335	557.909090909	5.51738699167	391.0	0.93567512	0.64073523437
10317.000022554	614.514705882	6.29982181867	439.0	0.97297586	0.717676744656
10317.000003718	733.791666667	6.45738242495	515.0	0.96917658	0.716815628547
10317.000006113	542.5	5.15983504083	378.0	0.90946216	0.602626600041
10317.000006662	616.28358209	6.26686766171	445.0	0.9698323	0.712333344865
10317.000013756	877.304347826	6.67567468953	547.0	0.97352288	0.733961879047
10317.000001216	525.038461538	6.24069417509	441.0	0.96937276	0.710410197442
10317.000016722	552.684210526	6.15708718936	394.0	0.97200348	0.714109276804
10317.000016358	365.5	4.90180173609	304.0	0.91688964	0.594307082367
10317.000035392	860.904761905	5.99059980233	468.0	0.96543646	0.67534988602
10317.000043118	801.8	6.55451114966	526.0	0.9723924	0.725143256336
10317.000006685	497.4	4.92252759607	291.0	0.92593076	0.60141754026
10317.000005992	483.8	4.3651083004	333.0	0.82791056	0.52093462178
10317.000012947	703.375	6.02521032755	460.0	0.96218816	0.681161845511
10317.000012122	636.142857143	5.66294311004	409.0	0.9488967	0.652716822886
10317.000004758	628.508196721	5.67373913829	404.0	0.95051538	0.65530151921
10317.000042014	792.178571429	6.65710752677	567.0	0.9765014	0.727775050564
10317.000027267	863.541666667	6.39548150113	532.0	0.96862864	0.706270792401
10317.000006625	418.857142857	4.93945942412	301.0	0.91420228	0.599913478887
10317.000008951B	308.078947368	4.17456489136	227.0	0.87288194	0.533385169482
10317.000006778	731.166666667	6.55370816277	540.0	0.97644594	0.722027245425
10317.000012971	814.7	6.38967028504	543.0	0.96868086	0.703335724022
10317.000017652	764.06122449	6.90388462415	575.0	0.9796586	0.753089311988
10317.000015254	683.880597015	6.27580541017	477.0	0.96502682	0.705317421077
10317.000001438	558.308823529	5.93222760321	409.0	0.96504542	0.683754838882
10317.000006803	486.818181818	5.78022151737	384.0	0.95588452	0.673296070528
10317.000013299	693.120689655	5.84950922404	457.0	0.9533106	0.662004967037
10317.000036039	435.326086957	5.2316282964	305.0	0.9320319	0.633931950741
10317.000011026	725.678571429	5.78925057069	438.0	0.94333254	0.659759664977
10317.000012993	609.114285714	5.95196971878	443.0	0.96182938	0.677040090627
10317.000009419	548.04	6.10674159365	431.0	0.96059392	0.697790190213
10317.000010693	742.873239437	6.32411945393	521.0	0.96923378	0.70072262155
10317.000008951A	342.884615385	3.92967122356	212.0	0.85594422	0.508503063232
10317.000001669	426.693548387	5.08555760862	330.0	0.92427878	0.607860596136
10317.000036068	568.132075472	5.77265922477	405.0	0.95055558	0.666451987065
10317.000042981	663.436619718	6.16659361028	449.0	0.96596206	0.699908458375
10317.000028776	1008.14285714	6.80215143483	612.0	0.97489284	0.734780863718
10317.000004011	319.872340426	4.77510618484	267.0	0.91598924	0.592393786505
10317.000004285	602.677419355	6.195088116	476.0	0.9643463	0.696482860117
10317.000026116	517.438596491	4.98888630667	354.0	0.89851906	0.589173205714
10317.000022498	632.181818182	6.3832551335	456.0	0.97062284	0.722668925262
10317.000023929	727.0	5.33606192271	460.0	0.87323038	0.603252266633
10317.000009558	528.518518519	5.50324669028	385.0	0.93835986	0.640753235354
10317.000002051	589.013157895	5.81590962686	434.0	0.93424538	0.663799077648
10317.000016726	815.5	6.811142208	529.0	0.98025338	0.752851654754
10317.000005927	647.5	5.82712299538	486.0	0.93095704	0.652912651445
10317.000013539	681.876712329	6.20897655328	492.0	0.96335896	0.694321105051
10317.000004289	651.741935484	6.0958373595	444.0	0.95574564	0.693148635695
10317.000011073	558.898305085	5.53191550426	401.0	0.94524472	0.639715767507
10317.000001111	471.75	4.92770999794	339.0	0.88833658	0.586273297071
10317.000013053	424.169491525	4.22447532602	297.0	0.85782842	0.51428186121
10317.000010225	657.08	6.88215066681	500.0	0.98278258	0.767601633979
10317.000003226	627.581395349	6.38981472219	487.0	0.96936102	0.715722853921
10317.000013167	548.054054054	6.03280486639	424.0	0.96280314	0.691207590376
10317.000010879	502.161290323	5.097188819	369.0	0.9165796	0.597737034691
10317.000013055	656.120689655	5.3483116613	420.0	0.92275152	0.613743513475
10317.000006665	562.034482759	6.94675578135	488.0	0.98480648	0.777847955749
10317.000002638	461.590909091	5.68504809219	364.0	0.95524286	0.668216421836
10317.000002443	584.655172414	6.67399982082	497.0	0.97679678	0.745107043534
10317.000017349	944.396226415	7.01643549808	546.0	0.98245796	0.771651039321
10317.000005814	500.875	6.20878017083	405.0	0.97067286	0.716802035419
10317.000020071	666.01754386	5.83514664145	414.0	0.96212256	0.671208994731
10317.000004026	553.620689655	6.06988472414	420.0	0.95460462	0.696547361655
10317.000013134	562.444444444	6.25811411085	408.0	0.97535684	0.7216106065
10317.000004822	450.873015873	6.14576898066	380.0	0.96704636	0.717137984762
10317.000009101	560.234375	6.6125143637	443.0	0.97946976	0.75217743631
10317.000013159	662.47761194	6.28287320579	475.0	0.96732122	0.706593121864
10317.000016772	567.507042254	6.27845203517	442.0	0.97055446	0.714442609341
10317.000006635	534.328125	5.3596161886	419.0	0.91249896	0.615283582455
10317.000001734	585.411764706	6.24534884632	434.0	0.9676977	0.71281314012
10317.000001286	593.451612903	5.67494680463	418.0	0.93701152	0.651741442904
10317.000014397	661.066666667	6.38222086746	488.0	0.97419178	0.714635379614
10317.000016731	646.478873239	6.28756727783	474.0	0.96083934	0.707362908543
10317.000016458	865.363636364	6.68881516606	579.0	0.9720761	0.72883397543
10317.000009174	504.101265823	6.25346417105	424.0	0.96632026	0.716489592636
10317.000013222	629.310344828	5.40072007553	410.0	0.9256199	0.622240043599
10317.000004847	414.12	5.49056926358	321.0	0.93742048	0.659414611278
10317.000002261	622.205479452	6.18887119727	465.0	0.96081904	0.698432513181
10317.000016729	692.837837838	6.63572955667	501.0	0.97708964	0.73987914923
10317.000001652	469.609375	6.27714451755	381.0	0.9736662	0.732144019957
10317.000017083	528.568965517	5.73297861657	384.0	0.95828354	0.66779308775
10317.000002606	463.896103896	5.65497813718	397.0	0.93137822	0.65504242827
10317.000011357	626.205479452	6.13832360212	469.0	0.96489776	0.691763369925
10317.000004813	598.859375	6.28233236025	449.0	0.96527862	0.713044808066
10317.000013453	471.217391304	5.43066467032	366.0	0.9296204	0.637723824635
10317.000016768	726.714285714	6.45280191399	494.0	0.97197502	0.721115008693
10317.000013174	378.813953488	4.06248891864	266.0	0.8151106	0.504326068163
10317.000016166	508.081967213	5.45388472567	362.0	0.93165134	0.641645130762
10317.000011358	660.413043478	6.92208927638	529.0	0.98239884	0.765114896582
10317.000001436	614.084507042	6.11957339322	465.0	0.9608215	0.690612049982
10317.000009385	677.578947368	6.50682043239	493.0	0.97431104	0.727389333767
10317.000006053	559.803278689	5.4835353744	398.0	0.92806174	0.634916488249
10317.000002185	419.333333333	5.31563772229	318.0	0.93088304	0.639445755568
10317.000016488	514.0	4.14843726932	253.0	0.83180524	0.519659352159
10317.000001516	367.264705882	5.00928993965	316.0	0.8871233	0.603254119005
10317.000011352	714.68	6.4307984916	514.0	0.96658082	0.714086897191
10317.000004009	440.181818182	5.5426697867	351.0	0.94711974	0.655523984144
10317.000013801	527.518518519	5.69097563272	377.0	0.95155946	0.664956283804
10317.000003996	841.214285714	6.64407679718	571.0	0.96456944	0.725546039053
10317.000017339	589.553846154	5.94106272045	413.0	0.94962786	0.683666755734
10317.000010183	815.986486486	6.86396079601	563.0	0.97869606	0.751227697588
10317.000012318	491.692307692	5.12836534667	380.0	0.88485468	0.598419107748
10317.000007666	555.263888889	6.28253513246	437.0	0.96736268	0.716244960939
10317.000002349	512.625	5.67598731951	372.0	0.94994716	0.664700990468
10317.000015908	419.75	5.50742820515	306.0	0.94999758	0.666969786338
10317.000001423	467.4	4.83418496766	334.0	0.8942232	0.576616827003
10317.000005845	571.55	6.12484361196	414.0	0.96564766	0.704532443875
10317.000009118	574.603448276	5.84769413577	402.0	0.96003128	0.675951820023
10317.000005576	564.014925373	6.13816992431	433.0	0.96770068	0.700846481509
10317.000002801	580.144927536	6.58610210329	451.0	0.97376622	0.746979055957
10317.000013265	768.88	6.36693798308	532.0	0.96536002	0.703118652392
10317.000010833	413.058823529	4.88789676039	306.0	0.90962958	0.591942252623
10317.000013238	381.162790698	4.91061116732	259.0	0.94123724	0.612539428548
10317.000012983	686.93220339	5.81523887471	452.0	0.92366224	0.659310757695
10317.000004915	554.013513514	6.04911065985	409.0	0.96563456	0.697226903831
10317.000001099	774.798165138	7.2846299544	627.0	0.9861425	0.783940789209
10317.000015856	704.154639175	6.38576210094	521.0	0.96957762	0.707552726124
10317.000003061	526.647058824	5.97407936381	428.0	0.95562548	0.683418397977
10317.000028859	584.010989011	6.3531652701	474.0	0.9712292	0.714742803589
10317.000012903	765.649350649	6.55080682115	520.0	0.9748657	0.726062931251
10317.000004736	638.833333333	5.64436763696	458.0	0.90469134	0.638560641011
10317.000010962	589.131578947	6.15467626421	446.0	0.96384418	0.699323516254
10317.000002348	587.345679012	5.72910871769	462.0	0.92651268	0.647229004221
10317.000002444	483.25862069	5.71132084745	378.0	0.95024554	0.667035639087
10317.000015584	586.108695652	5.62004302129	453.0	0.93393042	0.636949915876
10317.000023375	710.090909091	4.97890470011	466.0	0.85367576	0.561687741984
10317.000015624	788.78021978	6.11615843423	543.0	0.95713306	0.673229216638
10317.000006671	687.513888889	6.58598630598	495.0	0.97534784	0.735758778286
10317.000009102	543.117647059	5.38726080406	371.0	0.92586784	0.631175980428
10317.000015214	689.161290323	6.35676303317	514.0	0.97104958	0.705865872872
10317.000002172	628.448275862	5.77382699537	420.0	0.9423967	0.662573367214
10317.000001189	469.043478261	5.68542270157	369.0	0.9481259	0.666718033661
10317.000007678	310.914893617	3.0287439682	255.0	0.69984628	0.378860403424
10317.000003358	468.88	5.79959362981	383.0	0.95416946	0.67584874336
10317.000009231	540.068493151	5.10747095464	418.0	0.90196878	0.586569461208
10317.000018318	493.5625	6.29557025715	424.0	0.9675989	0.721313890282
10317.000013859	664.880597015	6.0978802723	458.0	0.95494704	0.689867596504
10317.000013757	545.111111111	6.53630679093	471.0	0.97019212	0.736105130971
10317.000012298	645.164383562	5.79419538038	453.0	0.94026252	0.656687546006
10317.000017171	641.012345679	6.18543350117	476.0	0.9645247	0.695397439921
10317.000014587	406.518518519	5.22084983311	313.0	0.9356872	0.629775387669
10317.000016764	587.872727273	6.19161280042	416.0	0.96841004	0.711643664114
10317.000016727	587.524590164	6.02703509995	414.0	0.9656348	0.693281663551
10317.000002013	594.625	5.9039218588	469.0	0.94106578	0.66534727485
10317.000013454	538.015625	6.30890710007	413.0	0.9746874	0.725996383523
10317.000016766	661.654545455	6.08370359351	439.0	0.96300204	0.693056520663
10317.000001234	567.185185185	4.64615255546	363.0	0.84946838	0.546360273436
10317.000026623	892.387755102	6.59128754735	626.0	0.9647585	0.709502064092
10317.000006761	621.625	6.86090245355	500.0	0.98111292	0.765231711551
10317.000009532	544.563380282	6.64770129544	444.0	0.9795997	0.755900266313
10317.000005846	510.12244898	6.19802266459	374.0	0.97198826	0.725178331578
10317.000004821	833.021276596	6.79993437837	604.0	0.9725147	0.73605071116
10317.000002712	588.142857143	5.64165185633	439.0	0.93586518	0.642697913572
10317.000013734	694.259259259	6.68695554482	519.0	0.97877214	0.74138126066
10317.000009659	576.267857143	5.84367800177	405.0	0.95470274	0.674651086164
10317.000017292	660.256097561	6.89963967656	509.0	0.98157552	0.767349487069
10317.000015862	592.615384615	5.94607098192	409.0	0.9637889	0.68535044138
10317.000002446	550.029850746	4.49753308172	381.0	0.8479502	0.524576412274
10317.000006678	514.050847458	5.76551223893	391.0	0.95125438	0.66955006804
10317.000014224	650.196721311	6.61847792506	452.0	0.9811501	0.750379096984
10317.000017218	671.718309859	6.51774037573	467.0	0.97747172	0.735032761127
10317.000009661	584.044117647	6.22195696615	443.0	0.96627752	0.707751300372
10317.000006729	475.818181818	5.81006063973	373.0	0.96273788	0.680093526745
10317.000013686	496.0625	5.52388775342	332.0	0.95291668	0.659565581595
10317.000010845	702.892307692	6.53437982731	474.0	0.97737196	0.735129775305
10317.000017205	692.936708861	6.35015333252	498.0	0.96175254	0.708722317324
10317.000014551	591.333333333	5.84244955675	372.0	0.9647268	0.684194975873
10317.000005238	508.538461538	5.65163912061	417.0	0.935468	0.649322349785
10317.000022448	662.0	5.87422687149	455.0	0.95159178	0.665278746313
10317.000001004	356.622222222	5.30202015933	281.0	0.9457749	0.651800133237
10317.000014122	566.082191781	5.79909711608	427.0	0.95462488	0.663657116883
10317.000016728	762.223404255	6.78203278136	561.0	0.97650758	0.742678385198
10317.000010773	543.846153846	4.47936181473	381.0	0.85049792	0.522456979716
10317.000005553	469.615384615	6.2874354791	384.0	0.9699094	0.732377745223
10317.000014054	684.576923077	6.37650760698	509.0	0.97192954	0.709168894447
10317.000026081	585.625	5.38033381658	380.0	0.94118762	0.627820824816
10317.000016769	516.394366197	5.6978577859	389.0	0.9491228	0.662262348157
10317.000004738	782.181818182	6.43013807034	513.0	0.97090788	0.714236387085
10317.000036427	686.391891892	6.37326032864	483.0	0.97101064	0.714821282101
10317.000043092	576.0	6.33689304887	439.0	0.96540638	0.721899905339
10317.000036069	344.023809524	5.17449144797	263.0	0.94068444	0.643680009073
10317.000028711	638.9375	5.75390245942	403.0	0.95288306	0.664834712916
10317.000027901	833.397590361	6.87678101	579.0	0.97802486	0.749315314782
10317.000031057	693.517241379	5.67853577841	428.0	0.94586442	0.649609017256
10317.000021275	847.892307692	5.41535920244	484.0	0.92140008	0.607180428533
10317.000031439	707.153846154	5.70585452397	411.0	0.94367864	0.657129803432
10317.000036437	660.036144578	6.22302276418	499.0	0.96435608	0.694309379521
10317.000043117	655.6	6.01858192008	473.0	0.9595347	0.677333735839
10317.000040144	521.875	4.55901724993	309.0	0.85135206	0.551174228133
10317.000039994	547.467741935	5.6889789451	395.0	0.94098086	0.659537557853
10317.000036067	665.630769231	6.62986200541	465.0	0.97976576	0.748199636878
10317.000036877	723.567010309	6.54591038798	550.0	0.970598	0.719071013214
10317.000038417	589.592105263	5.85906170538	456.0	0.948142	0.663323294639
10317.000031891	532.526315789	6.16104264237	437.0	0.9620289	0.70239412175
10317.000028719	712.474576271	5.84965907038	424.0	0.95960148	0.670223691982
10317.000023341	716.515625	5.32840738121	424.0	0.93378786	0.610501368448
10317.000035492	671.058823529	6.34987133601	484.0	0.96245834	0.711959715838
10317.000027775	756.985074627	5.97757616968	489.0	0.95048324	0.669104897467
10317.000036094	477.642857143	4.12265711666	299.0	0.81015188	0.501295753574
10317.000039831	604.378787879	5.64319639449	444.0	0.9363753	0.641679502112
10317.000043164	539.063829787	5.32629956538	335.0	0.94169454	0.634989102214
10317.000036422	706.85	6.32980561026	456.0	0.9693597	0.716617732148
10317.000036939	593.084745763	5.5475192816	396.0	0.94695876	0.642865919886
10317.000036147	703.982758621	6.06427640071	465.0	0.94464248	0.684371619988
10317.000035412	591.677966102	6.07286041366	422.0	0.96245776	0.696341170104
10317.000031272	436.121212121	3.86163254872	234.0	0.81969816	0.490654840825
10317.000037565	576.042857143	5.75576407917	431.0	0.93855494	0.657685551294
10317.000014232	621.013888889	6.16753740369	474.0	0.96357574	0.693859326453
10317.000009677	650.0	5.42606437019	404.0	0.94410842	0.626695753621
10317.000036045	721.8125	6.27079955553	419.0	0.97011376	0.719887372456
10317.000018424	596.62	4.80644466181	361.0	0.88277796	0.565739957497
10317.000014978	711.0	6.36916520898	475.0	0.97095092	0.716297811729
10317.000017133	628.796875	5.8129190517	435.0	0.95305456	0.663206413411
10317.000026136	509.879518072	6.01531215314	418.0	0.96367492	0.690830831931
10317.000013197	755.016393443	6.31414844507	485.0	0.9728358	0.707718114412
10317.000001936	551.717391304	4.7993498182	331.0	0.91257452	0.57335193455
10317.000009495	393.283018868	4.79881907253	298.0	0.92154136	0.583856999718
10317.000033748	596.928571429	5.11484949716	392.0	0.86989286	0.593734390329
10317.000006717	504.943661972	6.03782350049	411.0	0.96026136	0.695361887226
10317.000022553	905.507042254	6.47246304196	560.0	0.97095654	0.708978243959
10317.000034127	519.04	5.55672903419	402.0	0.94136256	0.64231832528
10317.000005085	384.878787879	5.76348118481	337.0	0.96117746	0.686406152845
10317.000009648	676.68	6.04434065959	469.0	0.95500942	0.681171885792
10317.000013001	775.533333333	5.95614221638	494.0	0.94981568	0.665612179545
10317.000034147	884.584415584	5.63083735003	509.0	0.94312524	0.626238521846
10317.000028856	673.458333333	5.40324612089	395.0	0.93910026	0.626411836894
10317.000005163	384.777777778	4.44810822426	276.0	0.88208332	0.548571845342
10317.000009628	585.144927536	6.02932468901	438.0	0.96157788	0.687119202786
10317.000016762	546.043478261	5.76237872137	403.0	0.94566322	0.665814102681
10317.000014291	642.390625	6.46081625572	477.0	0.96797448	0.72611019012
10317.000011191	550.285714286	5.98502238107	387.0	0.96659968	0.696241305841
10317.000013764	742.85	5.86221734372	453.0	0.95006726	0.664396843544
10317.000016333	734.470588235	6.09605569112	462.0	0.96657034	0.688683746297
10317.000034126	645.444444444	6.02677266061	441.0	0.95713628	0.686058415241
10317.000006036	525.469879518	6.46383888036	438.0	0.9738399	0.7366376912
10317.000013902	699.718309859	6.1249820017	495.0	0.95646514	0.684257310178
10317.000015295	571.117647059	4.79753116591	352.0	0.88672426	0.567122164016
10317.000006795	751.921348315	6.24851996569	535.0	0.96044546	0.689423765559
10317.000002141	482.341463415	5.08395297953	328.0	0.9123596	0.608306472603
10317.000006017	448.352941176	4.85566460089	313.0	0.88653266	0.585724193218
10317.000014451	464.5	5.31177962025	335.0	0.9341208	0.633258067974
10317.000013984	663.551724138	6.09513432744	410.0	0.9706349	0.702246477619
10317.000015587	505.5	4.88964062536	318.0	0.89475274	0.588200345375
10317.000003508	586.967213115	6.08759448221	432.0	0.95697372	0.695336688302
10317.000036114	434.170212766	5.20286713233	318.0	0.93272102	0.625879993778
10317.000010712	557.846153846	6.36331524607	447.0	0.97295092	0.722764714742
10317.000013986	569.378787879	5.94467134463	409.0	0.96004852	0.685189117703
10317.000014259	639.214285714	5.76746181901	434.0	0.94786614	0.658269485163
10317.000006899	691.710144928	6.50035063018	498.0	0.9755389	0.725485404966
10317.000003879	402.865384615	5.43859667312	317.0	0.9479468	0.654594938097
10317.000003287	626.346153846	6.80768397405	498.0	0.9803369	0.759785993984
10317.000013952	525.516666667	5.95668616891	377.0	0.96246442	0.696002962284
10317.000010169	343.87804878	3.98766145724	244.0	0.85266328	0.502810935164
10317.000001805	517.942857143	6.19192133557	409.0	0.96841048	0.713687413626
10317.000005009	537.307692308	5.85216000982	381.0	0.95805202	0.682575324345
10317.000033803	708.375	5.53899152678	366.0	0.94364384	0.650444664792
10317.000014237	686.982758621	5.98958192237	448.0	0.95387038	0.680065919379
10317.000017185	791.044117647	6.42270364651	527.0	0.97189526	0.710345694169
10317.000035361	382.15	5.49441769496	295.0	0.95011956	0.669677622188
10317.000044399	483.245283019	5.45594390447	353.0	0.92923586	0.644642073898
10317.000005987	491.590909091	6.18015075579	394.0	0.9718036	0.716784227839
10317.000003922	651.012987013	6.12859153042	471.0	0.9682893	0.690189095382
10317.000015542	466.256410256	4.90718783262	304.0	0.9136231	0.594960106599
10317.000017114	315.0	5.02231658434	220.0	0.94575738	0.645429175522
10317.000014222	393.466666667	5.35728985073	290.0	0.94835132	0.654932688343
10317.000001882	643.615384615	6.40434336711	483.0	0.96319364	0.718307538156
10317.000012004	722.083333333	6.4429230206	526.0	0.9646529	0.712797960489
10317.000001732	540.2875	6.36454847549	454.0	0.9667806	0.721068771632
10317.000001151	556.153846154	6.04894390269	417.0	0.96799458	0.694969085037
10317.000002262	545.721311475	6.38216055642	451.0	0.96645342	0.723848521119
10317.000027295	661.602739726	6.04384270101	474.0	0.96208252	0.679943444396
10317.000029188	803.381818182	5.81990338991	470.0	0.94913402	0.655651695923
10317.000014392	574.661290323	5.50310184777	392.0	0.94790566	0.638802925153
10317.000002512	532.132075472	5.34929595896	364.0	0.93159916	0.628752360064
10317.000012242	625.406779661	6.10472960901	446.0	0.96314098	0.693648340332
10317.000031519	579.722222222	5.75248392366	381.0	0.95436954	0.670949456849
10317.000015329	701.611111111	6.32466763836	448.0	0.97053112	0.718112043211
10317.000014318	624.672413793	6.31175318036	432.0	0.97388214	0.720940523656
10317.000013609	549.084745763	4.65681882914	352.0	0.88437164	0.550488382562
10317.000014317	579.5	5.5290848072	397.0	0.92950518	0.64045961812
10317.000029154	590.6	5.82408494767	396.0	0.94973758	0.674915315717
10317.000009529	365.053571429	5.0368908077	287.0	0.93030682	0.616895067259
10317.000011955	584.52173913	5.48299717502	373.0	0.94398794	0.641809288597
10317.000003266	418.32	5.4020615165	340.0	0.93099532	0.642384395912
10317.000016405	700.558823529	6.45835130911	461.0	0.97742478	0.729870777927
10317.000010984	571.076923077	6.09066996307	422.0	0.96919364	0.698383292207
10317.000010843	552.015625	6.08553371921	427.0	0.96398366	0.696437338769
10317.000008955	411.666666667	5.78108890476	320.0	0.96661088	0.694681429452
10317.000027648	440.528301887	4.61716342366	319.0	0.8686487	0.555120160327
10317.000014357	513.014705882	5.4050147011	374.0	0.92525664	0.632395161361
10317.000017093	445.188679245	4.97367308035	330.0	0.90345346	0.594487392786
10317.000014379	553.642857143	5.89567043902	432.0	0.94978014	0.673414756907
10317.000005915	396.642857143	4.54112260766	274.0	0.86833112	0.560768660971
10317.000001363	479.0	5.1339997957	366.0	0.86971354	0.602886420752
10317.000013604	621.8	2.57546792791	209.0	0.55247588	0.334156989934
10317.000014095	566.066666667	5.45744965122	371.0	0.93558854	0.639399364451
10317.000012275	562.31884058	5.7943856492	396.0	0.95925838	0.671473657227
10317.000011389	613.743243243	6.20071490508	444.0	0.9669362	0.705074106037
10317.000002205	380.609756098	3.92950820449	274.0	0.80752854	0.485242360642
10317.000011155	591.766666667	5.62643543193	408.0	0.9327542	0.648773002945
10317.000006929	414.508196721	5.21740603995	325.0	0.93301276	0.625266181536
10317.000013648	398.117647059	5.01096699846	303.0	0.9051633	0.607892907333
10317.000012155	735.413793103	6.91102482329	544.0	0.98286004	0.760501026967
10317.000006654	527.775510204	6.28485233199	394.0	0.97159722	0.728927691876
10317.000002071	532.25	5.4876053096	401.0	0.9309946	0.634591696077
10317.000004159	381.895833333	5.01529241542	311.0	0.8899215	0.605655265028
10317.000002568	317.0	4.82690193289	242.0	0.90566086	0.609544803119
10317.000008957A	655.679245283	6.42440908975	442.0	0.97202258	0.731051470625
10317.000002749	734.846153846	6.34268906229	487.0	0.9667541	0.710444310917
10317.000017661	668.229508197	6.24779237219	441.0	0.9722743	0.711218221592
10317.000002201	271.3125	3.69929775488	198.0	0.81878388	0.484876764726
10317.000001939	422.277777778	4.93064114879	325.0	0.88076838	0.590899604137
10317.000009447	485.178571429	5.17740834935	349.0	0.92517446	0.612922616091
10317.000029245	695.031914894	6.18587428426	512.0	0.96833632	0.687319364917
10317.000014958	499.368421053	5.90450215874	372.0	0.95855422	0.691461804301
10317.000015364	723.217391304	5.90539838853	463.0	0.95631956	0.666909787128
10317.000016484	575.557692308	5.35443136147	372.0	0.94013656	0.627044358808
10317.000010908	604.092307692	5.99855131155	439.0	0.9480717	0.683355958603
10317.000001524	557.3	5.33060838137	411.0	0.92449778	0.613913590525
10317.000014949	451.0	5.28870276336	346.0	0.93343056	0.627022628695
10317.000015933	539.507042254	6.18338092186	414.0	0.96920012	0.711265911146
10317.000014012	594.714285714	5.77507765279	422.0	0.9548788	0.662196075039
10317.000004774	573.018518519	5.42860834265	385.0	0.92617812	0.632062953886
10317.000008954B	653.416666667	5.70525085481	414.0	0.94075644	0.656267258777
10317.000016703	652.987341772	6.30298951496	469.0	0.97035784	0.710320528877
10317.000003365	410.558823529	5.03177189976	282.0	0.91644894	0.618187868338
10317.000017216	735.923076923	6.85922598035	499.0	0.9836501	0.765291260354
10317.000004163	432.615384615	5.3765964674	347.0	0.9414515	0.637128698198
10317.000013697	586.428571429	5.43831726711	400.0	0.92008756	0.62915406593
10317.000017161	497.677966102	4.69648360877	328.0	0.89747386	0.561944886035
10317.000001072	460.051724138	5.11281435061	349.0	0.91521632	0.605275716326
10317.000011956	749.132075472	5.4273610242	421.0	0.94027352	0.622569680361
10317.000007641	480.850746269	6.02637193055	393.0	0.96375292	0.699246039641
10317.000017079	368.5	4.56295292636	253.0	0.91644228	0.571584191277
10317.000009193	418.019607843	4.9653420851	319.0	0.8924988	0.596981575361
10317.000012984	619.835820896	6.09131586189	444.0	0.96562764	0.692634502901
10317.000015581	533.777777778	5.16947080832	351.0	0.93271586	0.611386250778
10317.000014802	476.714285714	5.58237271327	369.0	0.95045568	0.65463356973
10317.000017353	682.035294118	6.61877509579	507.0	0.97683724	0.736578179562
10317.000001059	433.11627907	5.18328186599	318.0	0.9346579	0.623523980052
10317.000017088	622.418181818	5.68365497896	411.0	0.9498892	0.654573134208
10317.000004602	465.375	5.48003139179	324.0	0.94795472	0.657089922468
10317.000014399	525.622641509	5.4898656338	360.0	0.94608836	0.646486175812
10317.000005008	707.666666667	5.67055964705	401.0	0.93841504	0.655748702961
10317.000010104	592.217391304	6.38839340548	443.0	0.97194412	0.726683544199
10317.000010565	641.82	5.54543910518	381.0	0.93360854	0.646800478712
10317.000027194	460.571428571	4.95416118603	323.0	0.91775772	0.594352630797
10317.000015224	612.75	6.67884352173	439.0	0.97686704	0.760854959825
10317.000013933	528.136363636	5.8111417884	352.0	0.95888844	0.6869423444
10317.000018033	522.517857143	5.40251544918	361.0	0.93334996	0.635900145669
10317.000006084	386.029411765	5.42479607643	276.0	0.95404154	0.669023828608
10317.000002059	640.161290323	6.21475717882	435.0	0.96928628	0.709052849717
10317.000003047	461.608695652	5.16966285879	336.0	0.9257323	0.615999443105
10317.000008982	411.65	5.56018034923	307.0	0.95179538	0.672974645449
10317.000010765	489.0	5.24587144012	364.0	0.89522364	0.616595917271
10317.000012072	548.75	5.16673876156	360.0	0.91486836	0.608434778952
10317.000017183	507.549295775	5.91513124097	420.0	0.94705558	0.67878868331
10317.000012228	598.380952381	6.23458717298	421.0	0.97107926	0.715166160157
10317.000011224	637.779661017	5.36962784497	414.0	0.89697426	0.61766099969
10317.000026111	400.731707317	4.4449673687	280.0	0.88527408	0.546784674544
10317.000006637	647.04109589	6.41424030614	496.0	0.97050716	0.716339030752
10317.000012113	348.217391304	4.28823356309	265.0	0.86606604	0.532709843763
10317.000013079	532.153846154	5.51757213989	353.0	0.9487042	0.651923701823
10317.000004162	446.671875	5.86623070217	353.0	0.9644871	0.693119136124
10317.000012906	582.916666667	5.27508267774	384.0	0.94088514	0.614456111753
10317.000012976	723.632653061	6.09332547195	427.0	0.96738332	0.697329038297
10317.000009533	271.965517241	3.87180285251	198.0	0.8193438	0.507487465236
10317.000014309	478.580645161	5.69555214497	371.0	0.94075082	0.66729565171
10317.000002371	538.153846154	5.84639867623	417.0	0.94846902	0.671698465739
10317.000002329	594.5	5.97106663538	464.0	0.93391304	0.67408889663
10317.000010761	584.084507042	6.08350720729	449.0	0.95115234	0.69047815051
10317.000009129	514.050847458	6.01458882897	391.0	0.9581273	0.698475381333
10317.000014323	624.62	5.72564211631	410.0	0.9441175	0.659675700696
10317.000006894	714.551724138	5.9388959611	446.0	0.95398736	0.674805534506
10317.000014241	352.06	4.88759794038	284.0	0.91355382	0.599723877159
10317.000001685	431.923076923	5.01330621063	305.0	0.92271274	0.607477214685
10317.000011302	642.058823529	5.2981150393	405.0	0.91174634	0.61166598584
10317.000012231	387.333333333	5.2914701919	286.0	0.94577008	0.64847470916
10317.000001579	555.083333333	5.79389666731	418.0	0.95326312	0.665402285517
10317.000017662	681.75	6.17475026814	468.0	0.96508674	0.696110077019
10317.000003432	394.0	4.76670836217	280.0	0.87373148	0.586362702865
10317.000011116	660.494505495	6.5165973954	510.0	0.97591538	0.724520938737
10317.000006841	546.227272727	6.24650913754	425.0	0.96602606	0.715414144798
10317.000013563	610.524590164	5.39457811369	437.0	0.87599854	0.615012778895
10317.000017217	776.090909091	6.82605705729	521.0	0.9817222	0.756338116456
10317.000006728	335.434782609	4.44878742357	265.0	0.87287968	0.552654797943
10317.000013286	486.4375	5.41522579325	373.0	0.93383368	0.633876345914
10317.000022964	661.283018868	5.50375612435	406.0	0.9446931	0.635146309036
10317.000002466	563.55	5.50525363595	406.0	0.92124676	0.63531912537
10317.000017644	655.181818182	5.81704863793	421.0	0.95492758	0.667270538115
10317.000017173	497.049180328	5.62454553875	380.0	0.94450856	0.65631742188
10317.000013332	743.011627907	6.96729846	568.0	0.97801068	0.761474428637
10317.000002173	330.448979592	4.79381925782	261.0	0.91177026	0.597144418465
10317.000011329	499.442857143	5.82662692765	394.0	0.95644878	0.675781942589
10317.000007039	451.217391304	6.18583933157	397.0	0.96354588	0.716534550328
10317.000002886	588.603448276	5.89356903245	416.0	0.9603745	0.677387491136
10317.000009126	495.12244898	5.26840381251	359.0	0.91397472	0.620700177137
10317.000022636	444.109090909	5.00827148025	327.0	0.91123996	0.599567035618
10317.000014233	564.0	6.5393825366	431.0	0.97730872	0.747226145746
10317.000023088	560.733333333	5.93001931614	431.0	0.95972732	0.67759692188
10317.000004974	610.304347826	6.26331299119	459.0	0.96546858	0.708331240896
10317.000002414	317.375	3.82910488976	175.0	0.84940354	0.513890269956
10317.000006027	551.053571429	5.76407544966	399.0	0.95368736	0.667119449993
10317.000017098	588.975	6.2851006349	453.0	0.97229968	0.71232449743
10317.000014559	431.4375	5.29251688811	322.0	0.9376304	0.635286243464
10317.000016313	550.8125	5.68689875155	351.0	0.94951516	0.672581746794
10317.000022899	552.166666667	6.00247422181	443.0	0.95720746	0.682785007843
10317.000003837	646.056603774	5.51144242217	400.0	0.94235834	0.637613849787
10317.000010285	444.279069767	4.8557758135	281.0	0.93515942	0.59694139726
10317.000005848	415.693548387	4.70184679825	319.0	0.8680519	0.565301616811
10317.000005907	531.411764706	5.70996556129	377.0	0.94639008	0.667175142774
10317.000014132	763.512820513	6.17995711331	516.0	0.95068202	0.68580637666
10317.000003382	684.492537313	6.24778158587	485.0	0.96225812	0.700279418781
10317.000003221	360.243243243	4.42366619481	252.0	0.85952282	0.554533153811
10317.000014607	441.527777778	3.91242390165	284.0	0.78435464	0.480066908124
10317.000017125	741.742574257	6.89408360169	591.0	0.97642392	0.748786019218
10317.000013826	586.373333333	5.12425882561	421.0	0.8934428	0.587800989269
10317.000004872	428.071428571	5.44876167317	303.0	0.94367834	0.661002871479
10317.000014293	542.517241379	5.58675122279	365.0	0.9556619	0.656357327338
10317.000016721	667.381818182	6.6618367426	439.0	0.98173664	0.758917544731
10317.000016763	609.548387097	6.27698807149	422.0	0.969627	0.719747354739
10317.000012173	441.4	5.26308007993	286.0	0.94650054	0.644995473912
10317.000012951	537.0	5.80839656861	408.0	0.94493266	0.669754577246
10317.000004705	613.478873239	5.36110791064	441.0	0.87908418	0.610282385654
10317.000007651	387.918367347	4.16141017115	270.0	0.8677749	0.515229067835
10317.000001827	474.878378378	5.24162701042	380.0	0.89908134	0.611635393871
10317.000014666	694.347826087	6.51388819467	503.0	0.97072912	0.725828757908
10317.000017146	428.166666667	5.00442771872	344.0	0.89707454	0.593908198283
10317.000004161	470.0	5.91160152894	361.0	0.96121616	0.695821846092
10317.000023299	422.620689655	5.05614915833	323.0	0.92692848	0.606588167222
10317.000013733	472.850746269	5.64804099524	385.0	0.94088852	0.65761190526
10317.000012034	328.486486486	4.82382390388	232.0	0.93078616	0.613875740711
10317.000014391	825.323076923	6.48232434642	513.0	0.97233078	0.720033049128
10317.000014646	585.35443038	5.56010460851	442.0	0.93257058	0.632699847424
10317.000001793	552.507042254	5.89297488532	427.0	0.95178082	0.674400625472
10317.000013214	425.886363636	4.75441159148	297.0	0.8983897	0.578795578983
10317.000023154	600.058823529	5.4976660678	378.0	0.94366204	0.642082505425
10317.000009222	473.111111111	5.8361918051	358.0	0.96272698	0.687920619486
10317.000027198	405.454545455	4.58130427837	273.0	0.88917374	0.566099315547
10317.000007734	570.064516129	5.97737370199	422.0	0.9611063	0.685392239287
10317.000006818	314.730769231	3.74524337383	208.0	0.78827624	0.486367468731
10317.000026639	789.8	6.09738102377	514.0	0.95104108	0.677063649552
10317.000005041	373.65	4.80063577914	269.0	0.9267815	0.594766544587
10317.000013312	468.47826087	5.50773896219	380.0	0.93340614	0.642687486687
10317.000001285	650.878787879	6.07645394317	477.0	0.94794504	0.682912956087
10317.000017215	733.873239437	6.76685441861	512.0	0.98206136	0.751872713178
10317.000016698	649.202702703	6.60151423116	490.0	0.9761636	0.738702213989
10317.000014979	594.388888889	6.04931414658	409.0	0.9676782	0.697250357927
10317.000014538	461.1	4.31363313684	334.0	0.82968128	0.514525916749
10317.000004278	374.848484848	4.29068106435	248.0	0.84621894	0.539423581833
10317.000009556	438.06	5.69348657609	343.0	0.95219582	0.676020279369
10317.000022663	570.617021277	5.87826923643	442.0	0.95165328	0.668904689908
10317.000001141	435.471698113	5.39394280258	353.0	0.93670228	0.637316390276
10317.000002359	413.705882353	5.53264095636	328.0	0.95072424	0.661993003848
10317.000014236	478.41025641	5.62935662826	333.0	0.94782124	0.671810769446
10317.000001799	432.516666667	5.08615440443	338.0	0.89831378	0.605431186461
10317.000023213	561.766666667	5.64913408986	378.0	0.95001674	0.659772733586
10317.000013652	627.898305085	5.8291364447	415.0	0.95392548	0.670249305532
10317.000010205	485.053571429	5.35454618117	333.0	0.93426646	0.639014727179
10317.000005989	573.943181818	5.93415233501	433.0	0.96439378	0.677552077576
10317.000011072	382.15625	3.89488699342	218.0	0.88279488	0.501389620866
10317.000013178	321.15	3.61232723769	234.0	0.70098582	0.458978378562
10317.000003423	332.25862069	4.33264925352	275.0	0.8259656	0.534677942579
10317.000013306	547.081081081	5.61274682503	406.0	0.94089154	0.647724090408
10317.000002489	488.442307692	5.67838708206	337.0	0.96501208	0.676271806288
10317.000004759	340.333333333	3.96951485398	261.0	0.8460276	0.494464541025
10317.000002687	435.942857143	4.91899653876	339.0	0.88528418	0.585236615033
10317.000004158	476.916666667	5.27422033984	371.0	0.9262759	0.617932065119
10317.000004157	442.8	5.32219777996	354.0	0.9265354	0.628536337514
10317.000001321	475.47761194	5.90695912749	386.0	0.9579364	0.687458674727
10317.000003022	450.561643836	6.03201723949	380.0	0.9665433	0.703864512446
10317.000003757	424.794117647	5.69730978085	352.0	0.95655344	0.673486120308
10317.000002087	494.614285714	5.56464846066	396.0	0.93167318	0.644850909014
10317.000009214	516.810344828	4.8960478617	370.0	0.88160024	0.573886876863
10317.000013829	483.828947368	5.46856986034	393.0	0.92657904	0.634523700397
10317.000016757	573.333333333	5.70982036421	387.0	0.94652166	0.664226887282
10317.000014593	486.285714286	6.07168402327	407.0	0.95874508	0.700399651661
10317.000006047	414.131147541	5.42465204108	347.0	0.9347808	0.642823301706
10317.000010098	604.246153846	5.5021125334	423.0	0.92318122	0.630649756082
10317.000009117	501.230769231	5.99520072408	382.0	0.9635154	0.698950797993
10317.000026135	562.089552239	6.10194549681	421.0	0.96702928	0.699950904425
10317.000009624	577.115384615	5.84519179261	390.0	0.95965816	0.679094629757
10317.000009075	566.082191781	5.81763045093	413.0	0.96174002	0.66946280886
10317.000001765	605.040540541	6.30479101545	452.0	0.97394738	0.714814409358
10317.000016353	649.342465753	5.80597944592	464.0	0.94494134	0.655451784002
10317.000008949A	516.048387097	5.99327846925	397.0	0.95894384	0.694229329727
10317.000005571	285.076923077	3.33399677328	184.0	0.71498922	0.443140734769
10317.000006626	546.266666667	5.61367205481	391.0	0.95054376	0.651916837653
10317.000014608	515.02	5.14849135004	355.0	0.90082318	0.607730020302
10317.000015264	560.956521739	5.39960216551	399.0	0.93274054	0.624936237962
10317.000007732	464.375	5.2808179037	323.0	0.93832322	0.633541763371
10317.000027644	562.211267606	5.72116821266	431.0	0.92592958	0.65373243556
10317.000007697	636.5	6.29604613579	466.0	0.96854994	0.7102790976
10317.000004881	396.487179487	5.12510660496	282.0	0.9279669	0.629654680346
10317.000004642	332.02173913	3.17287296241	237.0	0.75064268	0.402202589475
10317.000001353	496.338709677	5.70509723865	385.0	0.95270216	0.664255069672
10317.000028759	395.020408163	5.26321880616	294.0	0.94186872	0.641881600242
10317.000004631	498.78313253	6.30674406694	433.0	0.9678513	0.72009400906
10317.000009433	350.571428571	4.98180342718	267.0	0.9283305	0.618036391572
10317.000009061	558.04	6.40536424459	458.0	0.96765952	0.724653984471
10317.000013995	749.358208955	6.41667290308	487.0	0.97426348	0.71873123753
10317.000015155	550.0	5.52721003403	370.0	0.9511256	0.647868116038
10317.000022965	740.015384615	6.08760116211	481.0	0.96050628	0.683240652258
10317.000016701	717.05	6.53516059151	497.0	0.97435326	0.729606580475
10317.000022638	423.923076923	4.47319821031	273.0	0.87296262	0.5527409426
10317.000013972	500.154929577	5.81991250605	391.0	0.9564436	0.675867581739
10317.000017163	622.838235294	5.49239465519	419.0	0.94193212	0.630526541601
10317.000001026	627.405797101	6.58086516662	474.0	0.97432246	0.740359461664
10317.000010919	520.15625	5.07595616158	383.0	0.88522724	0.591520511975
10317.000014311	541.014084507	5.43613861015	396.0	0.94101246	0.629958738465
10317.000005039	400.105263158	5.14075415734	315.0	0.92538886	0.619427076169
10317.000004249	615.5	5.57355788898	360.0	0.94842548	0.656341769665
10317.000017176	402.06	5.14750835103	297.0	0.92713464	0.626650642047
10317.000002258	503.638297872	5.11843254749	344.0	0.91525462	0.607437897632
10317.000013118	652.283018868	6.29729248005	430.0	0.97040824	0.719839238609
10317.000013431	685.109589041	6.60722125238	486.0	0.97808896	0.74032045488
10317.000014197	754.518518519	6.5268966455	521.0	0.9741219	0.723190660983
10317.000015541	485.136363636	4.64616505497	309.0	0.89328778	0.561710188306
10317.000022661	660.6875	5.99192631679	479.0	0.95532974	0.672956629547
10317.000014258	599.088235294	6.33679055119	456.0	0.97178624	0.717408519865
10317.000014324	498.875	5.33657009813	356.0	0.9388064	0.629629298938
10317.000002369	599.181818182	3.9964898438	365.0	0.76308826	0.469526078396
10317.000002372	451.442622951	5.19206706866	367.0	0.88742466	0.60942356159
10317.000013056	642.679012346	5.89635488751	446.0	0.95734646	0.6699718159
10317.000013852	615.904761905	5.88505365476	424.0	0.96020926	0.674279020461
10317.000012017	671.714285714	5.90254259544	441.0	0.95338554	0.671916670324
10317.000021237	340.848484848	2.28970304157	214.0	0.46616782	0.295771207911
10317.000016489	390.837209302	4.21778852642	287.0	0.81399802	0.516575211977
10317.000012355	565.151515152	6.10371261793	424.0	0.96541922	0.699331833935
10317.000018409	751.622641509	5.6500998308	427.0	0.9383207	0.646605650631
10317.000004077	322.615384615	4.60991642136	198.0	0.92519592	0.604233967675
10317.000004294	513.1	6.04020801138	400.0	0.96127242	0.698786268393
10317.000022993	706.369863014	6.33267455567	493.0	0.97052324	0.707921783592
10317.000008963	282.692307692	3.96585972104	226.0	0.81392638	0.507131581016
10317.000013372	404.058823529	4.84179895445	307.0	0.91635346	0.586025583713
10317.000016407	723.368421053	5.9839196363	428.0	0.96018198	0.684544098331
10317.000006657	502.06	5.66681100107	352.0	0.95440772	0.669880821376
10317.000005805	567.5	5.93056570507	440.0	0.95256556	0.675358475059
10317.000012988	311.375	3.89157744968	220.0	0.82314974	0.50011535168
10317.000011093	731.851851852	6.66806244466	524.0	0.97788836	0.738154567048
10317.000004979	567.381818182	5.59602061171	398.0	0.92532698	0.647940701092
10317.000014188	488.671641791	5.67879633159	373.0	0.93943066	0.664728453677
10317.000011223	838.285714286	6.77273477098	582.0	0.97606334	0.737379062658
10317.000013608	391.0625	5.08857671921	300.0	0.91664234	0.618384838773
10317.000009594	484.318181818	4.95040641344	365.0	0.896734	0.581596601172
10317.000022994	756.048192771	6.63079295439	542.0	0.97906806	0.730090744404
10317.000002494	370.428571429	4.49951907345	285.0	0.834705	0.551762039727
10317.000005887	458.047619048	5.10277356601	354.0	0.91652012	0.602622965351
10317.000028817	604.428571429	5.90010454725	418.0	0.95231142	0.677599770234
10317.000027879	659.5	5.94185267991	466.0	0.94651708	0.670321288717
10317.000002325	619.721311475	4.55956467526	387.0	0.86238752	0.530416941064
10317.000026127	547.082191781	5.65868419036	408.0	0.95184434	0.652491542703
10317.000031851	720.5	5.66123901239	437.0	0.9345093	0.645413647485
10317.000036428	447.054545455	5.50225912961	342.0	0.94471902	0.653641664532
10317.000026648	341.275862069	4.6066459024	243.0	0.85904376	0.581293992798
10317.000027761	762.718309859	6.65621980059	523.0	0.97535704	0.7370684469
10317.000030744	460.471698113	5.37053902873	328.0	0.93684864	0.642597141574
10317.000021239	430.558139535	5.05608384902	286.0	0.93673508	0.619627888767
10317.000036165	619.548387097	6.10946046814	432.0	0.96718044	0.697834263048
10317.000027762	409.285714286	4.64176603597	243.0	0.8849075	0.585725660243
10317.000023342	554.0	5.31283627171	367.0	0.93252466	0.623598955875
10317.000029227	527.773584906	5.56166595012	352.0	0.95225858	0.657451493297
10317.000030751	385.288135593	4.5617873829	308.0	0.86882392	0.551821117001
10317.000026658	770.777777778	6.27030659788	459.0	0.97166864	0.709122162587
10317.000036106	360.636363636	3.94359704202	231.0	0.85361282	0.502257143117
10317.000030756	442.130434783	4.28938194806	307.0	0.84358648	0.519163968501
10317.000038402	514.558441558	5.62144239864	390.0	0.95540808	0.653099415699
10317.000033785	958.064516129	6.47909542799	537.0	0.97269066	0.714439721579
10317.000028955	782.0	6.52275440115	544.0	0.97277874	0.717775083661
10317.000035491	656.720588235	6.13530641178	472.0	0.95804114	0.690707301608
10317.000036399	344.065217391	4.14004885406	247.0	0.8778305	0.520867837813
10317.000002326	511.942307692	5.16638121296	338.0	0.91377508	0.614980997186
10317.000036934	395.052631579	4.50424466226	243.0	0.89915448	0.568372394956
10317.000036101	600.037735849	5.70681487483	392.0	0.95109084	0.662450039304
10317.000043083	603.333333333	4.9502015869	450.0	0.87476022	0.561643349149
10317.000036085	514.882352941	4.89081240137	353.0	0.8945974	0.577869476788
10317.000036124	408.5	3.44638010193	276.0	0.67361574	0.425031720666
10317.000033728	501.474576271	5.04566975001	368.0	0.89769598	0.591967275656
10317.000036081	426.93220339	5.52818836107	329.0	0.9415751	0.661112835802
10317.000037612	468.777777778	4.5642640656	293.0	0.87033288	0.556973702415
10317.000028718	501.2	5.0227632951	298.0	0.93141988	0.611103578494
10317.000030771	261.263157895	3.60429830084	194.0	0.80654638	0.474255215248
10317.000034241	534.472727273	5.85953529889	389.0	0.95899956	0.681054135075
10317.000009144	298.620689655	4.38885027641	208.0	0.88920236	0.569948007784
10317.000004765	443.898305085	5.94625946482	360.0	0.96492782	0.700231079997
10317.000006675	695.467532468	6.65350440904	500.0	0.97727994	0.742099541746
10317.000031829	467.103448276	3.86883138736	245.0	0.77072634	0.487464769981
10317.000033666	449.169491525	4.96425882563	322.0	0.92354196	0.595883850272
10317.000031926	1076.4057971	5.7281080305	494.0	0.96548994	0.640128850577
10317.000027821	509.447368421	5.09190142815	312.0	0.92413622	0.614562973969
10317.000013063	445.833333333	4.89024279532	318.0	0.90321476	0.588272783536
10317.000014234	436.794117647	4.85813482312	270.0	0.91346674	0.601491363118
10317.000022526	485.888888889	5.06767118209	333.0	0.93028934	0.604778894101
10317.000033713	497.214285714	3.75876186098	259.0	0.74154998	0.468860140606
10317.000014018	589.840909091	5.7986935368	375.0	0.95843494	0.678150538466
10317.000010207	528.357142857	5.54243858027	362.0	0.95011874	0.652063420196
10317.000006777	359.568965517	5.3424829867	313.0	0.93928196	0.644447628569
10317.000014678	389.090909091	2.22383938343	214.0	0.5772209	0.287263303885
10317.000002711	277.090909091	3.39736129509	193.0	0.73265804	0.447465330184
10317.000013755	456.636363636	4.87489521261	288.0	0.9122415	0.59668787801
10317.000016381	444.757575758	4.01275670322	253.0	0.82895528	0.502663150819
10317.000001221	449.549019608	5.52640469872	362.0	0.93379688	0.650177046988
10317.000009497	413.372093023	4.38944646157	279.0	0.8890671	0.540297995695
10317.000002161	475.981132075	5.40918072498	339.0	0.95133622	0.64355617912
10317.000023343	334.193548387	4.14940605228	205.0	0.89417284	0.540323823816
10317.000036151	581.875	6.04653750957	421.0	0.96398784	0.693595083843
10317.000038424	634.651515152	5.66827455309	417.0	0.93932112	0.651233610904
10317.000036191	521.322033898	5.56445196743	377.0	0.94687346	0.65017275428
10317.000005799	144.157894737	1.83527036999	111.0	0.42292038	0.270114518465
10317.000016723	514.222222222	5.59670142846	342.0	0.95048808	0.664860951004
10317.000004927	276.097560976	3.50728673027	212.0	0.8021882	0.45384612211
10317.000016717	602.318181818	6.05115566712	378.0	0.9680457	0.706725571096
10317.000002382	585.488372093	6.26340518691	459.0	0.96787014	0.708341667504
10317.000001575	464.181818182	5.37023561123	370.0	0.92355598	0.629468467222
10317.000012154	420.523809524	4.97670010363	293.0	0.9265516	0.607302961154
10317.000006034	607.365384615	5.67937409917	401.0	0.9512516	0.656768014263
10317.000001782	578.202531646	5.80015598863	462.0	0.94567916	0.655255358177
10317.000014556	422.0	3.64919188223	232.0	0.78952938	0.464393065407
10317.000010979	475.654545455	4.86953275577	337.0	0.9034313	0.579940688251
10317.000005228	200.0	0.910329342588	98.0	0.20231988	0.137621961362
10317.000002067	369.068181818	4.54618762031	286.0	0.87066002	0.55713962055
10317.000012156	622.217391304	5.97652613528	447.0	0.96222416	0.678832030203
10317.000008991	429.117647059	5.26898606363	320.0	0.93882026	0.633144867818
10317.000001405	344.022727273	4.98405588547	259.0	0.9347026	0.62170077001
10317.000010776	481.222222222	6.44028179902	395.0	0.97329904	0.746637976797
10317.000013965	543.692307692	5.22511749865	322.0	0.93489774	0.627195970755
10317.000003281	229.125	4.56497063145	192.0	0.9175147	0.601844851707
10317.000002272	518.518518519	4.70275161028	346.0	0.89284244	0.557552921524
10317.000002126	420.388888889	4.88840003589	325.0	0.90240276	0.585837330056
10317.000012202	414.283018868	4.88268892596	297.0	0.92750104	0.594411886628
10317.000001794	445.5	4.97222777723	333.0	0.90131616	0.593388621376
10317.000002276	527.0	5.1717493065	402.0	0.86949262	0.597817408925
10317.000009198	457.019230769	5.20466985401	356.0	0.9053952	0.614067195058
10317.000014594	337.206896552	3.71031740584	217.0	0.74227804	0.478038125978
10317.000016737	704.283783784	6.08457025577	489.0	0.95831806	0.681081368359
10317.000015605	545.565217391	5.49712870145	346.0	0.949986	0.651733372602
10317.000009219	543.147540984	4.78853172936	372.0	0.86336812	0.560773237187
10317.000007005	250.756756757	3.53168769047	191.0	0.77282148	0.466079955434
10317.000006703	304.583333333	2.96385176157	219.0	0.675807	0.38121323952
10317.000017746	324.384615385	4.92863061034	235.0	0.93166338	0.625737320668
10317.000026105	316.714285714	4.24274464702	201.0	0.89228902	0.554530908727
10317.000001301	289.512195122	3.30146552102	220.0	0.6915431	0.424278743377
10317.000009097	339.088235294	3.96332170511	239.0	0.79442026	0.501631251536
10317.000016414	417.763157895	4.52255743252	260.0	0.90390708	0.563743465511
10317.000003732	367.477272727	5.22067641319	292.0	0.93499918	0.637458882746
10317.000013814	331.394736842	4.10626416096	226.0	0.8756634	0.525085702091
10317.000018426	303.052631579	5.01843838518	250.0	0.92903406	0.629999282662
10317.000002132	565.28	4.97871513584	428.0	0.85557816	0.569551442977
10317.000003225	260.634146341	4.0550636541	216.0	0.85733822	0.522904252702
10317.000009392	240.193548387	2.74419285708	171.0	0.65486612	0.369944381014
10317.000009149	384.818181818	5.32586252288	312.0	0.93779522	0.64280072134
10317.000013912	308.0	4.08158225681	203.0	0.84055156	0.532472718862
10317.000007677	351.0	4.86422207003	264.0	0.92562714	0.604672272126
10317.000017208	384.583333333	5.32649696733	303.0	0.9463056	0.646170635001
10317.000013117	527.454545455	3.87857263734	348.0	0.70877948	0.459386307541
10317.000005026	276.105263158	3.79224743256	170.0	0.84938772	0.511816351067
10317.000009033	407.96875	5.63999422582	280.0	0.9531392	0.693787412009
10317.000013524	797.516129032	6.3140011291	514.0	0.9644978	0.701117517682
10317.000002274	214.675675676	3.88204516788	176.0	0.84014792	0.520421040952
10317.000008999	408.576923077	3.12001631362	222.0	0.67160824	0.400288663976
10317.000016761	419.080645161	5.10565895103	336.0	0.91706884	0.608372955147
10317.000004025	149.681818182	2.95687462174	116.0	0.76541406	0.431158182538
10317.000001128	366.87804878	5.45170320058	301.0	0.94118758	0.662127158481
10317.000003559	453.875	5.64175851937	355.0	0.95750316	0.665955478296
10317.000017117	241.117647059	3.02621927789	137.0	0.71988656	0.426346238298
10317.000014561	639.8125	6.02444860578	407.0	0.95476686	0.694950805866
10317.000002056	463.0	6.07025384213	358.0	0.9641657	0.715509860362
10317.000002243	374.8	4.90512069564	267.0	0.9080293	0.608523226432
10317.000003189	473.75	4.84048561022	325.0	0.89671432	0.580095152861
10317.000016315	392.756756757	3.2197247946	248.0	0.66814846	0.404783169657
10317.000011315	472.4375	5.61906180942	359.0	0.95031058	0.662013160831
10317.000013913	398.125	3.39375761219	216.0	0.75152696	0.437628219782
10317.000013498	385.5	4.06814507565	248.0	0.86841428	0.511446400982
10317.000002589	527.2	5.59523505221	370.0	0.9589255	0.655841621678
10317.000004086	566.642857143	6.57027958574	445.0	0.9750056	0.746821137234
10317.000013551	456.794117647	3.23063733661	264.0	0.68808616	0.401601076311
10317.000006766	390.918032787	5.63664011875	331.0	0.94907236	0.673378403088
10317.000011962	367.0	3.38834593611	257.0	0.72520332	0.423245671252
10317.000002199	240.1875	4.09194741912	183.0	0.87908984	0.544453278759
10317.000010556	432.468085106	4.01204554044	293.0	0.77814266	0.489586892169
10317.000028914	504.428571429	4.68254684911	283.0	0.91534184	0.574922447265
10317.000038479	298.09375	4.67668675411	229.0	0.91151154	0.596576754544
10317.000042999	514.25	6.08899103351	363.0	0.97087914	0.716029610803
10317.000041554	689.333333333	6.27328888811	456.0	0.9716816	0.71021929154
10317.000037489	495.103448276	5.94442033712	372.0	0.966814	0.696136524523
10317.000031493	356.109090909	5.22677086471	307.0	0.92349852	0.632620535413
10317.000039813	364.0	4.75447462423	269.0	0.88871508	0.589047487391
10317.000009455	343.714285714	5.1151271406	228.0	0.93946656	0.653031911765
10317.000023819	433.5	4.70425436717	297.0	0.86450906	0.572689506944
10317.000008950B	343.0	3.7483905689	241.0	0.7884424	0.473706936825
10317.000001067	155.0	2.02442383145	95.0	0.63933458	0.308138253279
10317.000009526	305.914893617	5.39043559952	250.0	0.95209328	0.676698666056
10317.000010876	275.555555556	5.06474661141	210.0	0.94019924	0.656544648445
10317.000001622	306.6	4.35092113267	223.0	0.89271164	0.557746053467
10317.000002271	374.37037037	3.46942288199	209.0	0.78189004	0.450144183311
10317.000002465	470.654545455	6.06936257721	377.0	0.96704416	0.70916852309
10317.000001747	251.675675676	4.33481287347	213.0	0.86925338	0.560436407611
10317.000002038	325.428571429	3.79770574997	211.0	0.83998232	0.49186076453
10317.000023378	442.0	4.60035506594	283.0	0.86638678	0.564830951623
10317.000010178	300.333333333	4.77559320924	257.0	0.89715976	0.59652974979
10317.000011259	321.56	3.74781137746	245.0	0.74765746	0.472216498506
10317.000005025	293.25	4.27777783759	222.0	0.87442726	0.548825968609
10317.000001225	201.5625	2.36658200035	125.0	0.63265036	0.33974379677
10317.000015394	354.434782609	3.55391178187	188.0	0.83582584	0.470430866807
10317.000042586	630.28125	6.33353685363	458.0	0.97069726	0.716527982097
10317.000001208	246.777777778	4.15253808072	179.0	0.89876482	0.554869094097
