	chao1	shannon	observed_otus	simpson	equitability
10317.000002503	480.956521739	5.44141509995	365.0	0.93036972	0.639282568619
10317.000013618	784.285714286	6.61772376336	470.0	0.97967292	0.745531586679
10317.000031796	1012.0	6.47191039255	598.0	0.96641268	0.70163803316
10317.000026504	713.359375	6.08494772564	456.0	0.9636724	0.688896580381
10317.000007104	736.75	5.81593369761	420.0	0.95757488	0.667405306152
10317.000007077	630.733333333	5.84525598693	389.0	0.96097388	0.679394449799
10317.000016408	781.825	6.42783964743	523.0	0.97208042	0.711779046935
10317.000005802	396.234042553	4.48875838179	271.0	0.88930438	0.555391685903
10317.000006952	400.659574468	5.8494146588	330.0	0.96591738	0.69916201038
10317.000013023	609.35	5.96875044825	400.0	0.96727822	0.690519406756
10317.000002645	500.0	4.8408922776	345.0	0.89315746	0.574214995925
10317.000002027	540.737704918	5.8162195561	399.0	0.95729356	0.67315447641
10317.000027353	999.725274725	6.54326538471	624.0	0.95985196	0.704683031545
10317.000023798	690.526315789	6.05309106333	469.0	0.95117986	0.682158019657
10317.000041962	811.131578947	6.53418610841	536.0	0.97447816	0.720728196154
10317.000040352	499.018518519	4.31318357784	334.0	0.78512482	0.514472293793
10317.000028811	578.109090909	5.00236253301	383.0	0.91113986	0.58294436603
10317.000027772	923.64516129	7.06770356285	628.0	0.98186426	0.760407955719
10317.000027617	690.052631579	5.5004933919	426.0	0.93521554	0.629728248683
10317.000039952	155.625	4.44626622759	141.0	0.899776	0.622765494375
10317.000026028	623.720588235	6.07233728997	439.0	0.96700754	0.691761669482
10317.000001441	484.518518519	5.07602397526	361.0	0.89557644	0.59747064412
10317.000016347	764.638297872	6.20039170701	459.0	0.95575096	0.701215340515
10317.000001595	555.22972973	6.30929637382	433.0	0.97069966	0.720385427402
10317.000002146	664.169491525	5.82914302061	412.0	0.95880516	0.671057694911
10317.000012158	780.0125	6.62421433058	546.0	0.97383526	0.728515479729
10317.000014313	429.555555556	4.08305184906	235.0	0.85412464	0.518382919349
10317.000007749	384.227272727	5.5682106433	305.0	0.94371958	0.674716634144
10317.000017335	713.114285714	5.97626921339	462.0	0.96672092	0.675151225529
10317.000002578	494.888888889	5.96725947344	382.0	0.96511216	0.695693265788
10317.000007719	489.882352941	5.07292795322	328.0	0.92929608	0.606987303269
10317.000006716	545.278481013	5.95377866341	444.0	0.95457134	0.676995351811
10317.000006802	544.0	5.75976421841	407.0	0.94168426	0.66441811477
10317.000002898	521.615384615	5.77803218144	382.0	0.95704046	0.673632191801
10317.000001647	622.519230769	5.76462586929	393.0	0.95154954	0.668875379011
10317.000002878	408.234042553	5.63765946095	341.0	0.92949896	0.670062844293
10317.000017667	692.166666667	5.94797211625	423.0	0.96332038	0.681753988404
10317.000009213	462.904761905	5.68655472524	366.0	0.95072328	0.667773034892
10317.000031434	572.0	5.21954485937	385.0	0.92025248	0.607721304157
10317.000027217	560.82	4.74707431536	369.0	0.83546894	0.556679814203
10317.000001546	582.571428571	6.35548947948	386.0	0.97613884	0.739659151267
10317.000009074	549.4375	6.00838621735	406.0	0.96829506	0.693381800171
10317.000027277	697.47826087	5.47912669134	464.0	0.92210186	0.618552545366
10317.000001333	237.09375	4.30141086471	178.0	0.9075923	0.575383125205
10317.000023984	720.838709677	5.80446081211	461.0	0.94833436	0.655973347625
10317.000028933	678.940298507	6.16165156551	462.0	0.9643295	0.696094244954
10317.000015568	639.630769231	6.06156881954	439.0	0.96637266	0.690534923548
10317.000006944	621.031914894	2.95480200543	438.0	0.55480982	0.336737744787
10317.000002028	542.762711864	5.5853684056	405.0	0.91223396	0.644829311321
10317.000003896	515.652173913	5.89314616186	396.0	0.9558553	0.682918370548
10317.000011025	772.25	6.31564020355	452.0	0.9731047	0.716044451078
10317.000017293	882.084745763	5.96340516946	503.0	0.95547314	0.664489600941
10317.000031284	377.03030303	3.66660533843	224.0	0.8040857	0.469634770679
10317.000020034	616.341463415	5.9597719275	467.0	0.95763996	0.672108332494
10317.000031847	712.962264151	5.45400521929	409.0	0.93419098	0.628634420223
10317.000013935	602.289156627	6.18375368492	473.0	0.96547828	0.695922235591
10317.000014019	676.563380282	6.29560640009	486.0	0.9685221	0.705404891985
10317.000023052	471.654545455	5.3903853143	344.0	0.9400285	0.639712312777
10317.000015385	690.014285714	6.44494884161	475.0	0.97410472	0.724820694781
10317.000017354	881.0	6.70482680238	551.0	0.9758424	0.736316073906
10317.000023475	724.134328358	6.50614375886	481.0	0.97631248	0.730215693689
10317.000003475	625.21875	5.9156086947	471.0	0.9433332	0.666203416129
10317.000017269	568.015873016	5.6422288064	400.0	0.93677664	0.652744409732
10317.000014801	635.775510204	5.62379727205	363.0	0.9540334	0.661325554558
10317.000009716	632.164835165	6.59314789856	511.0	0.97683518	0.732801642173
10317.000013155	560.129032258	5.78937142385	454.0	0.94374384	0.6559043359
10317.000015604	645.523809524	5.69544206053	383.0	0.95387762	0.663711564151
10317.000009236	504.914893617	5.62951017081	363.0	0.93624886	0.661997357925
10317.000041289	591.763888889	5.60182253194	426.0	0.9403235	0.641328993808
10317.000030735	630.507042254	6.22334766071	471.0	0.96332922	0.700860331591
10317.000022541	645.188679245	5.18993834869	393.0	0.9044773	0.602193803855
10317.000034132	397.405405405	3.48287791146	247.0	0.77186966	0.438187845376
10317.000026633	690.444444444	5.88529457379	446.0	0.95492614	0.668715090583
10317.000028715	489.052631579	4.7991919649	244.0	0.91082658	0.605138180806
10317.000026126	473.6	4.41156018099	273.0	0.89257442	0.545124498879
10317.000033665	662.163265306	4.86149744974	369.0	0.89171518	0.570097983998
10317.000028755	745.358208955	6.13835892836	483.0	0.96065536	0.688474873598
10317.000016485	538.357142857	4.45656837494	323.0	0.84913726	0.534656229079
10317.000001001	443.958333333	4.50982690637	305.0	0.8648817	0.546469130887
10317.000002334	540.048387097	5.89627239547	411.0	0.95762352	0.67905978043
10317.000006797	364.145833333	4.75657861507	288.0	0.89599818	0.582205909384
10317.000013156	697.514285714	6.55219721242	475.0	0.97633312	0.736882208465
10317.000001529	558.014925373	6.11285078239	427.0	0.96752778	0.69956354325
10317.000002418b	800.159090909	6.44288265318	546.0	0.97130562	0.708573049222
10317.000005849	505.625	4.25810504358	296.0	0.83035086	0.518683139294
10317.000011341	587.75	5.71070024314	399.0	0.9570398	0.660941939181
10317.000013355	675.117647059	6.26889365244	496.0	0.96442926	0.700106791848
10317.000006794	734.625	5.32986798373	399.0	0.92322158	0.616865380909
10317.000028723	783.595744681	5.60175058294	437.0	0.94295288	0.638631626068
10317.000002774	431.737704918	4.58998368523	328.0	0.84971456	0.549201929308
10317.000001531	518.971014493	6.25633238545	412.0	0.9677049	0.720236229293
10317.000018027	764.647058824	6.43441764376	495.0	0.9750225	0.718826162797
10317.000001948	398.441860465	5.02706693499	281.0	0.92798056	0.617998951259
10317.000001032	441.115384615	5.54810366811	330.0	0.95460286	0.663147261848
10317.000016697	996.90625	7.0607811198	589.0	0.98492422	0.767299077363
10317.000011162	593.482758621	4.13484797427	393.0	0.74540216	0.479770598935
10317.000005999	441.923076923	4.95130277789	348.0	0.91193642	0.58644272348
10317.000001362	585.835294118	6.57891866607	473.0	0.97673744	0.740394268457
10317.000010947	408.2	5.71619094832	299.0	0.96267538	0.695061987432
10317.000002851	490.05	5.42630226325	365.0	0.93481618	0.637507042788
10317.000035452	583.346938776	6.48849147244	396.0	0.9748263	0.751909065543
10317.000005928	746.048780488	6.15220833298	513.0	0.95081264	0.683364961105
10317.000027807	764.842105263	6.3628511328	503.0	0.97077068	0.708999018167
10317.000031313	988.5	6.4897127619	600.0	0.96948204	0.703200808201
10317.000014458	634.166666667	5.47182453623	350.0	0.94704826	0.647460401098
10317.000016759	639.088235294	6.10721709786	459.0	0.95999726	0.690678027976
10317.000014308	602.590909091	6.10746536225	440.0	0.95775004	0.695503380056
10317.000010546	441.976744186	4.52281382508	300.0	0.8810623	0.549630997497
10317.000015305	759.890625	6.71425754644	522.0	0.97542536	0.743722580739
10317.000014295	516.153846154	5.07530950346	337.0	0.9164173	0.604447825726
10317.000011055	725.585714286	6.18406670263	498.0	0.95359042	0.690185867092
10317.000002818	472.02173913	3.75197019575	332.0	0.68622136	0.447994332027
10317.000009667	541.684210526	4.74832755402	335.0	0.90871518	0.566084617197
10317.000012254	551.390625	5.28922266174	386.0	0.92081994	0.615565796698
10317.000026037	618.411764706	6.26343285532	467.0	0.96458952	0.706353441589
10317.000007037	413.882352941	5.71508475663	355.0	0.92516928	0.67461093727
10317.000015594	716.135135135	6.58855835621	496.0	0.97854772	0.735806780176
10317.000004286	521.58490566	5.52187331101	373.0	0.94430276	0.646359913809
10317.000001351	535.595744681	5.03320000457	346.0	0.90581844	0.596730510075
10317.000010115	557.508474576	5.56015081577	383.0	0.93639592	0.647945559911
10317.000010981	521.981132075	6.01114042174	385.0	0.96258912	0.699888246006
10317.000013028	429.897058824	5.96530647981	371.0	0.95878888	0.698900295138
10317.000017095	576.518987342	6.4428280117	448.0	0.97605206	0.731528145365
10317.000011048	715.188405797	6.35424739257	492.0	0.96936596	0.710566070513
10317.000002079	424.509090909	5.25213512044	329.0	0.94386174	0.628099789063
10317.000014937	627.571428571	6.2613977181	429.0	0.9684544	0.716011056866
10317.000013653	425.018867925	5.06779652055	316.0	0.91685568	0.610299895221
10317.000021178	576.295774648	5.77489509681	421.0	0.94610548	0.662435127958
10317.000006741	578.666666667	5.86917191649	422.0	0.95484938	0.672985341582
10317.000014548	746.06	6.06018218908	431.0	0.96309048	0.692470054217
10317.000013215	720.951612903	6.12896244003	464.0	0.96135122	0.69191415554
10317.000010867	675.489795918	5.75382868951	396.0	0.96025224	0.666773775014
10317.000026613	519.537313433	5.88585069503	402.0	0.95865278	0.680362446687
10317.000006909	601.4	6.15111859962	446.0	0.96439686	0.698919277525
10317.000011163	476.382978723	5.22129548824	327.0	0.91193994	0.625069281951
10317.000012276	600.296296296	6.05282386439	466.0	0.95344658	0.682840338144
10317.000015003	592.8	5.48929272253	384.0	0.91788986	0.639407885832
10317.000001613	495.283783784	5.86722729695	402.0	0.95350384	0.678209714425
10317.000006029	520.083333333	5.8488960692	400.0	0.95713822	0.676653560724
10317.000005024	623.642857143	6.21041957239	464.0	0.9575589	0.701110058353
10317.000026632	611.924242424	6.2509017879	424.0	0.97195272	0.716196008022
10317.000033799	511.526315789	5.15388934968	284.0	0.95179184	0.632398683555
10317.000029152	596.918367347	4.19947393801	347.0	0.76680716	0.497639236916
10317.000022999	720.136363636	5.41934479416	382.0	0.93716938	0.631814603515
10317.000037575	644.101123596	6.80608374637	510.0	0.97913062	0.756706281797
10317.000027681	686.918367347	6.48037529052	437.0	0.9734505	0.738799871225
10317.000021296	781.561797753	6.41704300799	542.0	0.97133668	0.706555571679
10317.000028712	615.924242424	5.58703345055	428.0	0.9431401	0.639141400321
10317.000027363	775.203125	5.80750373142	458.0	0.95313988	0.657016612655
10317.000033801	750.20754717	5.57172404028	415.0	0.93629454	0.640651356174
10317.000011225	641.04	6.014696435	454.0	0.96090224	0.681432435755
10317.000011409	663.026315789	5.2909326723	353.0	0.93590272	0.625145322321
10317.000009475	495.3	4.94206659188	325.0	0.90672872	0.592268856045
10317.000012928	669.0	5.70946983533	371.0	0.95262298	0.66892625995
10317.000028841	681.0	5.98749275703	445.0	0.96532212	0.680577758014
10317.000014534	480.017241379	5.57643031201	361.0	0.94908882	0.656370700108
10317.000016715	676.188405797	6.53021620529	468.0	0.9775727	0.736183506736
10317.000008954A	576.886792453	5.75330977034	388.0	0.94331368	0.668996288208
10317.000015912	532.6	5.25746224213	349.0	0.9308189	0.622399720866
10317.000016725	687.775510204	6.38260029606	415.0	0.97816974	0.733888022096
10317.000018358	505.357142857	4.76756712292	339.0	0.87471502	0.567220331012
10317.000010102	573.078431373	5.59460057387	374.0	0.95379586	0.654577004564
10317.000008949B	495.590163934	5.98507961574	390.0	0.95903906	0.695346802966
10317.000010869	553.961538462	6.12930406415	431.0	0.95798466	0.700368303326
10317.000014571	641.158730159	6.41560171494	459.0	0.97391332	0.725553893001
10317.000010827	528.234375	5.95265785196	389.0	0.96376642	0.691877774937
10317.000014162	622.873015873	5.89735863344	426.0	0.95877854	0.67516367342
10317.000016736	635.070588235	5.76895595897	472.0	0.95309126	0.649463895702
10317.000001929	576.387096774	5.76815492999	408.0	0.95347114	0.665114394479
10317.000003196	621.189873418	6.18425847688	474.0	0.96182998	0.695740478008
10317.000028833	282.848484848	4.11251124041	201.0	0.89185964	0.537509274071
10317.000004291	1130.01408451	6.35022417844	568.0	0.97243508	0.694032752545
10317.000035347	935.514285714	6.32820599417	536.0	0.97164644	0.698008354123
10317.000031035	537.454545455	4.97416851503	345.0	0.88747536	0.590023902578
10317.000016765	661.764705882	6.14301506441	453.0	0.96386022	0.696221170137
10317.000004918	569.505263158	6.28773176235	470.0	0.97102604	0.70835574361
10317.000001347	634.516129032	5.83771588563	437.0	0.94866798	0.665533021037
10317.000005938	482.692307692	5.67620265675	405.0	0.94056096	0.655316101692
10317.000003982	523.472727273	5.09870508698	378.0	0.88318778	0.595487120589
10317.000001934	551.430769231	5.44266019381	406.0	0.91721644	0.628095695981
10317.000015355	631.62	5.95713373332	417.0	0.9547359	0.684420924824
10317.000002418a	765.397590361	6.42271949948	511.0	0.97701568	0.713859217001
10317.000026083	618.213333333	5.70255090656	440.0	0.9347127	0.649392701426
10317.000009476	408.019607843	4.67230798681	303.0	0.88468334	0.566809337784
10317.000003729	574.168674699	5.7976883561	470.0	0.944372	0.653149021289
10317.000017219	693.940298507	6.4088487792	477.0	0.97322836	0.720269733936
10317.000004283	270.1875	3.11772263468	152.0	0.7481694	0.430153672052
10317.000003473	577.906976744	6.55789005451	499.0	0.96813198	0.731670885237
10317.000007068	309.256410256	4.93836034555	240.0	0.9326197	0.624564142609
10317.000011342	582.28	6.01921393949	445.0	0.94943148	0.684183395986
10317.000026056	639.8	4.73112733405	329.0	0.90689358	0.565792770446
10317.000012209	589.842105263	5.74690761224	399.0	0.94647422	0.665132488102
10317.000016355	719.285714286	6.49733702191	491.0	0.97632604	0.726805688069
10317.000015185	523.275862069	5.16708768748	365.0	0.90782522	0.607053317649
10317.000003028	466.355932203	5.28368216037	361.0	0.91463092	0.621912937974
10317.000012985	787.322033898	6.17862881703	483.0	0.96056104	0.692991521588
10317.000016755	701.150684932	6.06538775126	478.0	0.94220536	0.681437873649
10317.000014327	520.163265306	5.57963130868	362.0	0.95532942	0.656439114638
10317.000013249	471.666666667	5.28973071156	313.0	0.94525464	0.638084280535
10317.000008950A	357.675675676	3.73890257976	247.0	0.7871749	0.470398821648
10317.000016716	601.0	6.13882367634	403.0	0.96918112	0.709310438487
10317.000022662	593.017241379	5.89760486151	408.0	0.95818256	0.680041006865
10317.000022443	579.158730159	5.22145262374	397.0	0.93225492	0.604825151005
10317.000017074	468.549019608	5.46519750078	351.0	0.9456813	0.64636144272
10317.000002511	529.333333333	4.96630693859	373.0	0.88860062	0.581328390562
10317.000013821	498.972972973	5.0380077723	306.0	0.92886468	0.610121247576
10317.000004819	390.022222222	4.93848921236	271.0	0.91990566	0.611036642246
10317.000017075	473.338235294	4.99192893497	363.0	0.90051586	0.587021546393
10317.000010834	696.352941176	5.64669398761	408.0	0.94005378	0.651108976434
10317.000014303	486.571428571	6.05793836624	377.0	0.96823982	0.70783367273
10317.000015265	597.818181818	5.63092288683	378.0	0.95669816	0.657645813776
10317.000003193	427.352941176	4.89456506535	292.0	0.91996444	0.597639794377
10317.000013619	678.0	6.64612675737	496.0	0.97758884	0.742235989361
10317.000005015	635.303571429	5.94739041523	411.0	0.96687756	0.684946922161
10317.000022925	383.157894737	5.27194304629	273.0	0.94608182	0.65143967062
10317.000003439	546.082191781	5.29770324243	393.0	0.93861106	0.614697873638
10317.000016735	549.904761905	6.10681941497	439.0	0.96548162	0.695689878871
10317.000011168	493.272727273	5.95912141739	372.0	0.96200116	0.697858132073
10317.000004972	518.161290323	6.29981242936	403.0	0.9719047	0.727911885444
10317.000009382	573.942857143	5.94769674579	410.0	0.96652218	0.685259563661
10317.000027308	496.050847458	5.56818032526	373.0	0.92217612	0.651780356484
10317.000003895	568.915254237	5.99957347172	404.0	0.9637146	0.692934503121
10317.000001322	428.101694915	5.03724836461	317.0	0.93359466	0.606288254047
10317.000026106	602.549019608	5.61965624375	395.0	0.93450618	0.651500803701
10317.000008957B	615.838709677	6.33985526002	438.0	0.97007814	0.722508160821
10317.000001047	405.145833333	4.89676092676	287.0	0.9096861	0.59973260819
10317.000017071	459.666666667	4.58497671677	309.0	0.85159474	0.554312665281
10317.000015262	530.217391304	5.49049344254	381.0	0.95033508	0.640391810215
10317.000003981	467.421875	5.44139974516	365.0	0.94687528	0.639280764668
10317.000014334	609.397849462	6.39940276169	486.0	0.97047328	0.717034980747
10317.000011378	676.470588235	5.76653822181	450.0	0.95585912	0.654263828056
10317.000016718	532.538461538	5.88376150416	356.0	0.96586892	0.694189069546
10317.000016714	654.045454545	6.58092117732	454.0	0.97866208	0.745582623468
10317.000007748	459.111111111	5.3047149264	344.0	0.92582912	0.629545247014
10317.000007073	746.671641791	5.79413986748	473.0	0.95537642	0.65207493302
10317.000001247	765.8	6.72008988329	512.0	0.98023794	0.746676653699
10317.000002036	383.65	4.97193709745	279.0	0.92728244	0.611996904849
10317.000012112	543.362068966	5.80177575015	378.0	0.96083718	0.67760003311
10317.000002437	413.0625	4.94064181039	312.0	0.91830998	0.596306815273
10317.000003731	529.046153846	5.46031724842	394.0	0.94424066	0.633296732931
10317.000013171	608.596491228	5.5374555019	391.0	0.93940514	0.643065794403
10317.000001487	501.178571429	5.8019993191	365.0	0.96131552	0.68164566748
10317.000014306	566.977272727	5.27917171571	349.0	0.93194158	0.624969776471
10317.000002064	684.188405797	6.23454404447	461.0	0.9676422	0.704577885897
10317.000002336	509.109090909	5.37030303417	359.0	0.90846024	0.632705495482
10317.000006074	502.117647059	5.70185219102	355.0	0.96239126	0.673048959825
10317.000012061	441.169491525	4.63218405013	314.0	0.89385536	0.558456400885
10317.000016756	751.62	6.03058870445	433.0	0.96285494	0.688563028893
10317.000011018	744.514285714	6.22531713687	504.0	0.95961796	0.693452492283
10317.000015261	618.086956522	5.81724239792	422.0	0.9585259	0.667030872147
10317.000013458	582.082191781	6.3230010953	443.0	0.96836614	0.719245130076
10317.000041935	491.348837209	4.23680501635	314.0	0.81178944	0.510789479666
10317.000033721	646.961538462	6.23702922575	454.0	0.9711582	0.70662153329
10317.000031491	459.5	6.37581129458	377.0	0.97709218	0.744975213089
10317.000017671	376.06	5.17701142613	281.0	0.93932992	0.636432272213
10317.000036943	521.602739726	5.99096412024	412.0	0.96214516	0.689686727295
10317.000036102	633.385964912	6.26104866547	424.0	0.96967822	0.717358584793
10317.000028894	555.5	5.26352663932	377.0	0.93830304	0.615011439103
10317.000040358	595.615384615	5.66307370293	372.0	0.9509022	0.66318870842
10317.000031506	658.84375	6.09037773574	450.0	0.95713454	0.691006232581
10317.000016446	645.957746479	5.84274531489	460.0	0.94192814	0.660533817939
10317.000028793	570.136363636	5.48089215438	349.0	0.9515626	0.648850260807
10317.000042026	692.452054795	6.47222900597	491.0	0.97202766	0.723997052971
10317.000037582	530.935483871	5.7378164837	374.0	0.95570302	0.671333489682
10317.000029202	458.357142857	4.57980668263	313.0	0.86292668	0.552448283555
10317.000022618	745.577464789	6.30054120054	498.0	0.96596748	0.703185250216
10317.000021229	461.486486486	3.33742129867	262.0	0.69920398	0.415441997519
10317.000034121	349.4	4.51279248092	233.0	0.91214866	0.573841005021
10317.000036071	480.666666667	4.95612219401	322.0	0.91253308	0.594907171266
10317.000036166	576.016129032	5.77359970371	386.0	0.96067802	0.67193815211
10317.000031593	621.263157895	4.85745788865	335.0	0.88308248	0.579094883022
10317.000034194	914.558823529	6.06704412625	534.0	0.9503315	0.669600235125
10317.000036131	746.515625	6.01161268112	463.0	0.96007562	0.678904803654
10317.000002347	449.317073171	4.99824765948	311.0	0.9244379	0.603596911232
10317.000016767	621.25	6.20418177228	435.0	0.96602112	0.707846282521
10317.000036109	389.692307692	4.14514278845	255.0	0.81671088	0.518508822657
10317.000004973	674.448275862	6.33668680129	444.0	0.96851002	0.720535268924
10317.000031379	809.642857143	5.93149794613	481.0	0.95186386	0.66572044023
10317.000004737	553.842105263	5.68665586836	409.0	0.92620982	0.655449980535
10317.000006666	559.037735849	4.82947192841	351.0	0.90986622	0.571175047704
10317.000003969	352.527777778	4.97571176311	251.0	0.9333166	0.624184228491
10317.000001749	605.481481481	6.25122873449	473.0	0.96358996	0.703515905996
10317.000009507	629.753424658	6.34396370532	462.0	0.97399892	0.716690416283
10317.000040348	668.011235955	5.97251549492	487.0	0.95682508	0.668981186617
10317.000026595	757.865384615	6.09547579109	427.0	0.9625564	0.69757512395
10317.000012335	590.75	5.51732594877	402.0	0.9362815	0.637763609064
10317.000022554	683.368421053	6.2955803231	446.0	0.97304502	0.715333703904
10317.000003718	718.463414634	6.4387114753	522.0	0.96860088	0.713200987886
10317.000006113	525.593220339	5.15158071109	370.0	0.91096844	0.603838983748
10317.000006662	718.272727273	6.28223565161	454.0	0.97047116	0.71174317579
10317.000013756	777.452054795	6.63632954421	521.0	0.97238872	0.735316002419
10317.000001216	559.643835616	6.23360013744	443.0	0.96932862	0.709075718021
10317.000016722	520.163934426	6.1567340405	389.0	0.97223196	0.715597562427
10317.000016358	350.033898305	4.87972629243	303.0	0.91667278	0.59197176988
10317.000035392	752.721311475	5.92729649133	433.0	0.96461316	0.676769288246
10317.000043118	761.541666667	6.55633281731	520.0	0.97257262	0.726675408626
10317.000006685	453.526315789	4.9520232561	278.0	0.92857376	0.60993462223
10317.000005992	466.357142857	4.33770515524	321.0	0.82660504	0.520956210816
10317.000012947	639.151515152	5.98695717331	444.0	0.96154566	0.680768031021
10317.000012122	688.5	5.66004623846	405.0	0.94831334	0.653450847455
10317.000004758	555.652173913	5.68493253098	398.0	0.95179058	0.65823545433
10317.000042014	721.22826087	6.64896589494	550.0	0.97621194	0.730391704061
10317.000027267	809.142857143	6.39867909396	522.0	0.96865924	0.708766694778
10317.000006625	488.870967742	4.95680058281	299.0	0.91433772	0.602723683577
10317.000008951B	307.516129032	4.15515614728	218.0	0.87250688	0.534894123718
10317.000006778	834.341463415	6.58415020453	559.0	0.97666396	0.721415952946
10317.000012971	814.405797101	6.40636837562	526.0	0.96944568	0.70875382147
10317.000017652	810.285714286	6.9248840918	571.0	0.98014896	0.756210738839
10317.000015254	646.794117647	6.25680285428	469.0	0.96597262	0.705115485593
10317.000001438	591.333333333	5.93029946071	398.0	0.96530394	0.686645503453
10317.000006803	500.163934426	5.80463849435	387.0	0.95637308	0.675257138222
10317.000013299	645.0	5.8189158501	458.0	0.95203038	0.658307692593
10317.000036039	456.5	5.24861852448	314.0	0.9312374	0.632773779944
10317.000011026	866.428571429	5.79703944635	448.0	0.9446341	0.658204364153
10317.000012993	633.863013699	5.94295130868	453.0	0.961419	0.673546861078
10317.000009419	592.138888889	6.10678671028	439.0	0.96078962	0.695686153148
10317.000010693	768.538461538	6.29828115055	531.0	0.9683252	0.695745242147
10317.000008951A	317.035714286	3.92089167308	207.0	0.85731622	0.509637787747
10317.000001669	470.49122807	5.10338358698	341.0	0.92402402	0.606561596262
10317.000036068	562.278688525	5.78223724203	414.0	0.95041224	0.665122898361
10317.000042981	754.596774194	6.19903871699	465.0	0.96625882	0.699579948008
10317.000028776	872.584415584	6.73704984776	593.0	0.97344636	0.731342981194
10317.000004011	337.666666667	4.77506794099	268.0	0.91620616	0.591992950765
10317.000004285	595.573033708	6.20078740655	475.0	0.96400998	0.697361475888
10317.000026116	514.55	5.02246283325	357.0	0.89985856	0.592286908017
10317.000022498	655.516129032	6.38175893814	458.0	0.96991362	0.721983460403
10317.000023929	756.56	5.2614847237	459.0	0.86305208	0.595032374805
10317.000009558	513.281690141	5.51767158982	397.0	0.9385164	0.63913757205
10317.000002051	651.158730159	5.81520961542	439.0	0.93495416	0.662469642225
10317.000016726	743.75	6.8247502087	520.0	0.9805884	0.75642562464
10317.000005927	622.696202532	5.81790525481	485.0	0.93093304	0.652096949032
10317.000013539	676.137931034	6.18300255392	465.0	0.96245716	0.697770219332
10317.000004289	631.924242424	6.07684375309	444.0	0.95544194	0.690988900848
10317.000011073	566.172413793	5.52750800426	396.0	0.94553052	0.64054694314
10317.000001111	474.0	4.91540052195	349.0	0.88645784	0.581905065964
10317.000013053	473.8	4.24025498767	296.0	0.85928754	0.516508809882
10317.000010225	664.794117647	6.84249312125	487.0	0.98242226	0.766427340634
10317.000003226	626.814814815	6.42196083642	487.0	0.97091868	0.719323538701
10317.000013167	556.014705882	6.02953817763	423.0	0.96239094	0.69110305504
10317.000010879	482.015873016	5.07040171056	359.0	0.9162687	0.597372439908
10317.000013055	629.559322034	5.38592660872	422.0	0.9240245	0.617574286472
10317.000006665	586.679012346	6.93367007019	491.0	0.98460726	0.775614814071
10317.000002638	463.763157895	5.69857331648	376.0	0.95554252	0.666142279341
10317.000002443	638.325301205	6.70276268381	516.0	0.9770996	0.743823509698
10317.000017349	822.161764706	7.03381877732	544.0	0.98250796	0.774013484313
10317.000005814	504.875	6.20014510999	409.0	0.97050186	0.714635294579
10317.000020071	708.047619048	5.85645343778	432.0	0.96226322	0.668935315997
10317.000004026	543.529411765	6.06118339987	424.0	0.95401638	0.694459056017
10317.000013134	588.25	6.25561984078	412.0	0.97527406	0.720154200325
10317.000004822	446.651515152	6.14600492329	379.0	0.96671682	0.717483790774
10317.000009101	655.018518519	6.64804621658	459.0	0.97967398	0.751841530633
10317.000013159	677.513888889	6.31214369366	485.0	0.96698694	0.707493412871
10317.000016772	558.263888889	6.28419721035	440.0	0.9706815	0.715629175362
10317.000006635	560.045454545	5.35488991956	423.0	0.91231756	0.613775163833
10317.000001734	580.081081081	6.26123880745	439.0	0.9677227	0.71328136163
10317.000001286	542.086956522	5.68799541766	411.0	0.93707666	0.655073012294
10317.000014397	854.818181818	6.37114083137	503.0	0.97403736	0.709922721712
10317.000016731	643.083333333	6.29918160649	473.0	0.96107582	0.70891254234
10317.000016458	932.857142857	6.70648682841	599.0	0.9727949	0.726879169094
10317.000009174	490.139240506	6.250574304	417.0	0.96669272	0.718134599178
10317.000013222	545.467741935	5.36998753862	393.0	0.92535926	0.623085093747
10317.000004847	412.212765957	5.51825276936	327.0	0.93829012	0.660619630498
10317.000002261	695.615384615	6.15412067524	472.0	0.96033546	0.692825394541
10317.000016729	728.739130435	6.61951216325	503.0	0.97687326	0.737598212899
10317.000001652	466.033898305	6.25824149803	377.0	0.97305582	0.73123788929
10317.000017083	576.6	5.75223842643	392.0	0.95895706	0.667722828802
10317.000002606	468.692307692	5.64196088905	391.0	0.93057308	0.655202025526
10317.000011357	605.987341772	6.15963160501	472.0	0.96480528	0.693445810079
10317.000004813	592.714285714	6.28034431252	459.0	0.96586636	0.71025734885
10317.000013453	501.610169492	5.43863624053	366.0	0.93021634	0.638659927406
10317.000016768	692.68	6.4611578434	492.0	0.97208074	0.722521371315
10317.000013174	378.275	4.04373250709	269.0	0.8109282	0.500991310553
10317.000016166	528.982758621	5.41798887981	366.0	0.93023012	0.63623530452
10317.000011358	658.655172414	6.93511498697	525.0	0.98261716	0.76748359254
10317.000001436	622.378787879	6.10770498117	462.0	0.96113336	0.689999790165
10317.000009385	644.135135135	6.54509709459	487.0	0.9751175	0.73311602533
10317.000006053	536.044117647	5.49123057751	405.0	0.92896056	0.633961123862
10317.000002185	426.902439024	5.36665693608	318.0	0.93381794	0.6455831226
10317.000016488	482.291666667	4.1670197563	246.0	0.8329761	0.524647421607
10317.000001516	450.12244898	4.9975538557	330.0	0.88557014	0.597341786238
10317.000011352	677.753623188	6.40084535114	498.0	0.965637	0.714379907467
10317.000004009	452.620689655	5.54602640283	353.0	0.94663614	0.655285689298
10317.000013801	506.15625	5.73734003387	387.0	0.95287434	0.667428267247
10317.000003996	743.011363636	6.62710089421	564.0	0.96404488	0.725101335797
10317.000017339	640.381818182	5.93852869158	412.0	0.949829	0.683650300025
10317.000010183	792.150684932	6.85946988371	559.0	0.97835816	0.751582337756
10317.000012318	473.887323944	5.15549733768	375.0	0.88798812	0.602929482895
10317.000007666	589.545454545	6.30027649532	440.0	0.96821252	0.717460245435
10317.000002349	472.043478261	5.63998767071	372.0	0.94892716	0.660485159659
10317.000015908	440.591836735	5.5325370493	316.0	0.95164514	0.666267236224
10317.000001423	439.055555556	4.8224889987	326.0	0.89325882	0.577631575685
10317.000005845	514.544117647	6.10751719606	406.0	0.9648795	0.704821746604
10317.000009118	517.0	5.81532396176	403.0	0.95909606	0.671931660972
10317.000005576	592.75862069	6.09911701535	425.0	0.9677369	0.698533290752
10317.000002801	665.516129032	6.52352068838	468.0	0.97182604	0.735428688065
10317.000013265	823.625	6.40728453194	550.0	0.96540604	0.70384290454
10317.000010833	514.333333333	4.9115166315	316.0	0.90912142	0.591479565809
10317.000013238	420.609756098	4.91424189648	269.0	0.94128294	0.608841579846
10317.000012983	595.04109589	5.82516079051	444.0	0.92415198	0.662370404019
10317.000004915	539.537313433	6.00329358445	388.0	0.96540068	0.698064468165
10317.000001099	835.349514563	7.32570263468	646.0	0.98658826	0.784723761551
10317.000015856	749.879120879	6.41483745093	529.0	0.96984172	0.709047152802
10317.000003061	567.082191781	5.96953116765	428.0	0.95539112	0.682898096731
10317.000028859	596.823529412	6.34173369575	474.0	0.9710966	0.713456730403
10317.000012903	734.254237288	6.514897646	485.0	0.9748979	0.730218986412
10317.000004736	633.077922078	5.75967858754	472.0	0.91271052	0.648419457535
10317.000010962	608.671875	6.13755214681	441.0	0.96304234	0.698669011828
10317.000002348	685.015151515	5.74639384101	475.0	0.9287204	0.646258842186
10317.000002444	494.016949153	5.72360705633	379.0	0.9510246	0.668173120415
10317.000015584	590.951219512	5.61918755226	451.0	0.93509016	0.637314051196
10317.000023375	676.878378378	4.96172601515	464.0	0.85345936	0.560141867303
10317.000015624	855.851851852	6.1705697052	553.0	0.95919856	0.677255825018
10317.000006671	657.478873239	6.57006524122	485.0	0.97527086	0.73640241824
10317.000009102	533.590163934	5.44957236925	394.0	0.92589578	0.632050523862
10317.000015214	724.5	6.38371506147	525.0	0.97206926	0.706462196853
10317.000002172	611.406779661	5.78483399473	422.0	0.94257444	0.663314780575
10317.000001189	616.571428571	5.67134966126	373.0	0.95022148	0.663856787682
10317.000007678	317.269230769	3.02857314935	261.0	0.69959274	0.377255681698
10317.000003358	561.352941176	5.79702181755	384.0	0.95335672	0.675253015615
10317.000009231	530.227272727	5.10420998679	409.0	0.90109354	0.588316651109
10317.000018318	509.269230769	6.31944658302	431.0	0.96793992	0.722095042926
10317.000013859	703.549295775	6.05814252836	469.0	0.95362388	0.682727298616
10317.000013757	532.776595745	6.52963463459	469.0	0.96981498	0.735862484937
10317.000012298	674.090909091	5.7796163132	459.0	0.93904486	0.653628966139
10317.000017171	801.507042254	6.21524756724	507.0	0.9645936	0.691671143429
10317.000014587	496.0	5.21657369974	321.0	0.9358242	0.626507881657
10317.000016764	651.818181818	6.20930034516	432.0	0.96881162	0.709238164811
10317.000016727	593.327868852	6.0238527316	415.0	0.96506872	0.692638291844
10317.000002013	568.278481013	5.8844039626	467.0	0.94026412	0.663608772807
10317.000013454	563.810344828	6.33306647265	417.0	0.974973	0.727612205169
10317.000016766	770.06	6.08378446704	455.0	0.96265836	0.689011948571
10317.000001234	586.892857143	4.6458013466	371.0	0.8457928	0.544305970412
10317.000026623	971.697368421	6.56862634558	613.0	0.96437634	0.709374564556
10317.000006761	665.590909091	6.86720262509	503.0	0.9807183	0.765197836178
10317.000009532	541.573170732	6.61115902576	444.0	0.97929768	0.751745098961
10317.000005846	473.109090909	6.22521101503	370.0	0.97273504	0.729683820123
10317.000004821	934.717647059	6.79193425052	614.0	0.97261912	0.733304329519
10317.000002712	604.390625	5.65114248326	439.0	0.93541316	0.643779087363
10317.000013734	782.47826087	6.65897319526	525.0	0.97838756	0.736923999114
10317.000009659	542.394366197	5.88489644809	415.0	0.9556196	0.676660736094
10317.000017292	637.6875	6.8777169079	498.0	0.98147768	0.767602167951
10317.000015862	613.596774194	5.9560937865	411.0	0.96406354	0.685949268896
10317.000002446	549.652173913	4.4759238423	392.0	0.84142424	0.51956756795
10317.000006678	490.355932203	5.75320958759	385.0	0.95036056	0.669856879836
10317.000014224	688.25	6.63677179319	460.0	0.98136408	0.750300068732
10317.000017218	661.465753425	6.51715707106	467.0	0.97747766	0.734966979427
10317.000009661	554.5	6.21018157669	439.0	0.96649358	0.707464913448
10317.000006729	423.445783133	5.79105116955	365.0	0.96224406	0.680359428324
10317.000013686	416.467741935	5.51709737365	325.0	0.95252202	0.661181894138
10317.000010845	769.163265306	6.48880321328	462.0	0.97657296	0.733053228568
10317.000017205	676.011627907	6.36103543942	501.0	0.962463	0.709250949567
10317.000014551	496.944444444	5.80731196075	358.0	0.96368156	0.684516509223
10317.000005238	560.766233766	5.68097326685	438.0	0.93606638	0.647420071651
10317.000022448	654.28	5.82912346068	465.0	0.94855878	0.657833911632
10317.000001004	349.442307692	5.31571465436	284.0	0.94596192	0.652255165272
10317.000014122	568.082191781	5.79364638959	429.0	0.954953	0.662522181353
10317.000016728	826.24137931	6.74396419679	574.0	0.97542018	0.73584644675
10317.000010773	503.0	4.48434220586	372.0	0.85169628	0.525150346195
10317.000005553	485.642857143	6.32022846737	400.0	0.97046486	0.731181584771
10317.000014054	673.494505495	6.37706189443	510.0	0.9718118	0.709007260966
10317.000026081	553.75	5.37367150558	380.0	0.94093618	0.627043412535
10317.000016769	562.157894737	5.67160744453	389.0	0.94817876	0.659211269424
10317.000004738	777.243243243	6.43382569507	519.0	0.97067348	0.713316811022
10317.000036427	677.4	6.35056006238	477.0	0.9701802	0.713718854051
10317.000043092	613.630769231	6.33368650017	444.0	0.96524572	0.720194109128
10317.000036069	361.069767442	5.14318396773	270.0	0.9381897	0.636783631609
10317.000028711	610.466666667	5.69379738081	388.0	0.9504772	0.662076172781
10317.000027901	718.613207547	6.87204200834	570.0	0.97809494	0.750647574477
10317.000031057	630.373333333	5.73173634025	432.0	0.9488603	0.654689890513
10317.000021275	745.459016393	5.39674846025	448.0	0.92292702	0.612754738285
10317.000031439	728.269230769	5.74132043109	415.0	0.94579182	0.660151991344
10317.000036437	753.552238806	6.21959896828	505.0	0.9634132	0.692594910636
10317.000043117	658.846153846	6.02074797449	479.0	0.9595741	0.676193606205
10317.000040144	393.3125	4.53205593358	286.0	0.8473361	0.555407768889
10317.000039994	515.151515152	5.68023719809	392.0	0.94087014	0.659364888762
10317.000036067	621.666666667	6.62534815759	449.0	0.97996016	0.751977105715
10317.000036877	735.24137931	6.54744665248	548.0	0.9708542	0.719655260916
10317.000038417	573.578947368	5.85509905459	451.0	0.94659166	0.664070537587
10317.000031891	553.25862069	6.176232392	426.0	0.96305214	0.707090751786
10317.000028719	699.0	5.846129183	426.0	0.9597822	0.669298630084
10317.000023341	802.456521739	5.30867317212	408.0	0.93369878	0.612132473073
10317.000035492	686.515151515	6.34466017637	484.0	0.9629027	0.711375430655
10317.000027775	785.098360656	5.99486322283	500.0	0.95166538	0.668637905229
10317.000036094	403.441860465	4.14502566491	286.0	0.81194784	0.507976841035
10317.000039831	533.238095238	5.65401803376	418.0	0.93745354	0.649337870185
10317.000043164	534.442307692	5.34519688889	350.0	0.94191934	0.632477028222
10317.000036422	702.625	6.37165536538	462.0	0.97039612	0.719818799152
10317.000036939	529.1375	5.54148779544	404.0	0.9468007	0.640026846939
10317.000036147	668.987012987	6.03959648529	478.0	0.942518	0.678540260806
10317.000035412	640.196078431	6.07360319885	424.0	0.96254998	0.695882052371
10317.000031272	457.807692308	3.86157662397	223.0	0.82215692	0.495016815176
10317.000037565	603.633802817	5.74923353814	442.0	0.93765346	0.654221357062
10317.000014232	679.185185185	6.21483692885	506.0	0.96461826	0.691844748321
10317.000009677	583.052631579	5.36133071796	387.0	0.94236272	0.623686874074
10317.000036045	651.571428571	6.27366526314	408.0	0.9705781	0.723403778731
10317.000018424	638.054545455	4.81932596413	383.0	0.88065126	0.561614417251
10317.000014978	721.238095238	6.35225860753	474.0	0.97062576	0.714640802379
10317.000017133	668.227272727	5.83053766819	448.0	0.95322642	0.66200780141
10317.000026136	574.276315789	5.98320596508	435.0	0.96215366	0.68263475433
10317.000013197	703.424242424	6.3271417147	478.0	0.9732556	0.710845567201
10317.000001936	491.25	4.82108583419	330.0	0.9131831	0.576249122462
10317.000009495	425.282608696	4.82019050309	302.0	0.92255308	0.585087848389
10317.000033748	589.508474576	5.12167985968	395.0	0.87032438	0.593769156004
10317.000006717	525.230769231	5.98657737609	406.0	0.95942916	0.690865008963
10317.000022553	847.035714286	6.44245822114	555.0	0.97079054	0.706693192856
10317.000034127	540.084507042	5.54244693822	405.0	0.9399923	0.639874039216
10317.000005085	371.8	5.73348204698	330.0	0.9604337	0.685304952422
10317.000009648	648.813333333	6.07723451547	464.0	0.95723676	0.686074458594
10317.000013001	802.0	5.93308768666	490.0	0.94924012	0.663906015568
10317.000034147	1011.76271186	5.59363133819	501.0	0.94125472	0.623685935398
10317.000028856	643.22	5.40736778179	392.0	0.93935962	0.627690064974
10317.000005163	429.142857143	4.41817841012	289.0	0.88117208	0.540454871605
10317.000009628	543.098591549	6.02327386502	425.0	0.96125138	0.6898469571
10317.000016762	552.417910448	5.76028669968	403.0	0.94578576	0.665572380016
10317.000014291	609.868421053	6.45807689566	480.0	0.96714478	0.725065254405
10317.000011191	549.118644068	6.04808057099	407.0	0.9677383	0.697676873319
10317.000013764	656.75	5.87935994413	443.0	0.95030712	0.668780685634
10317.000016333	648.43373494	6.1216184802	465.0	0.96664462	0.690842844128
10317.000034126	706.5	5.9949688983	444.0	0.95629814	0.681679032401
10317.000006036	522.023255814	6.46656888956	439.0	0.97385874	0.736672598581
10317.000013902	748.958333333	6.19013903756	510.0	0.95784314	0.688225015952
10317.000015295	579.319148936	4.83680986083	351.0	0.88934502	0.572042894947
10317.000006795	793.825	6.24623151454	535.0	0.96099732	0.689171271749
10317.000002141	503.02	5.07328817635	343.0	0.9096646	0.602380570229
10317.000006017	489.234042553	4.87391550725	319.0	0.88823642	0.585989385592
10317.000014451	452.277777778	5.32323415191	333.0	0.93502996	0.635277930977
10317.000013984	584.438596491	6.07102965146	391.0	0.97014614	0.705029865128
10317.000015587	461.725490196	4.88139318695	317.0	0.89460902	0.587529368896
10317.000003508	580.153846154	6.09650420414	441.0	0.95568296	0.693996314169
10317.000036114	419.111111111	5.18283091866	318.0	0.9323093	0.623469733248
10317.000010712	569.068493151	6.37872926954	447.0	0.97345506	0.724515486445
10317.000013986	695.382978723	5.95587362688	411.0	0.9601287	0.685923913631
10317.000014259	651.985915493	5.73859208614	440.0	0.94634362	0.653496983764
10317.000006899	697.533333333	6.51929390016	506.0	0.97631958	0.725737344232
10317.000003879	411.524590164	5.4784956731	332.0	0.94818034	0.654145657225
10317.000003287	607.318181818	6.81598822842	503.0	0.98052316	0.759491124487
10317.000013952	536.014285714	5.98610072614	393.0	0.96316018	0.694573330999
10317.000010169	309.340909091	3.91954895522	232.0	0.84669984	0.498798477326
10317.000001805	493.085714286	6.22018464257	409.0	0.96934946	0.716945072337
10317.000005009	605.630434783	5.84941439489	388.0	0.95806704	0.680171357806
10317.000033803	597.957446809	5.57620878549	357.0	0.94566234	0.657588830355
10317.000014237	654.571428571	5.94367596486	445.0	0.95192508	0.675597253587
10317.000017185	759.285714286	6.41742151105	531.0	0.9717867	0.708906188281
10317.000035361	361.12244898	5.49443177032	295.0	0.95026128	0.669679337739
10317.000044399	516.307692308	5.49566911812	360.0	0.9309234	0.647169593701
10317.000005987	506.613333333	6.20203852391	413.0	0.97173194	0.713698500771
10317.000003922	690.413333333	6.13619920339	478.0	0.96860392	0.689393441758
10317.000015542	397.06122449	4.86950683505	294.0	0.91265368	0.593866026624
10317.000017114	361.535714286	5.05099607103	231.0	0.9471026	0.643295658635
10317.000014222	448.588235294	5.36438349417	288.0	0.94944832	0.65660131436
10317.000001882	634.015384615	6.39827459786	480.0	0.96314732	0.718351093367
10317.000012004	768.183908046	6.49202103713	553.0	0.96488962	0.712536973666
10317.000001732	566.631578947	6.33644316772	458.0	0.96602962	0.716856780274
10317.000001151	560.948275862	6.04074391975	405.0	0.96822286	0.697402294491
10317.000002262	540.28125	6.37138380022	450.0	0.9661137	0.722888810374
10317.000027295	641.263888889	6.02844445662	469.0	0.96162928	0.679380450271
10317.000029188	846.701754386	5.8612599336	487.0	0.94979308	0.656519456296
10317.000014392	609.396226415	5.47299088092	390.0	0.94619554	0.635852312089
10317.000002512	452.737704918	5.29304473557	349.0	0.92871458	0.626612120873
10317.000012242	610.661764706	6.10719648603	455.0	0.96303028	0.691663449608
10317.000031519	665.448979592	5.72955527739	396.0	0.95351592	0.663960887195
10317.000015329	614.616438356	6.30503661623	449.0	0.97014212	0.715621741429
10317.000014318	622.232142857	6.26807342998	420.0	0.9735634	0.719290432806
10317.000013609	568.826086957	4.69976966031	345.0	0.88655638	0.55747537057
10317.000014317	580.519230769	5.51097428576	388.0	0.92994792	0.640817457908
10317.000029154	509.1	5.81582265222	378.0	0.94894934	0.679240596572
10317.000009529	351.0	5.03998895679	285.0	0.9301875	0.61803818177
10317.000011955	529.033898305	5.49037393419	378.0	0.94398068	0.641230843764
10317.000003266	419.269230769	5.35771200937	337.0	0.92749972	0.638080765856
10317.000016405	670.368421053	6.39087593669	433.0	0.97617796	0.729700052169
10317.000010984	618.265625	6.08515090682	422.0	0.96926414	0.697750452684
10317.000010843	558.047619048	6.08039028119	427.0	0.963879	0.695848716234
10317.000008955	382.5	5.78992580983	318.0	0.96652574	0.696500340613
10317.000027648	525.82	4.61345426262	334.0	0.86699766	0.550288285664
10317.000014357	516.887096774	5.39844827461	371.0	0.92479874	0.632486713832
10317.000017093	491.392857143	5.01300600576	353.0	0.90472306	0.592307150623
10317.000014379	698.0	5.89337527684	449.0	0.94957466	0.668898173826
10317.000005915	465.0	4.48944506148	280.0	0.86514082	0.552255967977
10317.000001363	446.725806452	5.11363130906	362.0	0.86790368	0.601614591251
10317.000013604	516.619047619	2.54163406641	199.0	0.54549174	0.332821657827
10317.000014095	505.222222222	5.42371984322	364.0	0.9345834	0.637500089341
10317.000012275	619.033898305	5.80130872872	398.0	0.95929776	0.671710185819
10317.000011389	646.766233766	6.22041544414	458.0	0.96704842	0.703730289884
10317.000002205	370.0	3.91275440441	275.0	0.80398862	0.482860105296
10317.000011155	537.338709677	5.64974531239	400.0	0.9360132	0.653613987595
10317.000006929	422.193548387	5.26882228696	329.0	0.93448454	0.630095397617
10317.000013648	624.090909091	4.96681519109	325.0	0.90034546	0.595234786242
10317.000012155	704.558823529	6.93355029652	557.0	0.98312368	0.760129892999
10317.000006654	583.571428571	6.29860270015	402.0	0.97172684	0.728073640639
10317.000002071	496.452054795	5.46734221648	397.0	0.9303831	0.633307686571
10317.000004159	393.472727273	5.05779478819	314.0	0.89557732	0.609768058277
10317.000002568	307.333333333	4.80147439034	244.0	0.90435434	0.605425975666
10317.000008957A	660.059701493	6.4542037101	463.0	0.97258542	0.728887593892
10317.000002749	690.631578947	6.34846418065	488.0	0.96719132	0.71085554761
10317.000017661	692.365384615	6.19099541147	429.0	0.97164912	0.707960325663
10317.000002201	226.282608696	3.69052823275	194.0	0.82018338	0.48560138904
10317.000001939	463.1875	4.94439903339	329.0	0.88288746	0.591297809119
10317.000009447	444.368421053	5.23027149874	343.0	0.92646772	0.621020099459
10317.000029245	719.391304348	6.25126490251	518.0	0.9701094	0.693290209025
10317.000014958	536.75	5.92004739723	386.0	0.95900712	0.688981902563
10317.000015364	704.818181818	5.95630587023	458.0	0.95809192	0.673850950043
10317.000016484	523.313432836	5.38364364949	376.0	0.94159178	0.629328158586
10317.000010908	583.214285714	5.98273863955	432.0	0.94719446	0.683359853347
10317.000001524	591.158730159	5.34085527048	430.0	0.92378294	0.610509548922
10317.000014949	457.42	5.29383456279	344.0	0.9340815	0.628254003037
10317.000015933	570.229508197	6.1927404544	413.0	0.96944584	0.712628527045
10317.000014012	648.05	5.78331441408	428.0	0.95586132	0.661595407622
10317.000004774	533.580645161	5.51897428521	392.0	0.93043658	0.640645405948
10317.000008954B	575.303571429	5.7531912956	394.0	0.94341296	0.66726475508
10317.000016703	645.125	6.32606127863	464.0	0.97106486	0.714165144643
10317.000003365	363.352941176	5.03204457253	290.0	0.91563584	0.615171209992
10317.000017216	776.169491525	6.86799317351	497.0	0.98371238	0.766765092286
10317.000004163	473.0	5.3995256907	356.0	0.94238946	0.637057044642
10317.000013697	609.037735849	5.42981688569	401.0	0.91982476	0.627908989892
10317.000017161	496.0	4.67243886251	326.0	0.89632798	0.559658761933
10317.000001072	523.517857143	5.11939217903	362.0	0.91702346	0.602292352948
10317.000011956	724.882352941	5.42518706479	409.0	0.94031724	0.625312809202
10317.000007641	479.642857143	6.02847136819	394.0	0.96391272	0.699192198612
10317.000017079	416.529411765	4.57348281646	259.0	0.9171521	0.570486738903
10317.000009193	414.0	4.96918163495	315.0	0.89280004	0.598753715287
10317.000012984	585.040540541	6.09046276303	442.0	0.96579254	0.693050784516
10317.000015581	538.807692308	5.15258733664	349.0	0.93189458	0.609984203855
10317.000014802	476.421875	5.57454611166	374.0	0.94889422	0.652230601164
10317.000017353	742.086956522	6.60422635611	506.0	0.9764128	0.73519214961
10317.000001059	465.947368421	5.19311151871	325.0	0.93584774	0.622354669108
10317.000017088	543.810344828	5.64050198698	397.0	0.9491454	0.65336558844
10317.000004602	464.609756098	5.46997784409	313.0	0.94835896	0.659826949141
10317.000014399	515.392857143	5.50815008059	361.0	0.94713552	0.648333812566
10317.000005008	601.7	5.67970844648	390.0	0.93846286	0.659868767602
10317.000010104	622.380952381	6.36271685689	445.0	0.9707338	0.723228194014
10317.000010565	634.4	5.5328327851	380.0	0.9326371	0.645615636711
10317.000027194	401.208333333	4.94624649613	314.0	0.91742136	0.596319789159
10317.000015224	694.333333333	6.72788605206	446.0	0.9778271	0.764454331781
10317.000013933	488.42	5.77255839442	348.0	0.95707118	0.68371396744
10317.000018033	614.117647059	5.40986429421	374.0	0.93453364	0.632962571329
10317.000006084	393.75	5.43656442824	280.0	0.95453444	0.668763089797
10317.000002059	575.14084507	6.22931916089	424.0	0.97013194	0.713723182208
10317.000003047	437.772727273	5.18212208838	323.0	0.92698288	0.621701188291
10317.000008982	461.125	5.57166184152	322.0	0.95123634	0.668793354085
10317.000010765	492.016129032	5.24937895991	365.0	0.89558808	0.616721276268
10317.000012072	515.55	5.18310337338	358.0	0.91575572	0.610940113442
10317.000017183	492.038961039	5.90332991548	417.0	0.94681198	0.678239351535
10317.000012228	552.081967213	6.20100829195	406.0	0.97068776	0.715610837389
10317.000011224	619.892857143	5.38569225098	404.0	0.89910748	0.622032883086
10317.000026111	403.75	4.42697931773	269.0	0.88629594	0.548473017512
10317.000006637	639.615384615	6.36856623072	479.0	0.96975998	0.715257271049
10317.000012113	353.306122449	4.27458186958	266.0	0.86456132	0.530655740976
10317.000013079	513.489795918	5.50950467073	345.0	0.94873688	0.653524189475
10317.000004162	443.542372881	5.85434575048	351.0	0.9638146	0.692385474617
10317.000012906	576.714285714	5.29902644316	404.0	0.94044266	0.612023216772
10317.000012976	741.0	6.09875779802	415.0	0.96785822	0.701251071666
10317.000009533	274.483870968	3.87144337459	201.0	0.8191081	0.506001466316
10317.000014309	546.0	5.70252547134	360.0	0.94203142	0.671528982739
10317.000002371	556.0	5.85241813996	421.0	0.94908318	0.671327754776
10317.000002329	561.083333333	5.97963765119	455.0	0.93433598	0.677216921821
10317.000010761	607.85	6.06971611574	441.0	0.95109696	0.690946888795
10317.000009129	564.381818182	6.02700488367	395.0	0.9596244	0.69872575035
10317.000014323	584.603448276	5.72602028088	412.0	0.9441798	0.659186085693
10317.000006894	674.610169492	5.89839658672	434.0	0.95348518	0.673213730107
10317.000014241	351.725490196	4.88740652397	285.0	0.91349616	0.599327472251
10317.000001685	432.428571429	5.02387999591	321.0	0.92242712	0.603365464594
10317.000011302	568.631578947	5.29502641095	393.0	0.91318026	0.61438727817
10317.000012231	421.216216216	5.27463503691	282.0	0.94566256	0.648025279103
10317.000001579	501.974683544	5.75233450225	407.0	0.95196084	0.6635610592
10317.000017662	639.753623188	6.14886639674	460.0	0.96437996	0.695141406674
10317.000003432	344.888888889	4.74908868717	274.0	0.87343034	0.586449724885
10317.000011116	726.581081081	6.50848339943	504.0	0.97623674	0.724995038018
10317.000006841	565.466666667	6.25245630138	430.0	0.9653315	0.71471404539
10317.000013563	623.181818182	5.38270199014	447.0	0.87353776	0.611383676275
10317.000017217	782.0	6.81883278781	515.0	0.98155148	0.756939203704
10317.000006728	391.027777778	4.44850051996	267.0	0.8727667	0.551875490363
10317.000013286	505.25	5.42141689302	374.0	0.9343598	0.634314243432
10317.000022964	665.967741935	5.55385945843	426.0	0.9450116	0.635837904167
10317.000002466	534.344262295	5.50876310525	399.0	0.92006852	0.637570247825
10317.000017644	568.142857143	5.84247571285	419.0	0.95588042	0.670715823766
10317.000017173	533.068965517	5.61516902723	384.0	0.94413138	0.654070303366
10317.000013332	719.011111111	6.97014230775	565.0	0.97803814	0.762421864463
10317.000002173	362.108108108	4.7740720925	261.0	0.91065368	0.59468460325
10317.000011329	569.701754386	5.81806706898	399.0	0.95639274	0.673368302858
10317.000007039	465.911764706	6.19094750998	403.0	0.96367318	0.715333087327
10317.000002886	518.896103896	5.8937524922	410.0	0.96059802	0.679044415636
10317.000009126	495.666666667	5.29808193947	370.0	0.91500056	0.621011024298
10317.000022636	436.01754386	5.00927158012	325.0	0.91223326	0.600322859519
10317.000014233	570.15625	6.56244342015	433.0	0.97794646	0.749289354616
10317.000023088	568.261904762	5.9656703725	437.0	0.9612216	0.680120564841
10317.000004974	590.323076923	6.25499359699	447.0	0.96599336	0.710461212122
10317.000002414	229.576923077	3.82415527695	166.0	0.85244706	0.51852675671
10317.000006027	564.018181818	5.76773974351	402.0	0.9537969	0.666709661369
10317.000017098	599.0	6.26392077693	452.0	0.97161546	0.710180689487
10317.000014559	428.491803279	5.28517239683	332.0	0.93789174	0.631062389635
10317.000016313	528.695652174	5.72758616884	352.0	0.95017648	0.677065130028
10317.000022899	530.808219178	6.02174333436	433.0	0.95727952	0.687553078602
10317.000003837	632.05	5.52291232258	412.0	0.9421166	0.635804062326
10317.000010285	435.384615385	4.85255941124	276.0	0.93524654	0.598451597095
10317.000005848	411.967213115	4.69122291674	319.0	0.86782788	0.564024310754
10317.000005907	492.103448276	5.70797676388	369.0	0.94860196	0.669362902981
10317.000014132	921.408450704	6.19330582521	544.0	0.95102344	0.681521997218
10317.000003382	621.6875	6.22427056279	482.0	0.96223864	0.698344872014
10317.000003221	334.375	4.38830899555	243.0	0.85532042	0.553742942631
10317.000014607	414.886363636	3.92435257232	286.0	0.78625816	0.480933143471
10317.000017125	697.366336634	6.87948838442	573.0	0.9763149	0.75083983401
10317.000013826	664.685185185	5.08819021077	408.0	0.8919584	0.586709024307
10317.000004872	452.5	5.43299515188	298.0	0.94356496	0.661015179134
10317.000014293	556.263157895	5.61790940445	368.0	0.95733252	0.659103486712
10317.000016721	564.138888889	6.66450506709	429.0	0.9815352	0.762107684483
10317.000016763	555.859375	6.22456808898	406.0	0.968135	0.718329692982
10317.000012173	466.578947368	5.26861964163	288.0	0.94676896	0.64487980498
10317.000012951	533.652173913	5.8481272081	414.0	0.9464551	0.672702131687
10317.000004705	634.666666667	5.42184090637	448.0	0.8847698	0.615603771433
10317.000007651	390.625	4.1651697705	268.0	0.86915564	0.516380326594
10317.000001827	548.365384615	5.24559532919	377.0	0.9010785	0.612916273333
10317.000014666	657.383561644	6.50777763786	496.0	0.97040424	0.726785231446
10317.000017146	474.5	4.97365944554	345.0	0.89464178	0.589963517979
10317.000004161	479.590163934	5.93791892792	374.0	0.96175582	0.694745788168
10317.000023299	502.7	5.07459007274	335.0	0.92754576	0.604980879285
10317.000013733	472.5	5.65459636192	390.0	0.94113658	0.656951244556
10317.000012034	292.813953488	4.8400118269	230.0	0.93131428	0.616916444412
10317.000014391	777.942857143	6.51886901313	516.0	0.97321386	0.723416337016
10317.000014646	628.5	5.54638801406	436.0	0.93275104	0.632558327771
10317.000001793	553.466666667	5.88597910871	418.0	0.95178052	0.675977528826
10317.000013214	459.097560976	4.74335211468	302.0	0.89774142	0.575760995577
10317.000023154	503.774647887	5.5032907538	382.0	0.9433098	0.641601447722
10317.000009222	456.789473684	5.86295686385	361.0	0.96301204	0.690096152218
10317.000027198	364.216216216	4.58904186623	270.0	0.89104474	0.568174648918
10317.000007734	572.444444444	5.97678776953	418.0	0.96149434	0.686406484316
10317.000006818	289.935483871	3.72070457371	198.0	0.78936238	0.487682613226
10317.000026639	735.78313253	6.13697928359	524.0	0.9510274	0.679363656783
10317.000005041	302.226415094	4.79325654253	254.0	0.9266807	0.600005724405
10317.000013312	466.553846154	5.50603252376	376.0	0.93374436	0.643634968229
10317.000001285	629.85	6.03836602294	470.0	0.94588864	0.680262997219
10317.000017215	677.0	6.73234611938	488.0	0.98188106	0.753839897526
10317.000016698	690.329113924	6.59478317478	502.0	0.97599834	0.735077875409
10317.000014979	645.147540984	6.08654678209	434.0	0.96764712	0.694688260173
10317.000014538	492.695652174	4.22948180511	316.0	0.8197479	0.509344108831
10317.000004278	315.5	4.31228657321	244.0	0.84773964	0.543743461631
10317.000009556	436.833333333	5.69258388898	347.0	0.95240304	0.674573326186
10317.000022663	603.128205128	5.88895050666	438.0	0.95140278	0.671121756763
10317.000001141	410.923076923	5.41275766937	356.0	0.93718024	0.638618204956
10317.000002359	413.245283019	5.53330287578	329.0	0.950642	0.661724477646
10317.000014236	467.5	5.63942149551	331.0	0.9486467	0.673710678877
10317.000001799	408.105263158	5.02127308659	323.0	0.89507952	0.602404071426
10317.000023213	604.9375	5.63448664418	369.0	0.94910178	0.66074486512
10317.000013652	592.2	5.8238600793	405.0	0.95397064	0.672363112234
10317.000010205	570.058823529	5.37102039371	348.0	0.93581918	0.636154961401
10317.000005989	567.0	5.89762481729	418.0	0.96284856	0.677314984696
10317.000011072	374.5	3.87370983782	223.0	0.8809521	0.496572175969
10317.000013178	311.583333333	3.61788053982	226.0	0.70218316	0.46263398283
10317.000003423	354.227272727	4.34764919675	275.0	0.82702446	0.536529036058
10317.000013306	570.451612903	5.59874682264	395.0	0.94079542	0.649076722215
10317.000002489	408.058823529	5.68342720597	311.0	0.96547864	0.686340361754
10317.000004759	354.127659574	3.94701967633	267.0	0.84423234	0.489662395131
10317.000002687	474.095238095	4.87490754044	341.0	0.88031368	0.579406123204
10317.000004158	528.660377358	5.28394337944	368.0	0.92661586	0.619921977065
10317.000004157	476.323076923	5.31227127506	359.0	0.92583672	0.625868448732
10317.000001321	487.835820896	5.90373432564	390.0	0.95805428	0.685896103721
10317.000003022	494.538461538	6.01094477808	375.0	0.96581738	0.702973076966
10317.000003757	468.0	5.69155199658	357.0	0.95611566	0.671190976577
10317.000002087	508.5	5.52415472499	396.0	0.92919086	0.64015835342
10317.000009214	488.1	4.8804516808	361.0	0.88178418	0.574450913457
10317.000013829	525.161290323	5.46575442397	392.0	0.92716606	0.634467616771
10317.000016757	601.5	5.69228398701	396.0	0.9449026	0.659641759823
10317.000014593	489.789473684	6.07183139657	408.0	0.9591452	0.70013071974
10317.000006047	495.977272727	5.4001536092	347.0	0.93470716	0.639920228338
10317.000010098	575.138888889	5.50745039054	422.0	0.92437072	0.631508743493
10317.000009117	514.25	5.97648805427	383.0	0.96295298	0.696462924647
10317.000026135	577.042857143	6.10765118416	432.0	0.96677858	0.697627603171
10317.000009624	495.942857143	5.83706255195	387.0	0.95921256	0.679029048629
10317.000009075	557.14084507	5.81232394949	406.0	0.96151426	0.67075575662
10317.000001765	607.662650602	6.27621064385	462.0	0.97328718	0.709036215836
10317.000016353	744.666666667	5.85153995891	498.0	0.94506966	0.653073515305
10317.000008949A	540.610169492	5.98586594814	405.0	0.95977756	0.691066647122
10317.000005571	304.34375	3.32764978138	198.0	0.71199792	0.436163879484
10317.000006626	569.508474576	5.5909169399	395.0	0.9492999	0.648168984326
10317.000014608	507.826086957	5.15492372908	350.0	0.90227844	0.609962721421
10317.000015264	537.529411765	5.40386752498	384.0	0.9322934	0.629457324307
10317.000007732	466.5625	5.27217429739	330.0	0.93804064	0.630166297971
10317.000027644	545.643835616	5.69692582025	429.0	0.92423018	0.651461871787
10317.000007697	613.013157895	6.30771170965	464.0	0.96888378	0.712093615138
10317.000004881	416.027777778	5.14262336566	284.0	0.92880826	0.631016311335
10317.000004642	291.076923077	3.17880119847	218.0	0.75119384	0.409207746054
10317.000001353	485.060606061	5.69958231166	384.0	0.95213126	0.663902994472
10317.000028759	420.558139535	5.28318975634	296.0	0.9426475	0.643549517981
10317.000004631	504.614457831	6.30401703935	435.0	0.96742424	0.719236668112
10317.000009433	386.11627907	5.00237391342	271.0	0.92893228	0.618941062313
10317.000009061	583.658536585	6.38801528886	465.0	0.96708836	0.720906515941
10317.000013995	713.443037975	6.40768297227	498.0	0.97409206	0.715143034661
10317.000015155	497.93220339	5.50866864374	358.0	0.95099026	0.6493149767
10317.000022965	665.285714286	6.08255464278	472.0	0.960366	0.684768554694
10317.000016701	685.916666667	6.54354570976	498.0	0.974599	0.730306283343
10317.000022638	453.333333333	4.47604583731	292.0	0.87029914	0.546537450849
10317.000013972	478.614285714	5.81782058211	380.0	0.95741696	0.678870315674
10317.000017163	597.246575342	5.5027666935	423.0	0.9419562	0.630724735629
10317.000001026	618.842105263	6.51453161707	453.0	0.9729094	0.738327153324
10317.000010919	524.046875	5.12553438048	391.0	0.88760602	0.595229313715
10317.000014311	579.157894737	5.47072288841	396.0	0.94241024	0.633966485482
10317.000005039	486.022222222	5.13640722385	322.0	0.92563408	0.616547650036
10317.000004249	581.192307692	5.57034015536	372.0	0.94788736	0.652328909508
10317.000017176	423.022222222	5.13846226342	297.0	0.92649318	0.625549383686
10317.000002258	449.105263158	5.14056598445	342.0	0.91673702	0.61067427534
10317.000013118	590.538461538	6.28101214806	414.0	0.97044364	0.722496298524
10317.000013431	689.766233766	6.65933902408	501.0	0.97863696	0.742511588136
10317.000014197	739.183908046	6.53642633045	524.0	0.9744216	0.723582448131
10317.000015541	398.516666667	4.63902200635	304.0	0.8914584	0.562446990324
10317.000022661	584.166666667	5.98478351372	454.0	0.9548829	0.678043464253
10317.000014258	692.05	6.34010992225	472.0	0.97153364	0.713763897414
10317.000014324	508.637931034	5.27080813834	355.0	0.93593566	0.622168343917
10317.000002369	484.238095238	3.98083741413	347.0	0.75748574	0.471730726823
10317.000002372	451.381818182	5.17496711155	354.0	0.88531292	0.611148816621
10317.000013056	659.342105263	5.8916313872	445.0	0.95717602	0.669681525015
10317.000013852	560.035714286	5.90090716566	427.0	0.96063256	0.675308407183
10317.000012017	657.779661017	5.92342886518	434.0	0.95491608	0.676070790209
10317.000021237	295.256410256	2.26353773938	208.0	0.46177024	0.293949153845
10317.000016489	459.171428571	4.2461436689	291.0	0.81775782	0.518779271646
10317.000012355	537.942857143	6.12274797162	420.0	0.96640328	0.702613663937
10317.000018409	842.731707317	5.63971748566	414.0	0.9391022	0.64872904431
10317.000004077	287.363636364	4.59635059414	201.0	0.92456484	0.600747554672
10317.000004294	546.507042254	6.03455285743	421.0	0.96023902	0.692220330805
10317.000022993	768.358208955	6.35636247701	506.0	0.9708384	0.707599579601
10317.000008963	286.153846154	3.95517507811	226.0	0.81358766	0.505765289659
10317.000013372	461.2	4.83984183974	303.0	0.91789402	0.587133287425
10317.000016407	652.5	6.02218944959	427.0	0.96094266	0.689188128331
10317.000006657	512.411764706	5.64723334055	358.0	0.95408456	0.665647803867
10317.000005805	565.054054054	5.9147081046	441.0	0.95191504	0.673301532572
10317.000012988	307.972972973	3.85675129008	216.0	0.81634474	0.49733168779
10317.000011093	735.04	6.69477290357	525.0	0.97825706	0.740885820772
10317.000004979	538.616438356	5.62694968182	411.0	0.9274888	0.648042518925
10317.000014188	490.0	5.63747122091	367.0	0.93826654	0.661703276244
10317.000011223	750.375	6.7840914844	575.0	0.97614184	0.740022040719
10317.000013608	390.0	5.08400800528	297.0	0.9170324	0.618920196612
10317.000009594	512.58490566	4.98443399338	364.0	0.89845238	0.585866749749
10317.000022994	716.082474227	6.66300086907	550.0	0.97942778	0.73193345188
10317.000002494	379.02173913	4.48463103698	284.0	0.8313112	0.550278551128
10317.000005887	467.267857143	5.10051728981	344.0	0.91663446	0.605311776723
10317.000028817	572.2	5.96782429293	433.0	0.95394662	0.681396688188
10317.000027879	660.208333333	5.94525862915	470.0	0.94632944	0.669773816119
10317.000002325	592.151515152	4.57580580277	397.0	0.8616945	0.530036875763
10317.000026127	504.227272727	5.63855084686	383.0	0.95271196	0.657081814255
10317.000031851	598.661764706	5.70295916961	443.0	0.93638542	0.648714992761
10317.000036428	439.06122449	5.49735197718	336.0	0.94463786	0.65504576391
10317.000026648	376.25	4.59456586171	265.0	0.85688052	0.5707642614
10317.000027761	830.046153846	6.63892099073	530.0	0.97544758	0.733594706525
10317.000030744	498.7	5.35652286881	331.0	0.93634802	0.639914335405
10317.000021239	405.162790698	5.05642750608	283.0	0.93786372	0.62082746204
10317.000036165	617.406779661	6.0788909081	428.0	0.96565504	0.695408552999
10317.000027762	405.37037037	4.6498578802	240.0	0.8860586	0.588076668568
10317.000023342	638.737704918	5.3685409518	392.0	0.9349185	0.623183026352
10317.000029227	573.037735849	5.58891209685	365.0	0.95298448	0.6566111968
10317.000030751	407.019230769	4.57671274833	306.0	0.87084388	0.554256725676
10317.000026658	694.901639344	6.26251951022	451.0	0.9710544	0.710279136019
10317.000036106	342.609756098	3.94365240075	236.0	0.85227226	0.500295697275
10317.000030756	504.108695652	4.36334401165	319.0	0.84912268	0.524603529279
10317.000038402	509.295774648	5.60214494638	380.0	0.95517576	0.653703539758
10317.000033785	796.876712329	6.47859296925	527.0	0.97190382	0.716527006891
10317.000028955	870.6375	6.56057540314	564.0	0.9730953	0.717822478389
10317.000035491	660.318181818	6.17460954003	470.0	0.95897126	0.695611755962
10317.000036399	322.319148936	4.12230107362	239.0	0.87741002	0.521753014423
10317.000002326	494.234042553	5.13708601506	324.0	0.9138427	0.615968634123
10317.000036934	376.6	4.53189645507	238.0	0.89950538	0.574034333779
10317.000036101	513.046153846	5.73156505309	388.0	0.95168424	0.666467807089
10317.000043083	586.918032787	4.88358788936	411.0	0.87281814	0.562431295136
10317.000036085	538.568181818	4.83668452946	348.0	0.8925029	0.572867096865
10317.000036124	425.558139535	3.50149568435	281.0	0.68364404	0.430453918508
10317.000033728	509.352941176	5.04009148778	367.0	0.89846304	0.591585290522
10317.000036081	491.025	5.54774045182	330.0	0.9420032	0.663103847755
10317.000037612	493.5	4.57258042129	290.0	0.87100044	0.559001374095
10317.000028718	484.362068966	5.03420346474	319.0	0.93058142	0.605260758184
10317.000030771	334.307692308	3.6367174575	197.0	0.81614232	0.477131032908
10317.000034241	485.835820896	5.87030212013	388.0	0.9589436	0.682600187683
10317.000009144	293.441176471	4.39265336557	214.0	0.88925392	0.567418729976
10317.000004765	464.1	5.92986611888	366.0	0.96461888	0.696345130933
10317.000006675	624.774193548	6.70825645819	503.0	0.97806558	0.747486801625
10317.000031829	466.181818182	3.89349585813	257.0	0.77304556	0.48634504831
10317.000033666	571.871794872	4.97451728298	333.0	0.92289946	0.593661852356
10317.000031926	862.243589744	5.69078718665	460.0	0.96496542	0.643354653488
10317.000027821	555.636363636	5.14792886782	317.0	0.92667936	0.619609870173
10317.000013063	421.737704918	4.90210941982	318.0	0.90514546	0.589700281622
10317.000014234	435.914893617	4.78427286918	284.0	0.91001698	0.587045560926
10317.000022526	554.977272727	5.13308318419	337.0	0.93280544	0.611328425948
10317.000033713	574.0	3.75843816972	264.0	0.7415277	0.467212087567
10317.000014018	554.872727273	5.80383840861	383.0	0.95865196	0.676343403607
10317.000010207	521.87755102	5.53486215694	356.0	0.9493936	0.653024567375
10317.000006777	365.53125	5.36001486229	321.0	0.93993732	0.643735093245
10317.000014678	512.043478261	2.23227743055	217.0	0.5755693	0.287607124362
10317.000002711	269.176470588	3.40649093891	194.0	0.73354374	0.448227632296
10317.000013755	425.216216216	4.82586119486	286.0	0.9105803	0.591413883343
10317.000016381	411.181818182	4.00009312446	252.0	0.8269484	0.501435722805
10317.000001221	444.181818182	5.52247202419	363.0	0.9339196	0.649410300062
10317.000009497	425.0	4.38201131583	260.0	0.8892882	0.546224184425
10317.000002161	502.068965517	5.4161628008	353.0	0.9506103	0.63994177389
10317.000023343	285.037037037	4.15427486988	185.0	0.89473092	0.551595333692
10317.000036151	546.0	6.04690227599	411.0	0.9646867	0.696407468382
10317.000038424	625.225806452	5.68031736388	407.0	0.93898986	0.655253515785
10317.000036191	541.622641509	5.56522584787	376.0	0.9472811	0.650554450291
10317.000005799	126.714285714	1.83343554662	106.0	0.42319196	0.272511477952
10317.000016723	554.0	5.58351228097	350.0	0.95018886	0.660675991534
10317.000004927	277.384615385	3.49359986693	210.0	0.8017139	0.452876416615
10317.000016717	605.75	6.04506615785	375.0	0.96806666	0.706963533077
10317.000002382	588.7	6.28922532621	460.0	0.96839774	0.711009258954
10317.000001575	472.25	5.36767809781	363.0	0.92508728	0.631207442766
10317.000012154	424.895833333	4.95700171488	300.0	0.92582314	0.602395301357
10317.000006034	591.514705882	5.70922748063	416.0	0.95288764	0.65619987789
10317.000001782	575.083333333	5.80236884049	469.0	0.94428908	0.653902674871
10317.000014556	390.0	3.64348050706	240.0	0.78963196	0.460798143468
10317.000010979	470.444444444	4.87679780317	336.0	0.9037992	0.581102639175
10317.000005228	228.125	0.904218108541	93.0	0.20190958	0.138277435166
10317.000002067	381.447368421	4.5447585521	283.0	0.8707366	0.558004819429
10317.000012156	614.857142857	5.98430054008	431.0	0.96256268	0.683799395818
10317.000008991	453.926829268	5.27719157989	313.0	0.94062414	0.636571722855
10317.000001405	325.733333333	4.99276349101	259.0	0.93488038	0.622786938622
10317.000010776	479.241935484	6.43904634724	401.0	0.97300922	0.744617207704
10317.000013965	489.657894737	5.24716910855	308.0	0.93592488	0.634728994479
10317.000003281	262.333333333	4.55704696337	193.0	0.91727044	0.600207145197
10317.000002272	549.0	4.71519821597	351.0	0.89274248	0.557660051836
10317.000002126	440.170212766	4.88721132545	324.0	0.901793	0.586007101298
10317.000012202	510.243243243	4.85228939448	294.0	0.92645446	0.591766254848
10317.000001794	401.346938776	5.00642852198	325.0	0.9039381	0.599982140761
10317.000002276	489.181818182	5.18499354603	395.0	0.86954856	0.601109270016
10317.000009198	444.388888889	5.1250219459	349.0	0.90081528	0.606720901008
10317.000014594	292.0	3.7211282185	217.0	0.74500452	0.479430993503
10317.000016737	707.342105263	6.08124454157	493.0	0.9581169	0.679814736173
10317.000015605	457.105263158	5.47401545255	336.0	0.9499008	0.652265063008
10317.000009219	536.467741935	4.79482420156	375.0	0.86202118	0.560749174535
10317.000007005	239.384615385	3.55134736241	194.0	0.77159006	0.467287906605
10317.000006703	317.216216216	2.9584272367	223.0	0.675158	0.379241789365
10317.000017746	323.073170732	4.89675800736	236.0	0.92942256	0.621207630067
10317.000026105	318.217391304	4.21560822086	191.0	0.8916207	0.55633755414
10317.000001301	271.133333333	3.33167169862	219.0	0.69325746	0.428522565709
10317.000009097	324.84375	3.98811300697	231.0	0.79542704	0.507926703456
10317.000016414	384.0	4.49786885698	254.0	0.90232188	0.563029964673
10317.000003732	366.6	5.20875190654	283.0	0.9351351	0.639529830625
10317.000013814	438.5	4.12058462894	235.0	0.87846192	0.523148068733
10317.000018426	299.076923077	5.01669715291	249.0	0.92903928	0.63023818282
10317.000002132	518.024096386	4.92688866373	417.0	0.85132726	0.566055060486
10317.000003225	246.45	4.04131881697	212.0	0.85711618	0.522950364296
10317.000009392	270.464285714	2.74607798277	174.0	0.65630234	0.368950534732
10317.000009149	386.949152542	5.31768154038	316.0	0.93744834	0.640392816434
10317.000013912	331.4	4.04923015365	200.0	0.83721076	0.529736569229
10317.000007677	399.9375	4.88028430142	284.0	0.925939	0.598826470301
10317.000017208	431.170731707	5.31745550996	308.0	0.94563526	0.643231258456
10317.000013117	501.275862069	3.8715604692	343.0	0.70763544	0.459692554817
10317.000005026	252.55	3.76871383284	167.0	0.84783712	0.510409637705
10317.000009033	341.772727273	5.63209711545	277.0	0.95380406	0.694142973758
10317.000013524	696.164383562	6.29787871712	504.0	0.964237	0.701535294742
10317.000002274	242.034482759	3.87275123469	181.0	0.83725424	0.516377442017
10317.000008999	376.59375	3.11573703926	225.0	0.66999078	0.398748949197
10317.000016761	473.048387097	5.12128144338	354.0	0.91764938	0.60480869274
10317.000004025	156.052631579	2.96479641607	115.0	0.76605224	0.433102143748
10317.000001128	367.772727273	5.43490720421	303.0	0.94003056	0.659322151286
10317.000003559	477.161290323	5.6414657497	362.0	0.95745832	0.663713886656
10317.000017117	212.0	3.00520103925	136.0	0.71738704	0.424016479036
10317.000014561	574.75862069	6.03858001081	407.0	0.95564526	0.696580935353
10317.000002056	476.0	6.12781565619	373.0	0.96512694	0.717288169484
10317.000002243	394.941176471	4.88434700608	258.0	0.90560252	0.609687735768
10317.000003189	457.4	4.84426541094	324.0	0.89522758	0.580857618454
10317.000016315	370.103448276	3.22908727815	232.0	0.6725791	0.410930909626
10317.000011315	453.421875	5.61394750949	351.0	0.95049846	0.663953903051
10317.000013913	335.344827586	3.3951718856	218.0	0.75186882	0.437061190061
10317.000013498	380.783783784	4.09686966767	247.0	0.86863228	0.515435377897
10317.000002589	558.0	5.5974366569	378.0	0.95891352	0.653734895553
10317.000004086	646.655737705	6.55993016439	461.0	0.97445034	0.74135040091
10317.000013551	395.326086957	3.23669991045	265.0	0.68759222	0.402082087703
10317.000006766	404.2	5.63988585742	333.0	0.94905186	0.673067333918
10317.000011962	472.344827586	3.38790565036	258.0	0.7255174	0.422894712925
10317.000002199	240.303030303	4.08602142861	183.0	0.87985658	0.543664797228
10317.000010556	419.528301887	3.96855461317	298.0	0.77152214	0.48284137298
10317.000028914	500.035714286	4.72180157468	270.0	0.91849422	0.584611783932
10317.000038479	301.0	4.69545131267	232.0	0.91353342	0.597539153579
10317.000042999	477.0	6.0839322547	360.0	0.97061126	0.716443417672
10317.000041554	694.333333333	6.27497883264	461.0	0.97162654	0.709147499547
10317.000037489	539.555555556	5.94609320502	377.0	0.9669389	0.694765238147
10317.000031493	345.788461538	5.21759428042	298.0	0.9240178	0.634808042618
10317.000039813	406.552631579	4.76841476944	271.0	0.89096986	0.589993421928
10317.000009455	379.291666667	5.09850228803	227.0	0.93925866	0.651436874927
10317.000023819	500.206896552	4.62434741294	282.0	0.8621531	0.568132961232
10317.000008950B	335.923076923	3.7040686947	240.0	0.78281884	0.468460850686
10317.000001067	149.833333333	2.03037186473	102.0	0.63873356	0.304292931081
10317.000009526	341.0	5.39204740524	256.0	0.95251	0.674005925655
10317.000010876	267.193548387	5.07366543553	212.0	0.94055644	0.656536964293
10317.000001622	300.277777778	4.35420269026	219.0	0.89377058	0.560041407807
10317.000002271	449.476190476	3.45046790326	209.0	0.78083488	0.447684848225
10317.000002465	455.571428571	6.0674283935	377.0	0.96682722	0.708942525353
10317.000001747	302.5	4.3117232028	222.0	0.86640326	0.553181056378
10317.000002038	335.090909091	3.78699327594	211.0	0.8393924	0.490473335905
10317.000023378	349.0	4.5903363446	266.0	0.86406634	0.569854177226
10317.000010178	300.333333333	4.77579175459	257.0	0.89707138	0.596554550521
10317.000011259	367.317073171	3.75117119852	249.0	0.74825436	0.471252548748
10317.000005025	280.790697674	4.28269571513	223.0	0.87561774	0.549000214087
10317.000001225	178.714285714	2.35000283748	125.0	0.62578572	0.33736371117
10317.000015394	352.235294118	3.51473370056	171.0	0.8351544	0.473820919668
10317.000042586	655.153846154	6.32695148787	457.0	0.9711671	0.716038414635
10317.000001208	294.894736842	4.12680689926	182.0	0.896213	0.549669656275
