	chao1	shannon	observed_otus	simpson	equitability
10317.000002503	464.0	5.39617665936	354.0	0.92818952	0.637273031607
10317.000013618	665.765625	6.62080910623	462.0	0.97993738	0.747966201397
10317.000031796	986.5	6.5033130139	607.0	0.96677034	0.703399052552
10317.000026504	656.158730159	6.12143005915	444.0	0.96482924	0.69605874366
10317.000007104	586.181818182	5.85260031517	410.0	0.9586829	0.674303097429
10317.000007077	657.826086957	5.81005076953	395.0	0.95964438	0.673573717272
10317.000016408	725.683544304	6.42114057612	496.0	0.9724372	0.717109649324
10317.000005802	441.571428571	4.50129286284	280.0	0.8896401	0.553713390647
10317.000006952	406.957446809	5.84714403544	331.0	0.96576036	0.698526148603
10317.000013023	659.772727273	5.96045339113	385.0	0.96728814	0.693986660872
10317.000002645	474.471698113	4.76239130847	342.0	0.88812594	0.565748960326
10317.000002027	568.640625	5.82795930006	410.0	0.95801052	0.671464100758
10317.000027353	890.639175258	6.5482641712	612.0	0.95901062	0.707355496224
10317.000023798	754.375	6.0989635433	457.0	0.9536749	0.690236395022
10317.000041962	756.288659794	6.54151707209	547.0	0.97484552	0.719211822827
10317.000040352	608.523809524	4.34886031798	346.0	0.7900944	0.51559596945
10317.000028811	530.033898305	4.95996723157	379.0	0.90987774	0.579025909651
10317.000027772	1013.375	7.00479149449	605.0	0.98113914	0.758029398425
10317.000027617	799.1	5.51374362449	440.0	0.93460232	0.627891784914
10317.000039952	160.9	4.44648663607	142.0	0.89924726	0.621908238396
10317.000026028	740.960784314	6.08189207573	439.0	0.96715114	0.692850152258
10317.000001441	541.942307692	5.09120192505	368.0	0.89612806	0.59730919436
10317.000016347	764.448275862	6.19485982212	471.0	0.95437984	0.697652091093
10317.000001595	555.015625	6.29326078976	424.0	0.97095882	0.721049283449
10317.000002146	549.041666667	5.8584648032	400.0	0.9589357	0.677760559011
10317.000012158	818.233333333	6.61158989649	565.0	0.97274772	0.723201976859
10317.000014313	399.153846154	4.1072787156	251.0	0.85442362	0.515242586057
10317.000007749	416.902439024	5.51834961439	308.0	0.94088384	0.667532612246
10317.000017335	709.263157895	5.94317882071	468.0	0.96547246	0.670003884687
10317.000002578	521.015384615	5.97542315338	388.0	0.96579758	0.694823687523
10317.000007719	463.0	5.0985810989	331.0	0.93083034	0.609099450393
10317.000006716	541.961538462	5.9724529462	441.0	0.9547756	0.679874923796
10317.000006802	567.275862069	5.77336847297	409.0	0.94323356	0.665444567216
10317.000002898	521.75	5.77207665834	373.0	0.95747392	0.67564733221
10317.000001647	582.625	5.78623147671	391.0	0.95274928	0.67195619719
10317.000002878	416.636363636	5.63841752401	343.0	0.92979792	0.669481615322
10317.000017667	709.5	5.96341185736	438.0	0.96326552	0.679607586698
10317.000009213	478.277777778	5.68269822797	359.0	0.95065994	0.669510523917
10317.000031434	634.762711864	5.20911030369	397.0	0.92005	0.60339548265
10317.000027217	574.063829787	4.73168709622	370.0	0.83417754	0.554621442977
10317.000001546	478.789473684	6.37230882615	383.0	0.9767878	0.742589427355
10317.000009074	549.043478261	5.98372278599	406.0	0.96781556	0.690535582599
10317.000027277	702.3	5.55619042199	467.0	0.92644314	0.626594763183
10317.000001333	266.785714286	4.3266653203	183.0	0.90907458	0.575683624067
10317.000023984	600.185185185	5.80590588653	449.0	0.94798036	0.65897039684
10317.000028933	719.294117647	6.15319572278	469.0	0.96389	0.693439395657
10317.000015568	683.278688525	6.11556901015	445.0	0.96733534	0.695135746264
10317.000006944	560.529411765	2.95118515183	423.0	0.55812842	0.338263564196
10317.000002028	645.666666667	5.56232756885	431.0	0.91334886	0.635582421947
10317.000003896	520.0	5.89112521908	389.0	0.9565216	0.684725833371
10317.000011025	717.914893617	6.27814867924	437.0	0.9720947	0.715744880168
10317.000017293	898.166666667	5.92293423518	526.0	0.95362532	0.655270197929
10317.000031284	427.045454545	3.67763282594	211.0	0.8055613	0.476309491182
10317.000020034	607.359550562	5.93096929947	468.0	0.95643394	0.66862744509
10317.000031847	644.193548387	5.45769422287	407.0	0.93561074	0.629572803513
10317.000013935	625.013157895	6.14807533406	470.0	0.96414164	0.69262249721
10317.000014019	658.0	6.30848740353	491.0	0.96858154	0.705680575371
10317.000023052	480.375	5.39757786562	339.0	0.94008408	0.642175731282
10317.000015385	734.846153846	6.45027357448	487.0	0.97379594	0.722494847192
10317.000017354	738.441558442	6.67011074423	515.0	0.9751259	0.740429993294
10317.000023475	689.68	6.50807151811	482.0	0.97613558	0.730186505476
10317.000003475	615.928571429	5.94744602031	452.0	0.94622342	0.674299925846
10317.000017269	601.548387097	5.65888639145	414.0	0.9375279	0.650934017514
10317.000014801	598.272727273	5.61725081026	367.0	0.95356044	0.659329887281
10317.000009716	655.779069767	6.60126389611	517.0	0.97698362	0.732332916022
10317.000013155	655.067567568	5.83348455563	470.0	0.94673126	0.657181706603
10317.000015604	569.25	5.68810864244	378.0	0.95356038	0.66432464308
10317.000009236	498.058823529	5.63251216992	365.0	0.93527782	0.661733534682
10317.000041289	669.518518519	5.59280755411	422.0	0.93931614	0.641296175298
10317.000030735	763.631578947	6.22441300843	481.0	0.96310132	0.69859570142
10317.000022541	645.882352941	5.17936573544	387.0	0.90142398	0.602518776617
10317.000034132	384.2	3.43069560696	229.0	0.76883566	0.43763317037
10317.000026633	719.095238095	5.81814934168	446.0	0.95230284	0.66108573076
10317.000028715	414.6875	4.83641272514	260.0	0.91172272	0.60286599142
10317.000026126	370.789473684	4.43361608754	275.0	0.89402076	0.547137926279
10317.000033665	617.065217391	4.82708629664	344.0	0.89419706	0.57286193078
10317.000028755	794.633802817	6.17601862608	503.0	0.96225202	0.688180667862
10317.000016485	487.12244898	4.49103852912	316.0	0.85387566	0.540842619201
10317.000001001	490.659574468	4.58012822455	315.0	0.87250956	0.551875337309
10317.000002334	574.85	5.85651574146	415.0	0.95670056	0.673397448455
10317.000006797	405.219512195	4.79521063757	294.0	0.89782458	0.584805152683
10317.000013156	800.714285714	6.56620600038	502.0	0.97604476	0.7318925624
10317.000001529	594.013333333	6.15632166879	447.0	0.9681575	0.699253754173
10317.000002418b	745.06185567	6.44643763118	544.0	0.97101786	0.709377055378
10317.000005849	540.026315789	4.24945427859	302.0	0.83001768	0.515810331375
10317.000011341	562.381818182	5.71488164874	388.0	0.95740904	0.66452785669
10317.000013355	796.473684211	6.37034723089	532.0	0.96645236	0.7034951451
10317.000006794	591.90625	5.32575605068	403.0	0.9218681	0.615364532157
10317.000028723	772.05	5.57500435756	447.0	0.94213258	0.633225964509
10317.000002774	442.459016393	4.61091257432	335.0	0.85193178	0.549702321474
10317.000001531	519.602739726	6.23290252243	410.0	0.96739054	0.718119340211
10317.000018027	780.85	6.4696021279	491.0	0.97557906	0.723703204905
10317.000001948	398.666666667	5.03743560067	272.0	0.92885498	0.622869705809
10317.000001032	419.508196721	5.56942213087	330.0	0.95501546	0.66569539019
10317.000016697	867.93902439	7.05365715334	590.0	0.98460914	0.766321107502
10317.000011162	529.571428571	4.13987341691	386.0	0.7483176	0.481803214023
10317.000005999	468.052631579	4.94846124207	349.0	0.9127721	0.585818928209
10317.000001362	621.358974359	6.56975109616	480.0	0.97667738	0.737603210193
10317.000010947	499.466666667	5.72245580721	316.0	0.96200948	0.68913859611
10317.000002851	516.15625	5.44050223866	379.0	0.93502762	0.635123501955
10317.000035452	682.27027027	6.52641880585	404.0	0.9758336	0.753783713745
10317.000005928	722.379310345	6.16980032718	516.0	0.95161938	0.684679250928
10317.000027807	835.428571429	6.31230067157	497.0	0.96907682	0.704725774283
10317.000031313	885.569620253	6.47193459945	558.0	0.96895122	0.709321410606
10317.000014458	553.038461538	5.48553064381	341.0	0.9480813	0.65198160533
10317.000016759	636.447761194	6.10921188959	456.0	0.96023728	0.691643604731
10317.000014308	652.571428571	6.06811954381	443.0	0.95660968	0.69025220221
10317.000010546	458.357142857	4.58388285781	305.0	0.88612318	0.55544271064
10317.000015305	752.23880597	6.73560573429	525.0	0.97568856	0.745404639518
10317.000014295	536.857142857	5.08333164823	331.0	0.9166641	0.607277682367
10317.000011055	692.766233766	6.21039846114	504.0	0.95393348	0.691790666445
10317.000002818	472.42	3.69895238028	332.0	0.6801313	0.441663876404
10317.000009667	552.120689655	4.79801346361	349.0	0.9088526	0.56800830951
10317.000012254	547.064516129	5.27367476842	381.0	0.92026782	0.615102843993
10317.000026037	639.114285714	6.29403085682	473.0	0.96597296	0.708332874811
10317.000007037	414.303571429	5.72670036267	355.0	0.92708608	0.675982048148
10317.000015594	848.631578947	6.60189057515	503.0	0.97869452	0.735634676679
10317.000004286	531.737704918	5.55810742429	390.0	0.94493102	0.6457411557
10317.000001351	514.0	5.05301583899	339.0	0.90831232	0.601181534082
10317.000010115	538.684210526	5.54890131668	380.0	0.93598944	0.647490642816
10317.000010981	529.178571429	6.03013701422	393.0	0.96301644	0.699682906112
10317.000013028	445.75	5.96713565137	371.0	0.9590069	0.699114602408
10317.000017095	614.428571429	6.43133494522	463.0	0.9758221	0.726304973361
10317.000011048	766.095238095	6.35895906166	493.0	0.96949288	0.710860095706
10317.000002079	473.620689655	5.24752184685	340.0	0.94420478	0.62400736114
10317.000014937	545.956521739	6.26317701364	430.0	0.96776142	0.715939522747
10317.000013653	457.133333333	5.00769154162	314.0	0.91338462	0.603727607714
10317.000021178	647.068965517	5.81132863581	425.0	0.94882642	0.665572820689
10317.000006741	607.625	5.82067221265	416.0	0.95274204	0.669008969801
10317.000014548	651.015873016	6.03539443045	431.0	0.96255954	0.689637667331
10317.000013215	725.333333333	6.14100115632	461.0	0.9621946	0.694006423109
10317.000010867	633.109090909	5.76730759178	396.0	0.96120002	0.66833575731
10317.000026613	557.358490566	5.89653403558	404.0	0.95890666	0.681033727038
10317.000006909	588.081081081	6.13327963219	447.0	0.96413902	0.696636569518
10317.000011163	547.097560976	5.2117333253	333.0	0.91301188	0.621971355988
10317.000012276	632.835820896	6.06502947119	457.0	0.95373732	0.686395983214
10317.000015003	545.357142857	5.47909089733	379.0	0.91995668	0.639628336794
10317.000001613	537.405797101	5.85954717167	414.0	0.95310948	0.67401575459
10317.000006029	541.0	5.84326440186	404.0	0.95691048	0.674881228473
10317.000005024	606.693548387	6.1759009507	452.0	0.95614094	0.700201319839
10317.000026632	779.725490196	6.22907278213	446.0	0.97132974	0.707776801573
10317.000033799	472.384615385	5.1756358146	280.0	0.95252882	0.636665718712
10317.000029152	621.166666667	4.2034957024	337.0	0.7703831	0.500618501399
10317.000022999	618.4	5.43540297826	400.0	0.93497496	0.628816914456
10317.000037575	684.363636364	6.81908679183	515.0	0.97955352	0.756967399966
10317.000027681	587.358490566	6.42369564126	409.0	0.97283568	0.74040196567
10317.000021296	806.761363636	6.46902838284	555.0	0.97241492	0.709607756173
10317.000028712	619.944444444	5.61703981604	413.0	0.9448376	0.646379876557
10317.000027363	704.347826087	5.88606104428	455.0	0.9561194	0.666619011816
10317.000033801	691.862068966	5.58551321416	411.0	0.9378575	0.643270378707
10317.000011225	622.213333333	5.99135261527	444.0	0.96015024	0.681267830214
10317.000011409	506.333333333	5.27219241848	350.0	0.93581256	0.623838684032
10317.000009475	480.06	4.93757491678	330.0	0.90472344	0.590172693609
10317.000012928	588.622222222	5.69790855018	363.0	0.95304504	0.670040605927
10317.000028841	669.714285714	5.99623113827	439.0	0.96542822	0.683091644079
10317.000014534	540.775510204	5.56167553865	367.0	0.94812614	0.65280668958
10317.000016715	650.2625	6.55627574706	477.0	0.97784092	0.736838572829
10317.000008954A	572.051724138	5.79410387467	397.0	0.94373086	0.671158009747
10317.000015912	473.382978723	5.24986730607	329.0	0.93021456	0.627828582459
10317.000016725	610.3	6.37494596312	424.0	0.97788972	0.730408348278
10317.000018358	546.862068966	4.78288353587	349.0	0.87869656	0.56621716725
10317.000010102	519.0625	5.55203271985	355.0	0.95304524	0.655364208299
10317.000008949B	479.456521739	5.96507725082	374.0	0.95819164	0.697923354362
10317.000010869	665.637931034	6.13701837231	438.0	0.95807826	0.699392285035
10317.000014571	645.263888889	6.43517532952	473.0	0.9737926	0.724217333019
10317.000010827	563.0	5.95655780361	393.0	0.96353976	0.691145435772
10317.000014162	644.593220339	5.88765170547	429.0	0.95836218	0.673271992913
10317.000016736	612.43902439	5.76656415561	465.0	0.95282584	0.650773908075
10317.000001929	561.3	5.761173066	408.0	0.95339666	0.664309329723
10317.000003196	593.888888889	6.13560361044	465.0	0.96049708	0.692421107651
10317.000028833	261.333333333	4.10261682172	192.0	0.89096402	0.540888214192
10317.000004291	952.8125	6.34029885986	548.0	0.97203046	0.696886843446
10317.000035347	989.119047619	6.30455958549	560.0	0.971612	0.690586497734
10317.000031035	510.358490566	4.92346503089	332.0	0.8842088	0.587873653761
10317.000016765	690.784810127	6.11923739201	473.0	0.9627888	0.688661544904
10317.000004918	650.035294118	6.26577971419	485.0	0.97046082	0.702296729832
10317.000001347	584.042253521	5.92146691368	437.0	0.95182424	0.675081117554
10317.000005938	473.452054795	5.68643465711	407.0	0.94111584	0.655959176691
10317.000003982	492.553846154	5.11545192264	379.0	0.88573322	0.597177171641
10317.000001934	538.338709677	5.49329144801	401.0	0.91994216	0.635249246322
10317.000015355	551.0	5.95323373833	416.0	0.9538437	0.684245156704
10317.000002418a	784.095890411	6.43260024513	506.0	0.97741988	0.716086479595
10317.000026083	642.338709677	5.67317704394	432.0	0.93315522	0.648001135656
10317.000009476	406.0	4.69777373734	301.0	0.88646534	0.570559962904
10317.000003729	555.967391304	5.76806886232	469.0	0.9428991	0.650037210939
10317.000017219	726.225806452	6.4119552004	475.0	0.97360978	0.721110118555
10317.000004283	251.3125	3.12822535546	148.0	0.74922776	0.433906039308
10317.000003473	590.717647059	6.5599666812	501.0	0.96835962	0.731431642234
10317.000007068	306.068181818	4.9485822826	243.0	0.93188614	0.624441560018
10317.000011342	582.368421053	6.01468793997	445.0	0.94977826	0.68366894115
10317.000026056	443.175438596	4.73479261745	320.0	0.90847816	0.568953800545
10317.000012209	576.318181818	5.77044834586	407.0	0.94770618	0.665650583245
10317.000016355	698.514285714	6.4590841315	476.0	0.97549274	0.726162615511
10317.000015185	472.1	5.22503556737	359.0	0.91053254	0.615590721143
10317.000003028	460.181818182	5.27624797494	366.0	0.91333688	0.619590647291
10317.000012985	706.278688525	6.19799988688	468.0	0.9614545	0.698731121303
10317.000016755	645.259259259	6.05130569118	470.0	0.94282066	0.681720738844
10317.000014327	439.615384615	5.58535356591	354.0	0.95570562	0.659614283268
10317.000013249	483.146341463	5.29980314925	309.0	0.9459602	0.640733462916
10317.000008950A	367.609756098	3.83799238728	261.0	0.79645906	0.478081381237
10317.000016716	558.898305085	6.1444658776	401.0	0.96917084	0.710551652818
10317.000022662	585.060606061	5.93120778617	418.0	0.95856154	0.681171833642
10317.000022443	548.2	5.17614162499	392.0	0.9297673	0.600849212412
10317.000017074	482.784313725	5.44991401962	352.0	0.94447994	0.644241157717
10317.000002511	523.7	4.89439788086	356.0	0.88724168	0.577460100736
10317.000013821	441.41025641	5.03531015876	296.0	0.92886632	0.613355108373
10317.000004819	415.88372093	4.9767788876	279.0	0.9206935	0.612592881934
10317.000017075	575.12244898	4.9677050269	365.0	0.8979846	0.583628922147
10317.000010834	591.016129032	5.64339670688	401.0	0.93911454	0.65260755572
10317.000014303	529.277777778	6.04265782051	374.0	0.96815248	0.707000402177
10317.000015265	630.108695652	5.61952677736	374.0	0.95635878	0.6574934093
10317.000003193	405.734693878	4.89834494625	290.0	0.92058826	0.598826330751
10317.000013619	676.837837838	6.66160103933	494.0	0.97762464	0.744448776735
10317.000005015	660.158730159	5.94741119374	424.0	0.96633218	0.681423624872
10317.000022925	352.145833333	5.26797119761	276.0	0.94608856	0.649683086694
10317.000003439	556.791044776	5.31019913472	390.0	0.93991644	0.616939160129
10317.000016735	626.723684211	6.09457382184	453.0	0.96494776	0.69073106174
10317.000011168	556.6875	5.95500302877	382.0	0.96165474	0.694264347529
10317.000004972	544.014925373	6.30080674344	413.0	0.97177088	0.725064236397
10317.000009382	577.923076923	5.97473242498	406.0	0.9674343	0.689498073944
10317.000027308	511.264150943	5.51091409114	372.0	0.91593002	0.645369668493
10317.000003895	563.304347826	5.9924133743	412.0	0.96439698	0.6898535671
10317.000001322	442.078431373	5.06768540409	318.0	0.93521412	0.609618279405
10317.000026106	554.660377358	5.59631895723	384.0	0.93411754	0.651874595464
10317.000008957B	566.4375	6.34640134089	423.0	0.9710868	0.727421773606
10317.000001047	378.0	4.85962552989	279.0	0.91026258	0.598172447623
10317.000017071	450.558139535	4.55901939026	306.0	0.84689362	0.55211399502
10317.000015262	562.181818182	5.49242202987	386.0	0.95020758	0.6392143721
10317.000003981	492.048387097	5.42901974808	373.0	0.94597364	0.635490989886
10317.000014334	742.558823529	6.43219369876	503.0	0.97117964	0.716725713348
10317.000011378	710.791044776	5.77212011847	454.0	0.95586092	0.653949856706
10317.000016718	522.545454545	5.92753471115	373.0	0.967001	0.693844391062
10317.000016714	662.444444444	6.59507219534	458.0	0.97874434	0.746116092969
10317.000007748	444.0	5.32084855315	341.0	0.92594298	0.632408349648
10317.000007073	718.04	5.79185024679	471.0	0.95656998	0.652265999876
10317.000001247	733.358974359	6.71360702809	508.0	0.98023024	0.746895375913
10317.000002036	399.322580645	5.00077382901	273.0	0.92903408	0.617932027605
10317.000012112	548.381818182	5.80446613998	379.0	0.96068382	0.677612599
10317.000002437	379.56	4.92127653327	303.0	0.91808228	0.597012333251
10317.000003731	516.113924051	5.51775022243	405.0	0.94589974	0.637022809883
10317.000013171	553.788461538	5.50152688759	372.0	0.93936966	0.644270356049
10317.000001487	463.737704918	5.76781115098	360.0	0.96038242	0.679217019601
10317.000014306	560.625	5.34892682999	351.0	0.93506208	0.632610269316
10317.000002064	550.666666667	6.24802252181	436.0	0.96873976	0.712578829365
10317.000002336	502.238095238	5.36099806851	365.0	0.90847358	0.629834804485
10317.000006074	480.114285714	5.71745642059	364.0	0.9624444	0.672025673208
10317.000012061	430.015384615	4.6254540723	322.0	0.89124424	0.555215487079
10317.000016756	597.28	6.03416333184	434.0	0.9627354	0.688709472986
10317.000011018	763.666666667	6.26690031847	517.0	0.96071472	0.695239193111
10317.000015261	676.710144928	5.81006910257	438.0	0.95882954	0.662132204817
10317.000013458	559.238095238	6.33051423973	422.0	0.96917624	0.725884903124
10317.000041935	509.027777778	4.27148108542	314.0	0.81219192	0.514970028737
10317.000033721	785.684210526	6.24713030403	464.0	0.97087572	0.705254426203
10317.000031491	464.147540984	6.37486863526	383.0	0.97700268	0.742887731664
10317.000017671	433.042553191	5.1814164201	296.0	0.93960582	0.631152427493
10317.000036943	488.710144928	5.97457035642	397.0	0.96137244	0.692062281976
10317.000036102	565.041666667	6.2691940303	426.0	0.96950628	0.717733536989
10317.000028894	559.241935484	5.27429372744	379.0	0.937524	0.615720342639
10317.000040358	532.170212766	5.63150519964	351.0	0.95010236	0.66603042708
10317.000031506	665.35	6.14055266431	448.0	0.95967768	0.697207358924
10317.000016446	663.47826087	5.89709131373	465.0	0.9428547	0.665504285907
10317.000028793	546.571428571	5.43944252616	348.0	0.94983188	0.644259022797
10317.000042026	830.967741935	6.51383503442	510.0	0.97343558	0.724213817051
10317.000037582	588.06122449	5.74514579688	375.0	0.95537824	0.671888191883
10317.000029202	513.567567568	4.64784301401	327.0	0.86597998	0.556418211137
10317.000022618	806.285714286	6.36063056651	524.0	0.96725558	0.704121855628
10317.000021229	536.03030303	3.30786341125	266.0	0.69615812	0.410645242763
10317.000034121	485.777777778	4.5011119641	243.0	0.91004584	0.567977092461
10317.000036071	474.12244898	4.90970724939	321.0	0.90952174	0.589653375073
10317.000036166	622.685185185	5.77989745893	393.0	0.96081284	0.670647357027
10317.000031593	601.692307692	4.85694807115	334.0	0.88275562	0.579331987593
10317.000034194	897.48	6.04198568626	534.0	0.9496307	0.666834615334
10317.000036131	863.5	5.99482320005	482.0	0.95958198	0.672601551966
10317.000002347	400.909090909	4.99552370413	318.0	0.92350144	0.60093757256
10317.000016767	674.428571429	6.20672275505	434.0	0.9659795	0.708404549649
10317.000036109	478.416666667	4.11002515471	270.0	0.80922446	0.508867028759
10317.000004973	583.035714286	6.30852416371	450.0	0.96730222	0.715756838846
10317.000031379	817.264150943	5.89932425617	453.0	0.95099218	0.668602370918
10317.000004737	532.0	5.73093226842	400.0	0.92950538	0.663006434004
10317.000006666	483.277777778	4.80518330772	328.0	0.90945684	0.574951050866
10317.000003969	320.87755102	5.00817177883	258.0	0.9347921	0.625144140736
10317.000001749	608.317073171	6.28406094544	481.0	0.96393026	0.705290275243
10317.000009507	567.45	6.34618267094	451.0	0.9740437	0.719768000271
10317.000040348	835.5	5.97946339943	487.0	0.95690474	0.669759421082
10317.000026595	846.170731707	6.068162972	422.0	0.96240674	0.695802540562
10317.000012335	536.516666667	5.5051210448	388.0	0.93575894	0.640136841596
10317.000022554	686.338235294	6.32183754131	465.0	0.9728839	0.713438160394
10317.000003718	713.795180723	6.45002771629	524.0	0.96875972	0.714018120838
10317.000006113	582.549019608	5.18477283278	375.0	0.91082282	0.606353218369
10317.000006662	642.909090909	6.28082471818	437.0	0.97074994	0.716049963922
10317.000013756	756.649350649	6.64475563837	521.0	0.97223786	0.736249627223
10317.000001216	529.590361446	6.24201818728	445.0	0.9691802	0.709508790369
10317.000016722	544.305084746	6.15236958075	391.0	0.97211262	0.714475887083
10317.000016358	393.571428571	4.93158209171	310.0	0.91872868	0.595880613947
10317.000035392	800.015873016	5.9822470325	455.0	0.96536134	0.677512444273
10317.000043118	777.214285714	6.52505293327	518.0	0.97184194	0.723654393559
10317.000006685	434.382978723	4.95727299181	290.0	0.92727242	0.606030328365
10317.000005992	439.936170213	4.27944724098	317.0	0.82319496	0.515078552458
10317.000012947	639.121621622	5.96973585836	445.0	0.96134292	0.678559392268
10317.000012122	585.0	5.70333688951	414.0	0.94957006	0.656047097947
10317.000004758	532.868421053	5.68833263349	403.0	0.95031922	0.657258446772
10317.000042014	814.5	6.66740206531	568.0	0.97655506	0.728697960526
10317.000027267	698.844827586	6.32313485748	474.0	0.96804178	0.711364326814
10317.000006625	421.733333333	4.95208457096	305.0	0.91348032	0.600058806635
10317.000008951B	310.583333333	4.20885236835	225.0	0.87791136	0.538644769459
10317.000006778	763.8125	6.56504928062	537.0	0.97685752	0.723917718505
10317.000012971	804.278481013	6.37711154652	537.0	0.96848768	0.70319411844
10317.000017652	774.301075269	6.92800020449	573.0	0.9799422	0.756134501999
10317.000015254	665.638888889	6.24666705866	480.0	0.96517762	0.701329716763
10317.000001438	574.524590164	5.93080768848	401.0	0.96525974	0.685844024452
10317.000006803	504.103448276	5.76531334194	381.0	0.9554725	0.672445834995
10317.000013299	643.0	5.85016322741	459.0	0.95303562	0.66160726506
10317.000036039	508.027777778	5.25503882462	313.0	0.9322132	0.633899502721
10317.000011026	826.109090909	5.84474032682	457.0	0.9449394	0.661465257888
10317.000012993	593.288135593	5.92268901847	426.0	0.96133018	0.678063642179
10317.000009419	648.892857143	6.0879035416	433.0	0.96011508	0.695107145861
10317.000010693	726.493670886	6.30544216508	518.0	0.96887454	0.699298683515
10317.000008951A	319.365853659	3.98959632337	226.0	0.8589576	0.510166882694
10317.000001669	444.0	5.12569660495	333.0	0.92576816	0.61170368259
10317.000036068	576.166666667	5.77401920769	414.0	0.95044354	0.664177589029
10317.000042981	684.058823529	6.17823062624	455.0	0.9655715	0.69970833871
10317.000028776	855.9375	6.7665343631	592.0	0.97421104	0.734737893169
10317.000004011	320.02173913	4.77057413744	266.0	0.916121	0.59222928254
10317.000004285	636.202702703	6.19818212701	477.0	0.96418202	0.696593591972
10317.000026116	516.859375	5.07522679253	367.0	0.90422962	0.595709328651
10317.000022498	729.775510204	6.37146619975	457.0	0.96974442	0.7210762664
10317.000023929	734.551724138	5.31721525321	466.0	0.86943328	0.59985374477
10317.000009558	496.563380282	5.51034918952	396.0	0.93829452	0.638558519728
10317.000002051	665.519230769	5.8392568394	427.0	0.93486824	0.668253054088
10317.000016726	727.68	6.79857280956	520.0	0.98016514	0.753524235594
10317.000005927	670.358974359	5.85075252106	499.0	0.93220058	0.652774785914
10317.000013539	619.077922078	6.18944644751	472.0	0.96231802	0.696802338348
10317.000004289	695.105263158	6.10330013563	449.0	0.95582496	0.692724648145
10317.000011073	687.090909091	5.4966479782	398.0	0.94464236	0.636434743861
10317.000001111	460.078431373	4.91429720767	336.0	0.88775426	0.585570940671
10317.000013053	440.178571429	4.25372714006	304.0	0.85901476	0.515732847206
10317.000010225	666.639534884	6.891826591	515.0	0.9826941	0.765042037866
10317.000003226	633.428571429	6.41115573969	495.0	0.9698133	0.7162274404
10317.000013167	543.924050633	6.03017236249	426.0	0.96298298	0.690368956115
10317.000010879	500.466666667	5.09262695407	365.0	0.91720522	0.598305326908
10317.000013055	664.4375	5.38322633201	419.0	0.9222549	0.61799402535
10317.000006665	555.909090909	6.94852607252	484.0	0.98483582	0.779082029589
10317.000002638	467.828947368	5.701554936	377.0	0.95521146	0.66619241178
10317.000002443	673.0	6.70142020905	522.0	0.97681714	0.742300618947
10317.000017349	827.344262295	7.00053501361	533.0	0.98224824	0.772857298602
10317.000005814	508.513888889	6.20871076053	411.0	0.97020794	0.715042569783
10317.000020071	564.333333333	5.85358001836	394.0	0.9633237	0.678908007157
10317.000004026	543.154929577	6.08459827362	434.0	0.95421838	0.694465867081
10317.000013134	592.327868852	6.26016333648	414.0	0.97551594	0.720098088038
10317.000004822	462.220338983	6.15492660239	380.0	0.9670829	0.718206570062
10317.000009101	541.828947368	6.66003885538	451.0	0.9800513	0.755364775524
10317.000013159	652.096774194	6.25129145788	467.0	0.96602038	0.704984205569
10317.000016772	547.5	6.26609709735	440.0	0.97032608	0.713567978283
10317.000006635	501.666666667	5.36424399348	403.0	0.91239356	0.619811621864
10317.000001734	580.03125	6.24928480563	428.0	0.96742318	0.714901150499
10317.000001286	494.779411765	5.67267199838	405.0	0.9353716	0.654908488113
10317.000014397	699.135135135	6.38339497376	479.0	0.97462144	0.716922695557
10317.000016731	638.054054054	6.28917391322	464.0	0.96208954	0.710000836159
10317.000016458	839.511627907	6.67628387648	567.0	0.97205822	0.729871466886
10317.000009174	499.3125	6.26085546464	423.0	0.96690722	0.717616542313
10317.000013222	624.058823529	5.38225142871	402.0	0.92480734	0.622149955965
10317.000004847	414.528301887	5.48233404209	323.0	0.93753218	0.65771773232
10317.000002261	574.483146067	6.15291449871	462.0	0.96019928	0.695107200839
10317.000016729	725.794520548	6.6338244748	510.0	0.9772107	0.737554346888
10317.000001652	485.107142857	6.26404436276	380.0	0.9733225	0.730939312054
10317.000017083	571.807692308	5.71921665988	382.0	0.9578076	0.666775181064
10317.000002606	458.243243243	5.64477526629	390.0	0.93147258	0.65581022925
10317.000011357	590.181818182	6.13932329506	462.0	0.96427626	0.693571775062
10317.000004813	584.044117647	6.24953625809	443.0	0.9652694	0.710888461209
10317.000013453	517.358490566	5.4489059475	364.0	0.93070016	0.640460445737
10317.000016768	709.5	6.45609761265	492.0	0.97191102	0.721955509135
10317.000013174	436.15625	4.0623090418	272.0	0.81459746	0.502297088907
10317.000016166	566.981132075	5.45179476345	370.0	0.93199984	0.639028367056
10317.000011358	675.654761905	6.92707473093	528.0	0.9823994	0.765897045121
10317.000001436	546.0	6.12104798216	453.0	0.96205358	0.693731521723
10317.000009385	657.0	6.53977270755	498.0	0.97449998	0.729885189438
10317.000006053	518.318181818	5.46418880819	399.0	0.92712836	0.632411331915
10317.000002185	417.326086957	5.32143246867	314.0	0.93243632	0.641552233643
10317.000016488	407.8125	4.19149578911	250.0	0.83530492	0.526187458677
10317.000001516	407.222222222	4.99333982845	321.0	0.88592996	0.599697605819
10317.000011352	629.651685393	6.40187208206	499.0	0.96584618	0.714263791329
10317.000004009	458.590163934	5.53855206259	353.0	0.94694548	0.654402565447
10317.000013801	544.132075472	5.71539760757	381.0	0.9524805	0.666623839607
10317.000003996	772.625	6.63296915813	575.0	0.964564	0.723537320172
10317.000017339	593.241935484	5.94598936496	413.0	0.95001446	0.684233688491
10317.000010183	767.75	6.86450356591	568.0	0.97834674	0.750239703486
10317.000012318	491.0	5.14937404387	372.0	0.88832776	0.603030597952
10317.000007666	567.014492754	6.25287135648	432.0	0.96773418	0.714214929082
10317.000002349	465.135135135	5.6584184324	375.0	0.94994256	0.661745526376
10317.000015908	396.725806452	5.48694594811	312.0	0.94966936	0.662242556627
10317.000001423	439.056603774	4.82532681612	328.0	0.8945403	0.577361267206
10317.000005845	491.230769231	6.14476097226	399.0	0.9657804	0.711179025319
10317.000009118	536.158730159	5.79189300662	401.0	0.95833924	0.669779803612
10317.000005576	612.241935484	6.07642757297	432.0	0.96683506	0.694061182564
10317.000002801	646.096774194	6.55920415907	461.0	0.97196	0.741268353644
10317.000013265	754.666666667	6.41253001473	533.0	0.966963	0.707941695135
10317.000010833	439.188679245	4.9424327141	324.0	0.91100374	0.592628490007
10317.000013238	438.5	4.89821209897	266.0	0.94091612	0.608074532233
10317.000012983	624.5	5.81779644855	454.0	0.92256928	0.659124736801
10317.000004915	560.22	6.01443418032	382.0	0.96537666	0.70119313152
10317.000001099	843.0	7.33010074633	646.0	0.98659334	0.785194883966
10317.000015856	821.0	6.46698925354	542.0	0.97156058	0.712054957928
10317.000003061	568.041666667	5.98629909193	429.0	0.95644794	0.684552640242
10317.000028859	561.01010101	6.35591537841	475.0	0.97114108	0.714807691072
10317.000012903	713.909090909	6.46110341013	500.0	0.9737598	0.720640069513
10317.000004736	657.754098361	5.70393908964	457.0	0.91082186	0.64553039655
10317.000010962	605.970588235	6.13881610958	446.0	0.9626601	0.697521410241
10317.000002348	652.181818182	5.74531261731	469.0	0.92732386	0.647472677402
10317.000002444	517.615384615	5.73160650937	378.0	0.95075392	0.669404838755
10317.000015584	618.413793103	5.63166236314	461.0	0.93493478	0.636445060553
10317.000023375	708.347826087	4.98490921072	467.0	0.85437632	0.562168998748
10317.000015624	797.0	6.15612085445	542.0	0.95848584	0.677826451252
10317.000006671	635.795180723	6.57823282849	492.0	0.9754606	0.735613324929
10317.000009102	538.781818182	5.38982374238	391.0	0.92326666	0.62592128919
10317.000015214	843.542857143	6.36233024178	521.0	0.97184044	0.704956438388
10317.000002172	627.161764706	5.81106602331	433.0	0.94419774	0.663498278229
10317.000001189	513.4375	5.66070357835	370.0	0.9488128	0.663515469863
10317.000007678	326.489795918	3.0306793793	262.0	0.70009324	0.377258782305
10317.000003358	590.428571429	5.82871117009	389.0	0.95546096	0.677471444758
10317.000009231	525.567567568	5.11065629887	414.0	0.90061668	0.587871854396
10317.000018318	525.397058824	6.30669878038	429.0	0.9679187	0.721191379684
10317.000013859	677.328947368	6.08360918185	477.0	0.9539096	0.683717110162
10317.000013757	533.64516129	6.52344443713	468.0	0.9698068	0.735420091885
10317.000012298	701.381578947	5.78673019117	475.0	0.93885898	0.650795204237
10317.000017171	749.986486486	6.15646392075	497.0	0.96355974	0.687327652648
10317.000014587	445.666666667	5.20982053981	320.0	0.93524374	0.626035274567
10317.000016764	657.0	6.15996942384	426.0	0.96747044	0.705228873274
10317.000016727	614.482758621	6.00253011982	414.0	0.96493612	0.690462888961
10317.000002013	571.808823529	5.83844654081	456.0	0.93835726	0.660989385292
10317.000013454	553.472727273	6.32470298144	408.0	0.97491418	0.729288835827
10317.000016766	729.285714286	6.09167508854	443.0	0.96317256	0.692931659414
10317.000001234	565.62295082	4.66913391998	375.0	0.84814848	0.546049840695
10317.000026623	927.303370787	6.57443892578	621.0	0.96448836	0.708570861477
10317.000006761	628.625	6.88119546059	507.0	0.98113068	0.765781938836
10317.000009532	574.590163934	6.61737101069	435.0	0.97983718	0.754987787578
10317.000005846	434.873015873	6.21568160823	364.0	0.97233888	0.730586699738
10317.000004821	839.131578947	6.81185017256	622.0	0.97214842	0.733974617117
10317.000002712	573.208333333	5.62874017704	440.0	0.93405772	0.640987314114
10317.000013734	715.763157895	6.69520554515	520.0	0.97914254	0.742067457667
10317.000009659	571.288135593	5.84077271751	404.0	0.9549739	0.674593445672
10317.000017292	648.555555556	6.89008389274	505.0	0.98156348	0.767257995621
10317.000015862	591.447761194	5.9583420871	411.0	0.9640778	0.686208200371
10317.000002446	541.082191781	4.43573368892	388.0	0.84127784	0.515788214406
10317.000006678	498.109090909	5.75960954782	381.0	0.95097166	0.671780564544
10317.000014224	642.052631579	6.632903739	446.0	0.98151316	0.753661990754
10317.000017218	658.533333333	6.51985402008	467.0	0.97752246	0.735271125614
10317.000009661	622.0	6.20667869891	451.0	0.96599224	0.703945812322
10317.000006729	526.278688525	5.78005525621	378.0	0.96255058	0.675063256777
10317.000013686	469.0	5.51643256181	321.0	0.95277582	0.662520780406
10317.000010845	687.615384615	6.51620062679	464.0	0.97746218	0.735630459173
10317.000017205	809.5	6.3684594687	514.0	0.9628487	0.707164665139
10317.000014551	497.092307692	5.81525451202	374.0	0.96356518	0.680393859935
10317.000005238	549.243589744	5.7061743709	435.0	0.93660938	0.651027720352
10317.000022448	698.171875	5.84147482569	463.0	0.94925918	0.659690756865
10317.000001004	348.357142857	5.29678203147	275.0	0.9458389	0.653658386164
10317.000014122	622.154929577	5.80843610898	443.0	0.95494698	0.660713057262
10317.000016728	796.04	6.74665481555	549.0	0.97570914	0.741336681247
10317.000010773	479.681818182	4.45971362371	366.0	0.84864016	0.523704887255
10317.000005553	502.238095238	6.32900470452	400.0	0.97040968	0.732196899806
10317.000014054	675.592105263	6.38153945071	504.0	0.97171418	0.710854457596
10317.000026081	533.5625	5.399953107	388.0	0.9409471	0.627907887684
10317.000016769	584.131147541	5.65178924925	396.0	0.94769106	0.654949088105
10317.000004738	682.011764706	6.41169455237	509.0	0.9703908	0.713082241486
10317.000036427	657.012048193	6.36736967334	488.0	0.97047426	0.712972449269
10317.000043092	616.590909091	6.33288419643	445.0	0.96524364	0.719837217859
10317.000036069	360.833333333	5.16014786434	264.0	0.9393911	0.641458857904
10317.000028711	571.157894737	5.68431434944	388.0	0.9503182	0.66097348354
10317.000027901	827.511111111	6.86145132046	586.0	0.9779922	0.746235210903
10317.000031057	641.666666667	5.72629299774	419.0	0.94851088	0.657378055789
10317.000021275	732.313432836	5.41316706005	450.0	0.92383648	0.614170801681
10317.000031439	734.882352941	5.72034006449	419.0	0.94367146	0.656694659447
10317.000036437	715.615384615	6.20478122444	492.0	0.96386888	0.693851960848
10317.000043117	709.48	6.00459952486	485.0	0.95911864	0.673022481258
10317.000040144	463.5	4.58186197178	306.0	0.85307228	0.55488031555
10317.000039994	558.211267606	5.67933287355	405.0	0.94073856	0.655677484397
10317.000036067	670.580645161	6.61748472134	455.0	0.97949398	0.749455551423
10317.000036877	750.865853659	6.5756441985	550.0	0.97140688	0.722337284824
10317.000038417	563.744186047	5.86426256189	457.0	0.9475462	0.663674642657
10317.000031891	481.060240964	6.17049960424	419.0	0.96330346	0.70837294471
10317.000028719	707.666666667	5.85721972283	424.0	0.95981166	0.671089952449
10317.000023341	728.8	5.34575697448	420.0	0.9358507	0.613450351341
10317.000035492	620.265822785	6.35133251978	475.0	0.96341186	0.714292287326
10317.000027775	771.417910448	5.94525011775	492.0	0.94940194	0.664829798621
10317.000036094	421.625	4.16175474032	299.0	0.81499844	0.506049841086
10317.000039831	552.098360656	5.63383832714	423.0	0.93661732	0.645748109521
10317.000043164	458.468085106	5.29458719592	319.0	0.94016446	0.636566615338
10317.000036422	644.4	6.33469175255	464.0	0.9691072	0.715139460791
10317.000036939	622.593220339	5.55333992023	407.0	0.94717126	0.640606021455
10317.000036147	633.0	6.07184999306	474.0	0.94410674	0.683094316377
10317.000035412	653.818181818	6.07496589006	434.0	0.96242274	0.6933664746
10317.000031272	332.0	3.85195093849	203.0	0.82259936	0.502515607941
10317.000037565	635.181818182	5.70921939459	432.0	0.9359884	0.652117961902
10317.000014232	660.616438356	6.18077187736	495.0	0.9638222	0.690489921188
10317.000009677	558.774647887	5.40580852911	395.0	0.94545966	0.626708903287
10317.000036045	693.052631579	6.28390884183	429.0	0.97035606	0.718585276587
10317.000018424	639.105263158	4.82359926914	393.0	0.8808573	0.559687109363
10317.000014978	742.553846154	6.33123481254	475.0	0.97019816	0.712032031352
10317.000017133	660.803278689	5.83219146735	439.0	0.95314874	0.664404217608
10317.000026136	655.05	6.01052715932	435.0	0.96298888	0.685751878633
10317.000013197	706.75862069	6.28958291037	462.0	0.9730478	0.710546907842
10317.000001936	575.9375	4.78957849445	340.0	0.91190564	0.569551175682
10317.000009495	387.063829787	4.78798537844	288.0	0.92110096	0.586050101756
10317.000033748	599.722222222	5.12778557597	390.0	0.87071786	0.595746345156
10317.000006717	480.247058824	6.0064671661	411.0	0.95944658	0.691750652176
10317.000022553	835.37037037	6.46730223737	554.0	0.9710932	0.709620935016
10317.000034127	553.75	5.56653873443	397.0	0.94158392	0.644798080772
10317.000005085	378.08	5.75033901261	337.0	0.96091182	0.684840975902
10317.000009648	630.714285714	6.06280064938	458.0	0.95592206	0.685898955916
10317.000013001	739.285714286	5.95493908294	486.0	0.94988288	0.667234082569
10317.000034147	974.857142857	5.62092522317	524.0	0.94268904	0.622236468082
10317.000028856	624.519230769	5.43185377429	395.0	0.94060338	0.629728393703
10317.000005163	407.117647059	4.43936834794	273.0	0.88373702	0.548560678474
10317.000009628	537.631578947	6.03503306317	429.0	0.96213854	0.69012552729
10317.000016762	545.223880597	5.75795622104	400.0	0.94605948	0.666132810938
10317.000014291	630.45	6.4762745496	487.0	0.96841598	0.725407215223
10317.000011191	526.0	6.04800962845	399.0	0.96762966	0.699981270565
10317.000013764	761.8	5.85658495808	453.0	0.94897832	0.663758494773
10317.000016333	722.375	6.11319003394	473.0	0.9666756	0.687980972688
10317.000034126	653.214285714	6.00806809073	448.0	0.95643854	0.682164866058
10317.000006036	520.639534884	6.46602560428	439.0	0.97384052	0.736610707432
10317.000013902	803.388888889	6.22661148024	527.0	0.9590971	0.688658063284
10317.000015295	577.319148936	4.83824122593	349.0	0.88807684	0.572770635303
10317.000006795	762.369863014	6.25156208278	519.0	0.9610376	0.693109285228
10317.000002141	550.0	5.09213552772	346.0	0.91153454	0.603717839162
10317.000006017	458.914893617	4.88777434001	317.0	0.88991178	0.588297410863
10317.000014451	524.92	5.37157069406	352.0	0.93567782	0.634980095143
10317.000013984	636.637931034	6.09103162639	409.0	0.97037288	0.702058758851
10317.000015587	439.178571429	4.89649374787	318.0	0.8943343	0.589024743186
10317.000003508	597.4	6.08117615474	439.0	0.9560331	0.69276859442
10317.000036114	447.1875	5.19847455535	320.0	0.93266264	0.624671890465
10317.000010712	555.166666667	6.37710515972	446.0	0.97349052	0.724596942612
10317.000013986	585.878787879	5.95650090578	412.0	0.95996716	0.685719282136
10317.000014259	667.892307692	5.76108530507	439.0	0.94645986	0.656303791827
10317.000006899	672.876404494	6.56542932383	519.0	0.97688912	0.727907675809
10317.000003879	426.322033898	5.4431781629	332.0	0.94695736	0.649928660936
10317.000003287	620.470588235	6.80181451877	506.0	0.97999258	0.757187953237
10317.000013952	551.304347826	5.99802482968	400.0	0.96344168	0.69390613379
10317.000010169	335.153846154	3.93668908807	237.0	0.84811358	0.499026139382
10317.000001805	475.37037037	6.17518330401	400.0	0.96821894	0.714401439408
10317.000005009	560.22	5.85507460827	382.0	0.95818	0.682614187265
10317.000033803	601.777777778	5.61108813378	375.0	0.94695324	0.6562103024
10317.000014237	697.884057971	5.9245757673	467.0	0.95074206	0.66813911474
10317.000017185	770.635135135	6.41069595933	528.0	0.97182848	0.708803251465
10317.000035361	357.5625	5.48018222753	295.0	0.94921858	0.667942556799
10317.000044399	450.172413793	5.44375862109	343.0	0.9274577	0.646368648572
10317.000005987	512.859375	6.18583453846	405.0	0.97126874	0.714152968206
10317.000003922	679.808219178	6.12665675229	476.0	0.96821942	0.688789463182
10317.000015542	463.097560976	4.87333598265	306.0	0.91128678	0.590178888953
10317.000017114	281.736842105	5.0424883805	220.0	0.94696248	0.648021498316
10317.000014222	532.1	5.36934598476	302.0	0.94866108	0.651745836076
10317.000001882	662.327868852	6.40442999605	484.0	0.96322036	0.718076937124
10317.000012004	658.654761905	6.47658688226	511.0	0.96592684	0.719846358071
10317.000001732	588.211267606	6.32297915442	457.0	0.96563716	0.715588854787
10317.000001151	549.4	6.0590395479	424.0	0.96793236	0.694213424543
10317.000002262	520.0	6.36823138152	445.0	0.9659627	0.723855011108
10317.000027295	635.12987013	6.03725357732	472.0	0.9621051	0.679668601313
10317.000029188	743.75862069	5.8237128764	466.0	0.9488179	0.656993522176
10317.000014392	531.2	5.44798008781	374.0	0.94610066	0.637422178708
10317.000002512	537.448979592	5.35445589598	361.0	0.93141582	0.630243322072
10317.000012242	617.677966102	6.17185752865	448.0	0.96526822	0.700761759151
10317.000031519	613.357142857	5.73841818897	375.0	0.95430618	0.671101405878
10317.000015329	635.621621622	6.29081160359	455.0	0.96953512	0.712458566631
10317.000014318	679.0	6.28687280894	439.0	0.97358228	0.716201591324
10317.000013609	461.263157895	4.7061303923	336.0	0.88620694	0.560766490973
10317.000014317	557.064516129	5.50654975581	391.0	0.92964768	0.639476704043
10317.000029154	451.763888889	5.80726641772	373.0	0.94891698	0.679766450588
10317.000009529	359.052631579	5.03322726943	284.0	0.9299486	0.617593060942
10317.000011955	628.666666667	5.51170754441	406.0	0.94520726	0.636063921478
10317.000003266	406.761904762	5.38815934334	346.0	0.928725	0.638814088532
10317.000016405	650.741935484	6.40990672513	443.0	0.97644678	0.729130697086
10317.000010984	582.353846154	6.08745827074	415.0	0.96930284	0.699951822561
10317.000010843	545.537313433	6.09129121874	428.0	0.9641249	0.696827114742
10317.000008955	375.442307692	5.77408394734	310.0	0.96645748	0.697679694575
10317.000027648	530.0	4.58874573151	321.0	0.86597374	0.551106057957
10317.000014357	501.444444444	5.38644640578	360.0	0.92726878	0.634307535078
10317.000017093	466.107142857	5.03704616154	347.0	0.9045815	0.596891859586
10317.000014379	580.373333333	5.909951567	445.0	0.94931764	0.671763916995
10317.000005915	400.976744186	4.50327964573	274.0	0.86564096	0.556095555018
10317.000001363	468.0	5.14143227019	361.0	0.86958354	0.605169491937
10317.000013604	535.916666667	2.57304928325	213.0	0.54798732	0.332662686718
10317.000014095	472.0	5.43752605533	359.0	0.93513732	0.640625416321
10317.000012275	608.117647059	5.81472316387	389.0	0.95996544	0.675845617965
10317.000011389	696.193548387	6.21327639001	459.0	0.96687174	0.702672496418
10317.000002205	350.326086957	3.88238721013	269.0	0.8013509	0.481001711429
10317.000011155	524.049180328	5.63925706721	397.0	0.93432212	0.653221383591
10317.000006929	432.368421053	5.23066687252	331.0	0.93260986	0.624879011522
10317.000013648	463.25	4.95103725809	312.0	0.90013622	0.597561485527
10317.000012155	772.012345679	6.90404042517	548.0	0.982971	0.758849865797
10317.000006654	533.489795918	6.28628777472	395.0	0.97169836	0.728785064403
10317.000002071	560.015384615	5.43960392965	406.0	0.92867482	0.62774299596
10317.000004159	417.127659574	5.02492635556	316.0	0.89147636	0.605137166786
10317.000002568	342.525	4.80032467374	249.0	0.90363722	0.603055717161
10317.000008957A	624.785714286	6.47607190969	463.0	0.97284382	0.731357218356
10317.000002749	707.113924051	6.32436634005	494.0	0.96644336	0.706762046793
10317.000017661	640.727272727	6.27663144707	448.0	0.97300858	0.712657943573
10317.000002201	253.56097561	3.6721549463	198.0	0.81611312	0.481319084841
10317.000001939	464.666666667	4.90491456263	319.0	0.87874684	0.589716392633
10317.000009447	588.837837838	5.1792969341	348.0	0.92476836	0.613446831267
10317.000029245	679.378947368	6.20512236445	506.0	0.96899282	0.690763308785
10317.000014958	528.901639344	5.92706761836	385.0	0.95881324	0.690099493328
10317.000015364	767.2	5.89973255455	445.0	0.95615802	0.670602356912
10317.000016484	613.147540984	5.43330596917	402.0	0.94168002	0.628051497451
10317.000010908	634.471698113	5.9910235818	432.0	0.94653684	0.684306175301
10317.000001524	572.835443038	5.37546227834	437.0	0.92659932	0.612833464263
10317.000014949	453.019230769	5.29902974275	346.0	0.9337866	0.628246983713
10317.000015933	520.047619048	6.18985751008	399.0	0.96968376	0.716398384047
10317.000014012	657.631578947	5.77140409713	426.0	0.95454222	0.660743670718
10317.000004774	461.558823529	5.47512828994	375.0	0.92876264	0.640309955068
10317.000008954B	676.333333333	5.79284816456	408.0	0.94586052	0.667961721911
10317.000016703	676.880597015	6.29467364163	465.0	0.9705247	0.710372633562
10317.000003365	377.0	5.03378977687	286.0	0.91637408	0.616895729003
10317.000017216	696.837837838	6.89138262924	505.0	0.98382792	0.767402618819
10317.000004163	559.083333333	5.36230225356	365.0	0.94144978	0.629988026166
10317.000013697	620.528301887	5.4367130433	404.0	0.920027	0.627925646553
10317.000017161	531.471698113	4.70866850352	329.0	0.8993711	0.563106931945
10317.000001072	546.857142857	5.11359563041	365.0	0.91515264	0.600768823816
10317.000011956	668.85	5.46342680531	418.0	0.94177284	0.627449347435
10317.000007641	471.652173913	6.03040104406	391.0	0.9637905	0.700311656976
10317.000017079	415.27027027	4.61490010057	262.0	0.91887004	0.574462480027
10317.000009193	425.204081633	4.96471689271	318.0	0.89237788	0.597231660715
10317.000012984	577.283783784	6.07768219663	442.0	0.9651611	0.691596448135
10317.000015581	560.133333333	5.14614999073	347.0	0.93147626	0.60982070427
10317.000014802	522.163265306	5.59545673966	374.0	0.94996978	0.654677177298
10317.000017353	785.838235294	6.61336492243	519.0	0.9766217	0.733222284868
10317.000001059	414.385964912	5.21345836217	331.0	0.93578564	0.622823205407
10317.000017088	612.516129032	5.63773915544	415.0	0.94873602	0.648241946223
10317.000004602	506.763157895	5.51320772655	322.0	0.94913614	0.661776825673
10317.000014399	550.918367347	5.44681694366	358.0	0.94445352	0.6420244247
10317.000005008	597.909090909	5.69102262674	392.0	0.9406831	0.660616866932
10317.000010104	576.486486486	6.39345496402	445.0	0.97152862	0.726722089186
10317.000010565	632.5	5.53913193945	388.0	0.93351818	0.644091636869
10317.000027194	421.818181818	4.9768689586	330.0	0.91808822	0.594869385992
10317.000015224	614.508196721	6.70993800884	455.0	0.9772073	0.759926241192
10317.000013933	448.620689655	5.7953418389	349.0	0.9580206	0.686076090848
10317.000018033	615.117647059	5.39518923488	375.0	0.93301164	0.630961174538
10317.000006084	416.117647059	5.43440777667	282.0	0.9543675	0.6676544617
10317.000002059	653.568965517	6.24706168814	437.0	0.97056024	0.712200785267
10317.000003047	457.625	5.20499398792	335.0	0.92769778	0.620527332128
10317.000008982	397.069767442	5.55984640661	306.0	0.95237524	0.673317823085
10317.000010765	505.93220339	5.24930283411	366.0	0.89554444	0.616426475075
10317.000012072	549.661290323	5.1779081869	367.0	0.91597008	0.607761650055
10317.000017183	506.47826087	5.9142453925	418.0	0.94713374	0.679223781032
10317.000012228	572.164179104	6.19014319987	412.0	0.97051008	0.7126164536
10317.000011224	651.967213115	5.36375242624	422.0	0.89667944	0.615031696141
10317.000026111	357.212765957	4.44920400677	272.0	0.88775846	0.550135944252
10317.000006637	680.0	6.40107607848	494.0	0.96983376	0.715334531185
10317.000012113	376.534883721	4.30936555921	266.0	0.8675188	0.534973862644
10317.000013079	568.181818182	5.49205495017	365.0	0.94851884	0.645231972024
10317.000004162	455.054545455	5.86278451631	350.0	0.96445732	0.693721223944
10317.000012906	581.892307692	5.2849101894	403.0	0.93938016	0.610644996737
10317.000012976	683.6	6.07707708971	426.0	0.96669694	0.695738880161
10317.000009533	271.322580645	3.86342123183	200.0	0.81817552	0.505428299005
10317.000014309	512.307692308	5.71554330974	375.0	0.94136756	0.668426215066
10317.000002371	488.727272727	5.84033357234	408.0	0.94813398	0.673437169194
10317.000002329	617.013333333	5.97608222905	464.0	0.93540206	0.674655119754
10317.000010761	638.018518519	6.10669997923	442.0	0.95262806	0.69489846274
10317.000009129	641.306122449	6.02563282559	404.0	0.95944598	0.695944287985
10317.000014323	592.28125	5.7104940414	420.0	0.9436277	0.655305617661
10317.000006894	670.333333333	5.92525853288	445.0	0.95312128	0.673503807287
10317.000014241	354.72	4.8879745456	285.0	0.91354424	0.599397126978
10317.000001685	451.130434783	5.00973955644	316.0	0.92225432	0.603308265038
10317.000011302	581.069767442	5.29093429574	380.0	0.91287612	0.617388966343
10317.000012231	388.127659574	5.28283320015	287.0	0.94530026	0.647016952868
10317.000001579	565.21875	5.77306421618	411.0	0.95278018	0.664870185112
10317.000017662	696.015873016	6.18348103891	468.0	0.96515024	0.697094339904
10317.000003432	351.857142857	4.8000091061	279.0	0.87719848	0.59083424802
10317.000011116	716.338235294	6.49592395131	495.0	0.97603312	0.72569738961
10317.000006841	533.764705882	6.2559951952	427.0	0.96582026	0.715945198257
10317.000013563	592.559322034	5.41220224706	430.0	0.87769326	0.618665173495
10317.000017217	829.055555556	6.77401802031	507.0	0.98115088	0.753854571202
10317.000006728	332.025	4.43692846987	255.0	0.87285346	0.555007794553
10317.000013286	557.358490566	5.43058357295	379.0	0.93476934	0.63396559825
10317.000022964	659.923076923	5.52553705	423.0	0.9442807	0.633334664031
10317.000002466	556.047619048	5.53865733316	406.0	0.9217857	0.639173990032
10317.000017644	660.109090909	5.83935334165	423.0	0.95587014	0.669304151493
10317.000017173	485.1	5.58921667139	372.0	0.94324788	0.654539492124
10317.000013332	722.978494624	6.94856259141	563.0	0.9777133	0.760486959676
10317.000002173	399.941176471	4.74863803209	263.0	0.9104555	0.590706043737
10317.000011329	514.05	5.81856757038	389.0	0.95677214	0.676292453562
10317.000007039	466.850746269	6.18610612326	403.0	0.96344344	0.714773689253
10317.000002886	587.211267606	5.93955346884	434.0	0.96100938	0.677911172493
10317.000009126	466.21875	5.2725310935	362.0	0.91621072	0.620309022486
10317.000022636	414.015873016	5.0136493376	324.0	0.91264794	0.601167807078
10317.000014233	575.086956522	6.57083715745	444.0	0.97787362	0.74716015905
10317.000023088	613.083333333	5.94600698345	443.0	0.96017018	0.676361825941
10317.000004974	562.785714286	6.24259115161	443.0	0.966041	0.710098451223
10317.000002414	204.230769231	3.7996471314	159.0	0.8472681	0.519582653604
10317.000006027	551.516666667	5.75811530721	403.0	0.95332574	0.665321486453
10317.000017098	667.970588235	6.29811619334	469.0	0.97198996	0.709771325934
10317.000014559	486.914893617	5.2876748903	335.0	0.93736072	0.630384357878
10317.000016313	541.0	5.7088682514	346.0	0.94964792	0.676836974591
10317.000022899	552.975903614	6.0210284415	444.0	0.95713642	0.684642224453
10317.000003837	596.754098361	5.50271313273	396.0	0.9426151	0.637673626783
10317.000010285	474.28125	4.84243818482	273.0	0.9348917	0.598366922484
10317.000005848	398.85	4.66867137845	313.0	0.86636348	0.563167764109
10317.000005907	495.051724138	5.71493580592	374.0	0.9486042	0.668656414647
10317.000014132	813.12345679	6.17296905956	537.0	0.95039892	0.680683645618
10317.000003382	694.166666667	6.25185916995	497.0	0.96232618	0.697977888489
10317.000003221	357.063829787	4.43045158284	258.0	0.86091154	0.553030321271
10317.000014607	420.5	3.91908406345	284.0	0.785447	0.480884131248
10317.000017125	813.333333333	6.89725350427	601.0	0.97639714	0.747165880791
10317.000013826	576.791044776	5.16746214081	410.0	0.897059	0.595365399952
10317.000004872	398.020408163	5.47725825185	303.0	0.94484406	0.664459862528
10317.000014293	604.113207547	5.62246463839	376.0	0.95652632	0.65724545456
10317.000016721	596.808823529	6.66953689694	439.0	0.9818136	0.759794747587
10317.000016763	629.765625	6.26359543635	426.0	0.96911516	0.717092577622
10317.000012173	449.025	5.27206497394	288.0	0.9467129	0.645301514152
10317.000012951	555.287671233	5.83484365332	422.0	0.94602	0.669049110331
10317.000004705	608.25	5.36314439323	453.0	0.87930504	0.607834202898
10317.000007651	341.275862069	4.16417402304	261.0	0.86895678	0.518712354731
10317.000001827	566.857142857	5.2253252385	383.0	0.89963512	0.608927059636
10317.000014666	686.059701493	6.46465488931	489.0	0.96930392	0.723626453948
10317.000017146	448.0	4.97886946079	343.0	0.89540256	0.591169695203
10317.000004161	460.714285714	5.90542115491	369.0	0.96089768	0.69251680781
10317.000023299	450.050847458	5.09208641044	337.0	0.9281472	0.606445884157
10317.000013733	493.047619048	5.66304176706	389.0	0.94130602	0.658215680225
10317.000012034	318.227272727	4.82616696058	239.0	0.93077256	0.61084018727
10317.000014391	709.794520548	6.47238601861	494.0	0.972298	0.723303576072
10317.000014646	597.31884058	5.53612697784	431.0	0.93267374	0.632588596991
10317.000001793	540.424242424	5.87775772578	423.0	0.95100152	0.673706045372
10317.000013214	385.288461538	4.75355977169	292.0	0.89935488	0.58042266199
10317.000023154	636.92	5.5194584574	392.0	0.94397246	0.640701608908
10317.000009222	443.803278689	5.8695141258	356.0	0.96334088	0.692508108426
10317.000027198	368.525	4.57213295724	275.0	0.88839676	0.564231835934
10317.000007734	601.080645161	5.98489976094	428.0	0.96144772	0.684656221919
10317.000006818	281.2	3.74877967504	196.0	0.79256554	0.492307619303
10317.000026639	750.323943662	6.09099097092	508.0	0.94996138	0.677628728025
10317.000005041	347.75	4.79797274978	268.0	0.92640174	0.594832593155
10317.000013312	464.333333333	5.52271304909	376.0	0.93422792	0.645584860341
10317.000001285	640.283783784	6.04222308849	479.0	0.9457878	0.67860548839
10317.000017215	697.329113924	6.75204947673	509.0	0.98167678	0.750935113357
10317.000016698	685.779411765	6.60502252744	494.0	0.97616588	0.738126001817
10317.000014979	633.944444444	6.08878501606	427.0	0.9678012	0.696809421914
10317.000014538	472.06	4.29262932922	322.0	0.82813136	0.515264933262
10317.000004278	336.0	4.30160085217	249.0	0.84738942	0.54040198594
10317.000009556	457.97826087	5.68413819652	346.0	0.95194128	0.673905007205
10317.000022663	708.5	5.83877783503	445.0	0.94928368	0.663673843085
10317.000001141	424.949152542	5.40355773792	354.0	0.93733004	0.638144715878
10317.000002359	430.020833333	5.5363010592	331.0	0.9506737	0.661391447338
10317.000014236	457.523809524	5.63081643359	330.0	0.94853484	0.673033656773
10317.000001799	443.56	5.03201093878	328.0	0.89326564	0.602091489949
10317.000023213	506.338709677	5.65986110328	369.0	0.9491524	0.663720476673
10317.000013652	583.701754386	5.82041725835	398.0	0.9530174	0.673922685548
10317.000010205	519.517241379	5.36493146786	342.0	0.93528456	0.637327805206
10317.000005989	593.442857143	5.86550909535	414.0	0.96250288	0.674701546575
10317.000011072	364.0	3.93002156421	212.0	0.88462676	0.508548397633
10317.000013178	326.25	3.61160047754	225.0	0.70426288	0.462209062316
10317.000003423	354.068181818	4.35007585	271.0	0.82790014	0.538232570044
10317.000013306	606.842105263	5.58073764475	392.0	0.94061416	0.647814928852
10317.000002489	439.882352941	5.65963491114	318.0	0.96491724	0.680826969606
10317.000004759	358.0625	3.97098169755	267.0	0.84607176	0.492635093942
10317.000002687	471.529411765	4.93151559413	352.0	0.88330614	0.582960630979
10317.000004158	495.161290323	5.25827386181	362.0	0.92622462	0.618631670699
10317.000004157	434.322033898	5.31105369918	340.0	0.92618264	0.631562230786
10317.000001321	488.561643836	5.90224475993	394.0	0.95833476	0.684552225331
10317.000003022	507.638297872	6.03175449009	373.0	0.966588	0.706043781294
10317.000003757	448.642857143	5.70252263316	353.0	0.95606614	0.673776358601
10317.000002087	488.6	5.56476653073	385.0	0.93161226	0.647916104661
10317.000009214	473.103448276	4.85569533281	350.0	0.88076924	0.574556151604
10317.000013829	534.459016393	5.51759952579	397.0	0.92889326	0.639129224537
10317.000016757	530.451612903	5.69332281119	391.0	0.94530914	0.661166695626
10317.000014593	524.820895522	6.08054926302	411.0	0.95912058	0.700282512493
10317.000006047	464.0	5.42385714059	357.0	0.93437774	0.639622368942
10317.000010098	535.554216867	5.50235457543	420.0	0.92319236	0.631420650735
10317.000009117	492.049180328	5.96249595312	375.0	0.96252228	0.697307042622
10317.000026135	616.380952381	6.12543520868	439.0	0.9668718	0.697810593173
10317.000009624	545.430769231	5.86120111398	400.0	0.9601208	0.678077120362
10317.000009075	531.0	5.7935148105	394.0	0.9610304	0.671941543824
10317.000001765	564.733333333	6.25823898092	435.0	0.97332008	0.714013766902
10317.000016353	696.369863014	5.8488374822	483.0	0.94525742	0.65600231157
10317.000008949A	512.178571429	6.0038810909	391.0	0.96048784	0.69723188961
10317.000005571	277.033333333	3.35384315437	187.0	0.7152607	0.444400431488
10317.000006626	468.581081081	5.61406349245	380.0	0.95118006	0.655094292019
10317.000014608	554.5	5.10301252886	358.0	0.8963078	0.601499686324
10317.000015264	577.083333333	5.42415551519	407.0	0.9324561	0.625703942898
10317.000007732	431.018867925	5.25082274444	322.0	0.93631314	0.630281494974
10317.000027644	573.553846154	5.67722538953	426.0	0.92306256	0.649961548393
10317.000007697	621.138888889	6.29941924007	468.0	0.96839668	0.710164625606
10317.000004881	408.526315789	5.14786894549	286.0	0.9286133	0.630876239713
10317.000004642	358.8125	3.1465617551	228.0	0.74988432	0.401711469127
10317.000001353	482.6	5.70637060182	379.0	0.95260688	0.666160939027
10317.000028759	417.97826087	5.27564428164	297.0	0.94231686	0.642249735377
10317.000004631	511.857142857	6.30633486677	434.0	0.96734356	0.719773782
10317.000009433	397.275	5.00618669714	276.0	0.92882586	0.617397989465
10317.000009061	566.567567568	6.39847016699	455.0	0.9674802	0.724651312274
10317.000013995	767.243243243	6.43861776187	509.0	0.97441222	0.716076529879
10317.000015155	521.960784314	5.53431592189	355.0	0.95172492	0.653272910238
10317.000022965	732.590163934	6.14874775084	483.0	0.96196194	0.689640078065
10317.000016701	694.04	6.55128881846	507.0	0.97462614	0.729067889731
10317.000022638	473.139534884	4.49682054229	290.0	0.8736085	0.549739672264
10317.000013972	493.0	5.81557052333	376.0	0.95731968	0.679818822875
10317.000017163	618.970588235	5.49721956052	420.0	0.94219168	0.63083138401
10317.000001026	670.918032787	6.49802253998	465.0	0.97238048	0.733321161265
10317.000010919	502.328947368	5.09710190665	392.0	0.88707646	0.591674240791
10317.000014311	558.082191781	5.48563301279	405.0	0.9422214	0.63331488649
10317.000005039	444.277777778	5.09872081579	325.0	0.92332494	0.6110426658
10317.000004249	596.018518519	5.54887090741	375.0	0.94770048	0.648934069349
10317.000017176	436.130434783	5.1466434093	301.0	0.92750614	0.625076650532
10317.000002258	509.769230769	5.14451734121	351.0	0.91700866	0.60843503831
10317.000013118	562.344827586	6.24594156818	411.0	0.9693226	0.71933035406
10317.000013431	716.794117647	6.64006449391	498.0	0.9783474	0.741078466752
10317.000014197	752.727272727	6.53459351607	522.0	0.97405808	0.723821616945
10317.000015541	451.256410256	4.63712696356	289.0	0.89421186	0.567237812753
10317.000022661	592.976470588	6.00002593831	465.0	0.95490314	0.6771207643
10317.000014258	612.304347826	6.30610746487	461.0	0.97108584	0.712665406507
10317.000014324	492.368421053	5.29587554678	352.0	0.93706076	0.626032077038
10317.000002369	572.916666667	4.08422926843	374.0	0.77026268	0.47786120299
10317.000002372	468.355932203	5.15079818111	363.0	0.88401026	0.605703637375
10317.000013056	640.481481481	5.88452379729	446.0	0.95681446	0.6686275113
10317.000013852	669.8	5.92264742917	436.0	0.96078482	0.675470223913
10317.000012017	641.225352113	5.93212044342	446.0	0.95497504	0.674035668043
10317.000021237	358.941176471	2.33198801833	222.0	0.47486916	0.299187015207
10317.000016489	415.634146341	4.23999886361	285.0	0.81791362	0.519937882968
10317.000012355	581.620689655	6.12782370369	421.0	0.96570832	0.702919379696
10317.000018409	708.725490196	5.64941759125	417.0	0.93894994	0.649067116102
10317.000004077	333.363636364	4.626953728	212.0	0.9258913	0.598732059317
10317.000004294	506.873417722	6.05196199156	418.0	0.96086396	0.695039896685
10317.000022993	744.897058824	6.3597839594	500.0	0.97075284	0.709339390452
10317.000008963	267.8	3.94433127895	223.0	0.81256916	0.505625162425
10317.000013372	434.552631579	4.84349168454	299.0	0.91778026	0.58894585342
10317.000016407	726.226415094	5.98944159292	429.0	0.9605861	0.684911995382
10317.000006657	479.050847458	5.63544264641	356.0	0.95342912	0.664891444772
10317.000005805	554.438356164	5.91787768227	436.0	0.95202944	0.674926240493
10317.000012988	282.075	3.87800030017	207.0	0.82204384	0.504062763944
10317.000011093	737.166666667	6.70926599087	526.0	0.97851014	0.742264202038
10317.000004979	530.93220339	5.59727354214	391.0	0.9252382	0.650012475157
10317.000014188	501.25	5.64587279537	370.0	0.93764722	0.661777089854
10317.000011223	748.29787234	6.79731287145	575.0	0.9764906	0.74146425562
10317.000013608	442.318181818	5.08006792944	311.0	0.9156798	0.613477666567
10317.000009594	534.5	4.9872759047	367.0	0.90034746	0.585386013755
10317.000022994	693.721153846	6.65459248129	549.0	0.9792014	0.731220677507
10317.000002494	378.227272727	4.45637684605	281.0	0.82780916	0.54784156505
10317.000005887	470.75	5.08293068382	338.0	0.9171033	0.605047450374
10317.000028817	628.942857143	5.9347856894	438.0	0.95326172	0.676345266169
10317.000027879	629.916666667	5.94977955485	462.0	0.94715418	0.672158635204
10317.000002325	677.603448276	4.59686040078	406.0	0.8634506	0.530488424766
10317.000026127	592.615384615	5.67375702907	409.0	0.95259742	0.653963246651
10317.000031851	727.872340426	5.67433479071	440.0	0.9352546	0.646179518415
10317.000036428	469.057692308	5.49418753973	343.0	0.94421412	0.652356362991
10317.000026648	345.527777778	4.63135329458	251.0	0.86131596	0.580985760566
10317.000027761	870.5	6.65596626465	522.0	0.97540052	0.737265791999
10317.000030744	505.5	5.39219473681	324.0	0.93838392	0.646557760025
10317.000021239	419.738095238	4.9776270949	277.0	0.93493016	0.613481053875
10317.000036165	632.630769231	6.07729681878	432.0	0.9667712	0.694160469484
10317.000027762	394.5	4.67516324342	249.0	0.88736498	0.587331923198
10317.000023342	726.133333333	5.32070724229	380.0	0.93290546	0.620863114324
10317.000029227	533.0	5.58339190251	353.0	0.95263006	0.659700575819
10317.000030751	423.175438596	4.57189828189	318.0	0.86923878	0.549977463473
10317.000026658	672.967213115	6.26348027509	443.0	0.97158304	0.712474601425
10317.000036106	384.676470588	3.91362501651	242.0	0.85054684	0.494215507863
10317.000030756	483.882352941	4.3555886376	322.0	0.8492196	0.522822241696
10317.000038402	521.208333333	5.61787144967	388.0	0.95533504	0.653247486662
10317.000033785	889.205479452	6.50597589517	544.0	0.97314194	0.715928748082
10317.000028955	982.188405797	6.51288646528	570.0	0.97204684	0.711416260563
10317.000035491	620.633802817	6.10906741847	459.0	0.95670208	0.690887284625
10317.000036399	323.023255814	4.08804225212	234.0	0.87620456	0.519422212029
10317.000002326	586.558139535	5.12083095438	337.0	0.9120266	0.609869237367
10317.000036934	381.0	4.50218229942	241.0	0.89590132	0.568968186981
10317.000036101	516.144927536	5.71224201682	387.0	0.95146376	0.664508599608
10317.000043083	613.380952381	4.88729899226	419.0	0.87213194	0.561061599688
10317.000036085	598.275	4.83879120175	348.0	0.8915176	0.573116615565
10317.000036124	444.363636364	3.45296068141	266.0	0.67676094	0.428657928391
10317.000033728	448.542857143	5.04263891892	366.0	0.8971332	0.592157898315
10317.000036081	459.666666667	5.55396956897	334.0	0.9430816	0.662472026113
10317.000037612	439.15	4.57977646981	292.0	0.8723205	0.559203245061
10317.000028718	541.666666667	5.0364317204	310.0	0.93138058	0.608549542488
10317.000030771	332.607142857	3.66008852536	199.0	0.81756152	0.479280926747
10317.000034241	508.049180328	5.87974870151	391.0	0.95927014	0.682816370864
10317.000009144	262.357142857	4.38347349845	197.0	0.88934836	0.575104132362
10317.000004765	455.75	5.92034760872	363.0	0.96484714	0.696198133772
10317.000006675	666.723684211	6.63326381171	493.0	0.97690256	0.741524281303
10317.000031829	409.171428571	3.83325341727	241.0	0.76910312	0.484431571629
10317.000033666	464.948275862	4.99489898909	327.0	0.92535694	0.597966142992
10317.000031926	1048.28767123	5.69807300135	490.0	0.96489704	0.637608129617
10317.000027821	468.097560976	5.12915069872	311.0	0.92595158	0.61940498549
10317.000013063	435.053571429	4.90559974877	318.0	0.90503794	0.590120151476
10317.000014234	420.153846154	4.81321133371	272.0	0.90930992	0.595144784982
10317.000022526	517.765957447	5.05312458343	331.0	0.93002414	0.603669010424
10317.000033713	564.5	3.74707035241	262.0	0.74003382	0.466435086475
10317.000014018	524.810344828	5.80718580627	378.0	0.9586028	0.678231883489
10317.000010207	540.660377358	5.54761978429	370.0	0.94964172	0.650260430853
10317.000006777	369.766666667	5.3573781643	321.0	0.93965664	0.64341842714
10317.000014678	426.121212121	2.2632705149	224.0	0.58149678	0.289889538454
10317.000002711	246.428571429	3.41436008294	187.0	0.73599294	0.452419217081
10317.000013755	442.352941176	4.83242971425	307.0	0.91041084	0.58489158073
10317.000016381	440.125	3.95303391517	238.0	0.8213683	0.500712496942
10317.000001221	447.654545455	5.52858215927	363.0	0.9341401	0.650128816089
10317.000009497	451.363636364	4.3735367055	273.0	0.88709098	0.540426041377
10317.000002161	466.164179104	5.45436053778	356.0	0.95186008	0.643526673203
10317.000023343	295.75	4.15534968615	197.0	0.89429674	0.545174683219
10317.000036151	587.786885246	6.05847273011	419.0	0.96450724	0.695512267001
10317.000038424	602.380952381	5.67502355689	403.0	0.93883462	0.655720649394
10317.000036191	498.49122807	5.553226521	369.0	0.94680638	0.651215654649
10317.000005799	177.0	1.81703374467	111.0	0.41948778	0.267430457659
10317.000016723	540.923076923	5.5748318432	339.0	0.94965186	0.663264487296
10317.000004927	258.071428571	3.49749449256	207.0	0.8022606	0.454604591115
10317.000016717	571.294117647	6.05199230772	375.0	0.9682989	0.707773538338
10317.000002382	625.0	6.29065359177	470.0	0.96827742	0.708684907564
10317.000001575	450.085714286	5.36116226298	366.0	0.92355226	0.629562145776
10317.000012154	416.790697674	4.9595292852	297.0	0.92549066	0.603766327101
10317.000006034	638.142857143	5.70601259583	411.0	0.95272224	0.657148008195
10317.000001782	591.75	5.76443481651	464.0	0.94381182	0.650761705142
10317.000014556	402.028571429	3.6426460468	240.0	0.79245292	0.460692607638
10317.000010979	482.518518519	4.87311809208	339.0	0.90350672	0.579778236149
10317.000005228	200.588235294	0.964947549029	110.0	0.21172736	0.14229411059
10317.000002067	375.243902439	4.53755219975	284.0	0.8700007	0.556772146818
10317.000012156	612.444444444	6.05728995419	467.0	0.96337862	0.683105847013
10317.000008991	441.403846154	5.23655260472	324.0	0.93738532	0.627895298226
10317.000001405	358.736842105	4.96187591353	258.0	0.93327174	0.619365267684
10317.000010776	460.516129032	6.42593434726	393.0	0.9733278	0.745607671596
10317.000013965	523.630434783	5.25643686181	327.0	0.93510014	0.629276244225
10317.000003281	245.571428571	4.57490061482	195.0	0.9174804	0.601380566655
10317.000002272	524.508474576	4.68784877972	350.0	0.89177944	0.554695500762
10317.000002126	410.786885246	4.88773144922	328.0	0.90069254	0.584828122699
10317.000012202	462.769230769	4.862282382	304.0	0.92750524	0.589515653972
10317.000001794	388.1875	4.97900920892	319.0	0.90286752	0.598624769521
10317.000002276	560.392857143	5.16137389593	406.0	0.86803286	0.59563460035
10317.000009198	441.019607843	5.14518143925	342.0	0.90228084	0.611222568957
10317.000014594	369.206896552	3.74667686912	228.0	0.74834702	0.478326245146
10317.000016737	693.631578947	6.09776141381	491.0	0.95879994	0.682108326089
10317.000015605	491.781818182	5.49586804576	344.0	0.95015924	0.652230639049
10317.000009219	528.935483871	4.8303864925	372.0	0.8668242	0.565674746114
10317.000007005	250.184210526	3.48567136156	192.0	0.76568804	0.459550243159
10317.000006703	307.024390244	2.9531740327	222.0	0.67484154	0.378883303551
10317.000017746	371.5	4.91046480522	235.0	0.9306716	0.623430996027
10317.000026105	314.04	4.24897411312	197.0	0.89256084	0.557458045913
10317.000001301	312.15	3.31785198783	225.0	0.69313878	0.424615420708
10317.000009097	351.5625	3.98171927488	240.0	0.7953522	0.503575865472
10317.000016414	394.236842105	4.53697307219	256.0	0.90475062	0.567121634023
10317.000003732	350.666666667	5.22273284106	289.0	0.9351799	0.638872210452
10317.000013814	381.447368421	4.09000154842	235.0	0.87341326	0.519265250893
10317.000018426	305.736842105	5.01816126315	251.0	0.92905568	0.629509357778
10317.000002132	515.146067416	4.95885002203	418.0	0.85497608	0.569501033184
10317.000003225	269.486486486	4.04318546785	215.0	0.85745754	0.521823029749
10317.000009392	278.785714286	2.7388163454	177.0	0.65291132	0.366759642971
10317.000009149	450.4	5.30492240909	322.0	0.93693892	0.636775337781
10317.000013912	319.222222222	4.07553588798	208.0	0.83991596	0.529260150999
10317.000007677	364.528301887	4.83692479725	273.0	0.92383498	0.59768564817
10317.000017208	387.023809524	5.31784898049	300.0	0.94605278	0.646246949958
10317.000013117	536.918367347	3.85943245102	344.0	0.7059939	0.458024114287
10317.000005026	265.333333333	3.77388985988	167.0	0.8475741	0.511110644521
10317.000009033	348.0	5.6296742429	271.0	0.95338378	0.696556598263
10317.000013524	651.942857143	6.28742697088	488.0	0.9637026	0.704021038043
10317.000002274	222.428571429	3.87424765079	180.0	0.83795536	0.517128085798
10317.000008999	306.023809524	3.14559031323	219.0	0.6738097	0.404588613054
10317.000016761	509.632653061	5.13062759393	354.0	0.91809304	0.605912446391
10317.000004025	149.15	2.95273090291	114.0	0.76518942	0.432134996581
10317.000001128	346.0	5.44005339	300.0	0.9400921	0.661097734026
10317.000003559	452.833333333	5.66696874117	362.0	0.95775558	0.666714292995
10317.000017117	223.181818182	3.02405129633	140.0	0.71888058	0.42417327088
10317.000014561	660.918367347	6.01323293215	411.0	0.955123	0.692529849489
10317.000002056	470.595744681	6.07812081256	361.0	0.96455634	0.715421907898
10317.000002243	379.466666667	4.89737488919	265.0	0.90738434	0.608380997369
10317.000003189	425.053571429	4.83943465364	318.0	0.89705894	0.582160807468
10317.000016315	409.538461538	3.20065746171	253.0	0.66565568	0.400934490522
10317.000011315	490.362068966	5.61472680951	361.0	0.95005964	0.660878368539
10317.000013913	343.625	3.40686133275	224.0	0.75231068	0.436365627893
10317.000013498	546.0	4.0916891492	256.0	0.86729202	0.51146114365
10317.000002589	550.603448276	5.6202037951	378.0	0.95952684	0.65639391139
10317.000004086	613.193548387	6.56915415477	454.0	0.97466754	0.744249483729
10317.000013551	387.692307692	3.2149229489	253.0	0.68396794	0.402721475199
10317.000006766	399.0	5.63854838683	333.0	0.94901672	0.672907719383
10317.000011962	442.162162162	3.36306155742	265.0	0.72338442	0.417779482032
10317.000002199	225.6	4.10228787546	180.0	0.87980618	0.547566512945
10317.000010556	464.777777778	3.99018601281	289.0	0.77383128	0.488100585593
10317.000028914	514.675675676	4.72418510937	295.0	0.91642566	0.575799152242
10317.000038479	319.620689655	4.65589344034	229.0	0.91100982	0.593924276775
10317.000042999	531.25	6.07566342863	370.0	0.97032714	0.712154702817
10317.000041554	736.55	6.27312705536	459.0	0.97183314	0.709441134057
10317.000037489	542.660377358	5.98081452622	382.0	0.96743918	0.697273582343
10317.000031493	328.175438596	5.22733912465	295.0	0.92448464	0.63712521139
10317.000039813	401.027777778	4.76488617312	269.0	0.88939604	0.590337408402
10317.000009455	396.538461538	5.10171083647	232.0	0.93963632	0.649239396179
10317.000023819	462.365853659	4.65230508027	294.0	0.86260002	0.567376949299
10317.000008950B	402.107142857	3.68722093294	246.0	0.78117388	0.464238489015
10317.000001067	180.214285714	2.00195031852	103.0	0.63303672	0.299401803736
10317.000009526	363.903225806	5.38668482392	246.0	0.95260576	0.678209000475
10317.000010876	266.0	5.07455365829	209.0	0.94063596	0.658403685533
10317.000001622	300.166666667	4.34946182722	221.0	0.89275638	0.558489502668
10317.000002271	433.0	3.47825766271	219.0	0.78319584	0.447376582284
10317.000002465	438.516129032	6.06307788066	371.0	0.9672594	0.710355274215
10317.000001747	278.0	4.32108399898	223.0	0.86694338	0.553921221195
10317.000002038	317.029411765	3.78659875868	207.0	0.8395252	0.492182384866
10317.000023378	427.45	4.56304468094	283.0	0.86421668	0.56024998777
10317.000010178	295.6875	4.7737421112	255.0	0.89705722	0.597139236951
10317.000011259	337.306122449	3.76517727836	250.0	0.74876176	0.472668747207
10317.000005025	306.171428571	4.29640586983	229.0	0.87392588	0.548066613137
10317.000001225	198.9	2.35783877859	130.0	0.62919524	0.335761219203
10317.000015394	296.913043478	3.52824802869	173.0	0.83559368	0.474569530669
10317.000042586	682.436619718	6.2850550696	468.0	0.97008892	0.708545281766
10317.000001208	250.076923077	4.1660851279	182.0	0.8992541	0.554901316239
