	chao1	shannon	observed_otus	simpson	equitability
10317.000002503	466.029850746	5.43420604199	363.0	0.92893094	0.639030738566
10317.000013618	665.35	6.60179120682	456.0	0.97967798	0.747410099779
10317.000031796	918.666666667	6.51167585731	600.0	0.96702388	0.705580646417
10317.000026504	765.936170213	6.09139375737	442.0	0.96409584	0.693156724964
10317.000007104	637.779661017	5.824110158	414.0	0.95718482	0.669939483026
10317.000007077	635.428571429	5.82476881093	395.0	0.96033964	0.675280016623
10317.000016408	858.513888889	6.44354762521	539.0	0.97197696	0.71009997493
10317.000005802	530.517241379	4.50077904885	276.0	0.89003728	0.555067580155
10317.000006952	428.357142857	5.84485290195	333.0	0.96563794	0.697528222967
10317.000013023	582.438596491	5.94676281646	389.0	0.96697768	0.691192594612
10317.000002645	469.042553191	4.78886533426	332.0	0.8905675	0.571802123861
10317.000002027	609.192307692	5.78929497185	400.0	0.9570607	0.669758363021
10317.000027353	848.660194175	6.57019918768	604.0	0.96028908	0.711183301995
10317.000023798	697.758064516	6.05945133938	455.0	0.95200334	0.68625612844
10317.000041962	795.270588235	6.57145541143	542.0	0.9753793	0.723557319034
10317.000040352	584.615384615	4.3113715769	361.0	0.77779156	0.507467649019
10317.000028811	571.666666667	4.97037254766	381.0	0.90962962	0.579726741603
10317.000027772	863.666666667	7.01771782218	596.0	0.98141452	0.761209409135
10317.000027617	701.368421053	5.48873465171	425.0	0.9357146	0.628626056637
10317.000039952	148.545454545	4.42427593006	136.0	0.8990492	0.624239735595
10317.000026028	822.306122449	6.10474729676	452.0	0.96746492	0.692134175822
10317.000001441	525.466666667	5.07471318094	356.0	0.89556974	0.598734401249
10317.000016347	726.679245283	6.19025904989	462.0	0.95371832	0.69932609035
10317.000001595	607.080645161	6.24633348881	434.0	0.96973318	0.712925522329
10317.000002146	627.482142857	5.85688404142	406.0	0.95877368	0.675898095284
10317.000012158	847.333333333	6.58498664582	558.0	0.97258216	0.721711869096
10317.000014313	401.588235294	4.10659110353	241.0	0.85459878	0.518974919153
10317.000007749	376.025	5.5558997179	299.0	0.94248844	0.675571326223
10317.000017335	647.070588235	6.00906212089	470.0	0.96739672	0.676961713368
10317.000002578	542.305084746	6.01827433624	389.0	0.9669037	0.699504382794
10317.000007719	479.865384615	5.05790033018	326.0	0.92851972	0.605828844435
10317.000006716	600.04	5.99053676053	455.0	0.9554765	0.6784512878
10317.000006802	558.0	5.74755206182	405.0	0.94041726	0.663553371714
10317.000002898	535.442307692	5.77239328302	384.0	0.95701884	0.6723842163
10317.000001647	524.5	5.77041672534	397.0	0.95081886	0.668414217032
10317.000002878	392.818181818	5.62832376883	341.0	0.92957582	0.668953252546
10317.000017667	669.416666667	5.93947308358	430.0	0.9625412	0.678937145728
10317.000009213	481.057692308	5.65095646658	355.0	0.9496314	0.667041207739
10317.000031434	633.109090909	5.29380981922	396.0	0.9250536	0.613465180811
10317.000027217	570.294117647	4.77220639977	374.0	0.8358461	0.558355601812
10317.000001546	584.333333333	6.32993856082	398.0	0.97515032	0.732918106197
10317.000009074	526.15625	5.97583220439	389.0	0.96808974	0.694571331293
10317.000027277	663.727272727	5.57065932226	466.0	0.92722352	0.628445661153
10317.000001333	247.0	4.32459357647	182.0	0.90921968	0.576013834117
10317.000023984	624.48	5.81309908345	457.0	0.9472228	0.657884331785
10317.000028933	685.04	6.17658483894	475.0	0.96426078	0.694639573464
10317.000015568	669.130434783	6.08182694768	451.0	0.96687186	0.689785442228
10317.000006944	572.972222222	2.949555608	432.0	0.55856586	0.336903884519
10317.000002028	555.388888889	5.56512811663	426.0	0.91221144	0.637128005233
10317.000003896	493.338235294	5.90693901768	383.0	0.9572123	0.688358110417
10317.000011025	701.5	6.2892292792	448.0	0.97229392	0.714088319916
10317.000017293	796.046153846	5.94436936736	496.0	0.95453564	0.663864087999
10317.000031284	374.857142857	3.65380422572	212.0	0.80525544	0.472805620503
10317.000020034	679.467532468	5.95448253452	484.0	0.9571014	0.667627967388
10317.000031847	804.245283019	5.48409800222	425.0	0.9375849	0.628095020091
10317.000013935	599.714285714	6.14293366696	466.0	0.9642804	0.693005941743
10317.000014019	626.066666667	6.3150361865	490.0	0.96869712	0.706645634477
10317.000023052	498.875	5.4034714123	340.0	0.94128744	0.642552053215
10317.000015385	640.915492958	6.40685268011	464.0	0.97349898	0.723285891405
10317.000017354	732.443037975	6.65325245221	517.0	0.9745294	0.738100437437
10317.000023475	768.515625	6.51595080601	485.0	0.97648894	0.730337029316
10317.000003475	612.052631579	5.94549909386	451.0	0.94636474	0.674323481579
10317.000017269	604.545454545	5.67841117749	419.0	0.9381014	0.651881226005
10317.000014801	630.217391304	5.63202756622	364.0	0.95379878	0.66198442774
10317.000009716	636.247191011	6.58668034582	509.0	0.97678338	0.732543440207
10317.000013155	621.125	5.74960438213	452.0	0.94349036	0.651869356237
10317.000015604	575.625	5.66946076481	384.0	0.95283154	0.660394354003
10317.000009236	457.28125	5.62469027936	367.0	0.93382274	0.660203101685
10317.000041289	719.120689655	5.58335159166	432.0	0.93952976	0.637741100646
10317.000030735	770.886792453	6.25359513254	477.0	0.96436038	0.70282127999
10317.000022541	593.288135593	5.22120530853	391.0	0.90544406	0.606339597369
10317.000034132	309.069767442	3.47083624544	228.0	0.76936736	0.443110555511
10317.000026633	648.188405797	5.87414706045	440.0	0.95499604	0.668933656299
10317.000028715	356.371428571	4.81997499872	247.0	0.9107275	0.606410707795
10317.000026126	492.025	4.43445778784	292.0	0.89133832	0.541459436153
10317.000033665	577.62	4.8407793166	342.0	0.89366458	0.575061075024
10317.000028755	817.438596491	6.15471450743	489.0	0.96141014	0.688933022772
10317.000016485	500.5	4.44579336832	310.0	0.84899276	0.537183003857
10317.000001001	431.1875	4.48782303463	304.0	0.86438258	0.544115237109
10317.000002334	586.615384615	5.88143858085	426.0	0.95717928	0.673341053861
10317.000006797	394.75	4.7570799505	281.0	0.89608408	0.584808290496
10317.000013156	782.652173913	6.58913888726	500.0	0.97674622	0.734920524302
10317.000001529	635.265625	6.15158749236	439.0	0.96931114	0.70078986566
10317.000002418b	817.213483146	6.43912680515	549.0	0.97132106	0.707544853912
10317.000005849	480.108695652	4.19748139526	295.0	0.82820254	0.511602778678
10317.000011341	603.181818182	5.75035667932	400.0	0.95756262	0.665253626746
10317.000013355	708.111111111	6.32263140901	519.0	0.96560038	0.700988725478
10317.000006794	593.596774194	5.35272224246	391.0	0.92473314	0.621612684721
10317.000028723	704.050847458	5.51916566434	431.0	0.9386567	0.630650503166
10317.000002774	473.25	4.5898523529	342.0	0.84844768	0.545252170287
10317.000001531	553.0	6.26020652131	420.0	0.9683859	0.71838766863
10317.000018027	817.898305085	6.47094557599	494.0	0.97559322	0.723142603396
10317.000001948	422.947368421	5.0338449461	282.0	0.92825688	0.618442556372
10317.000001032	457.56	5.53180114384	331.0	0.95387202	0.660853867192
10317.000016697	977.388888889	7.09444755445	602.0	0.98508268	0.768327893373
10317.000011162	608.25	4.16401355822	407.0	0.74982648	0.480340155139
10317.000005999	412.153846154	4.939024213	342.0	0.91095326	0.58673209162
10317.000001362	605.518987342	6.5718524429	477.0	0.97658928	0.738589187169
10317.000010947	450.468085106	5.73310282396	311.0	0.96290048	0.692339274098
10317.000002851	439.23880597	5.45957694342	353.0	0.93671868	0.6450713323
10317.000035452	593.777777778	6.51322363031	411.0	0.9751125	0.750112598544
10317.000005928	703.413793103	6.1966493736	512.0	0.95234512	0.688516597066
10317.000027807	895.753623188	6.34469744745	524.0	0.9698653	0.702358059217
10317.000031313	1008.47368421	6.43620765701	579.0	0.96804382	0.701309080441
10317.000014458	515.956521739	5.4768208813	328.0	0.94780584	0.655314005617
10317.000016759	637.088235294	6.10600637882	457.0	0.95994506	0.691033451991
10317.000014308	659.593220339	6.09429413144	444.0	0.95740886	0.692973157519
10317.000010546	506.486486486	4.54002477901	307.0	0.88253314	0.549500443166
10317.000015305	745.333333333	6.70734933076	529.0	0.97517816	0.741379182591
10317.000014295	495.333333333	5.07761841577	326.0	0.91727764	0.608190651555
10317.000011055	769.0	6.19018825142	484.0	0.95398176	0.694055743063
10317.000002818	434.901639344	3.78102619255	333.0	0.69383096	0.451229915504
10317.000009667	526.842105263	4.77229083865	336.0	0.90948656	0.568649944734
10317.000012254	514.085714286	5.29085425136	381.0	0.92134674	0.617106598354
10317.000026037	699.033898305	6.28119424965	478.0	0.96514408	0.705683433441
10317.000007037	437.326086957	5.72064311484	356.0	0.92543444	0.674943727459
10317.000015594	700.535714286	6.63950560736	513.0	0.9788656	0.73749217282
10317.000004286	518.654545455	5.49835964072	380.0	0.94171966	0.641593031669
10317.000001351	519.357142857	5.05907593364	353.0	0.90794788	0.597750500917
10317.000010115	565.069767442	5.55250275997	364.0	0.93631406	0.652637139799
10317.000010981	542.875	6.0181563853	384.0	0.9630944	0.701011377136
10317.000013028	442.438596491	5.96753468936	369.0	0.95899662	0.699800736504
10317.000017095	591.3125	6.46512454177	459.0	0.97650894	0.731154533657
10317.000011048	791.047619048	6.35242887368	500.0	0.96929052	0.70851903994
10317.000002079	409.985915493	5.26339216685	336.0	0.94445294	0.627167908659
10317.000014937	608.518518519	6.29196457213	436.0	0.9688831	0.717590362962
10317.000013653	472.80952381	5.00342441138	314.0	0.91219442	0.603213162223
10317.000021178	529.785714286	5.78123656797	410.0	0.94705424	0.666080975093
10317.000006741	588.52173913	5.84513010078	433.0	0.95368446	0.667387660428
10317.000014548	655.637931034	6.04236415003	428.0	0.96325684	0.691229991422
10317.000013215	688.641791045	6.16090595328	464.0	0.96304468	0.695520339982
10317.000010867	602.0	5.74062234703	385.0	0.96019896	0.668391324034
10317.000026613	507.107142857	5.84405408771	388.0	0.95764566	0.679548059957
10317.000006909	603.405797101	6.16706714946	450.0	0.9644456	0.699707312409
10317.000011163	571.219512195	5.26153667616	344.0	0.91351844	0.624421001396
10317.000012276	610.040540541	6.02978568819	457.0	0.95273306	0.682407347842
10317.000015003	524.781818182	5.50922828159	377.0	0.92143056	0.64372019864
10317.000001613	505.04	5.85219726201	413.0	0.95347988	0.673440578611
10317.000006029	517.808823529	5.85031262456	402.0	0.95705086	0.67625449869
10317.000005024	615.03125	6.21516325332	463.0	0.95782094	0.701892222935
10317.000026632	726.788461538	6.22720818938	434.0	0.97084234	0.710742655515
10317.000033799	418.071428571	5.10255360632	262.0	0.95099312	0.635165558361
10317.000029152	701.365853659	4.15904375493	351.0	0.76405568	0.49188442346
10317.000022999	690.632653061	5.40531615765	387.0	0.93442726	0.628803727115
10317.000037575	756.291666667	6.79785240237	525.0	0.9790551	0.752293248652
10317.000027681	665.056603774	6.43063810007	434.0	0.97311024	0.733961136501
10317.000021296	876.985074627	6.48141474886	540.0	0.97323582	0.714062622465
10317.000028712	591.28358209	5.64223029185	420.0	0.94598784	0.647472036497
10317.000027363	866.327868852	5.86092394886	475.0	0.9555916	0.65913928459
10317.000033801	675.333333333	5.58671323824	403.0	0.9380963	0.645516832808
10317.000011225	666.46875	5.94031160281	434.0	0.9584156	0.677997702143
10317.000011409	473.685185185	5.27676447002	337.0	0.9353569	0.628440257406
10317.000009475	449.448979592	4.94724930561	318.0	0.9059308	0.595130393658
10317.000012928	536.75	5.68689426694	363.0	0.95224626	0.668745390857
10317.000028841	805.147540984	6.00265032096	459.0	0.96579752	0.678852351222
10317.000014534	506.264150943	5.58098938117	367.0	0.94863272	0.655073669291
10317.000016715	638.48	6.55822645833	471.0	0.97796024	0.738573677837
10317.000008954A	538.75	5.76040680323	382.0	0.94534446	0.671577336136
10317.000015912	539.571428571	5.26686831997	343.0	0.93097382	0.625365449709
10317.000016725	739.781818182	6.41181556316	437.0	0.97841508	0.730983669929
10317.000018358	475.109090909	4.71786841514	325.0	0.87362722	0.565400420504
10317.000010102	517.75	5.53785686544	354.0	0.95305106	0.654005058772
10317.000008949B	516.051724138	5.97996416336	395.0	0.95858728	0.69327220199
10317.000010869	637.928571429	6.14430507485	433.0	0.9589805	0.701546983242
10317.000014571	636.5	6.42859903356	466.0	0.97413376	0.725232855973
10317.000010827	553.444444444	5.93095329314	399.0	0.96307688	0.686433467675
10317.000014162	658.0	5.87589598849	428.0	0.95774608	0.67218648742
10317.000016736	581.631578947	5.75787325406	464.0	0.95258598	0.650020953672
10317.000001929	600.892857143	5.74952165914	404.0	0.95309614	0.664054195326
10317.000003196	661.253521127	6.11015721648	473.0	0.9595693	0.687639658138
10317.000028833	346.555555556	4.10641860945	208.0	0.89002266	0.533270665021
10317.000004291	1023.3	6.30793435209	546.0	0.97060562	0.693731753123
10317.000035347	920.337837838	6.32398324889	536.0	0.97246946	0.697542580493
10317.000031035	732.4375	4.97350378359	374.0	0.88908604	0.581907710097
10317.000016765	684.486486486	6.17273500648	474.0	0.9645396	0.694444066347
10317.000004918	662.181818182	6.28910597769	480.0	0.9714286	0.706094445663
10317.000001347	671.380952381	5.93936596596	454.0	0.95173304	0.672897902789
10317.000005938	485.764705882	5.67818741623	407.0	0.94071032	0.655007815485
10317.000003982	510.015873016	5.08066654596	381.0	0.88232864	0.592591044961
10317.000001934	549.02	5.46251524538	389.0	0.91948454	0.634908470725
10317.000015355	556.089552239	5.96094346905	415.0	0.95397962	0.685404820826
10317.000002418a	735.111111111	6.44516769384	514.0	0.97774016	0.71568247806
10317.000026083	747.018518519	5.73775027017	452.0	0.93580734	0.650525379884
10317.000009476	409.054545455	4.67546293904	304.0	0.8848804	0.566865182971
10317.000003729	578.420454545	5.79246949782	471.0	0.94433518	0.652335738625
10317.000017219	687.618421053	6.43255995477	478.0	0.97437708	0.722689159779
10317.000004283	286.583333333	3.07538907405	144.0	0.7438819	0.42892904367
10317.000003473	656.3	6.58355867889	503.0	0.96935988	0.733591992326
10317.000007068	344.066666667	4.95701213616	259.0	0.93252552	0.61832738894
10317.000011342	618.318181818	6.02888876789	449.0	0.94999268	0.684278956897
10317.000026056	466.222222222	4.74199324741	325.0	0.90608796	0.568291597008
10317.000012209	677.133333333	5.75767329226	405.0	0.9477648	0.664721865103
10317.000016355	745.444444444	6.52152014415	484.0	0.97648378	0.731205308418
10317.000015185	530.85	5.19738815119	371.0	0.90859338	0.608930341653
10317.000003028	445.641791045	5.27128178472	361.0	0.91417058	0.620453358495
10317.000012985	693.508196721	6.16919304762	469.0	0.95981912	0.695242227189
10317.000016755	741.264705882	6.06240689539	480.0	0.94244852	0.680642344297
10317.000014327	472.101694915	5.56479946975	361.0	0.95511566	0.655001698139
10317.000013249	466.512195122	5.28618554761	301.0	0.94526226	0.642024498961
10317.000008950A	366.857142857	3.79750825383	256.0	0.79377304	0.474688531728
10317.000016716	628.0	6.13371833972	406.0	0.96900898	0.707845419767
10317.000022662	664.491803279	5.96676379338	429.0	0.95976028	0.682318715742
10317.000022443	534.227272727	5.21311472267	391.0	0.9311912	0.605400036045
10317.000017074	473.053571429	5.4858138502	356.0	0.94700768	0.647237657352
10317.000002511	504.245901639	4.96574740829	371.0	0.88935932	0.581791118526
10317.000013821	379.692307692	5.05187669238	292.0	0.92959636	0.616847974711
10317.000004819	438.153846154	4.91435262066	273.0	0.91790414	0.607253193823
10317.000017075	554.524590164	5.03033807504	381.0	0.90154314	0.586720909437
10317.000010834	760.357142857	5.65007030861	402.0	0.9398296	0.653107912229
10317.000014303	491.518518519	6.06907993437	368.0	0.96882168	0.712035644917
10317.000015265	647.038461538	5.69310870046	390.0	0.95809506	0.661425609676
10317.000003193	345.692307692	4.8896370731	277.0	0.9192175	0.60263648672
10317.000013619	754.577464789	6.66440918093	507.0	0.97794944	0.741656622457
10317.000005015	563.304347826	5.94767501998	412.0	0.96660132	0.684703235942
10317.000022925	352.227272727	5.28930008916	273.0	0.94655124	0.653584433223
10317.000003439	594.944444444	5.3519865313	388.0	0.94071806	0.622330322355
10317.000016735	593.345679012	6.08044298887	446.0	0.96509008	0.690888779331
10317.000011168	478.056603774	5.920970227	367.0	0.96071888	0.694979228136
10317.000004972	527.368421053	6.32254738754	400.0	0.97249994	0.731449858573
10317.000009382	530.0	5.91951290001	391.0	0.96578016	0.687434195041
10317.000027308	527.02	5.50498008504	367.0	0.91777718	0.646152009507
10317.000003895	529.6	5.97149109457	392.0	0.96339532	0.693173792574
10317.000001322	425.355932203	5.08213893956	320.0	0.93557136	0.610692483955
10317.000026106	518.338709677	5.58988047045	381.0	0.9346304	0.651983962975
10317.000008957B	556.451612903	6.3436657819	417.0	0.97055628	0.728829970182
10317.000001047	410.477272727	4.90125108892	284.0	0.91102022	0.601399162091
10317.000017071	455.914893617	4.6307876885	314.0	0.8526215	0.558288055439
10317.000015262	545.084745763	5.48291790956	373.0	0.95068414	0.641800010221
10317.000003981	487.0	5.44367538695	368.0	0.94661722	0.638662030618
10317.000014334	663.461538462	6.40191957785	490.0	0.9712533	0.716367790834
10317.000011378	766.660377358	5.72718128917	449.0	0.95441094	0.650035153972
10317.000016718	607.519230769	5.90245095608	378.0	0.96638422	0.689358075097
10317.000016714	686.016666667	6.57148060037	455.0	0.97846864	0.744245408098
10317.000007748	451.355932203	5.31192308975	346.0	0.92635462	0.629775604376
10317.000007073	705.615384615	5.76101769943	455.0	0.9558198	0.652457372929
10317.000001247	761.263157895	6.75983632269	520.0	0.9805643	0.749230851897
10317.000002036	382.30952381	4.96055156417	276.0	0.92710314	0.611769945397
10317.000012112	557.524590164	5.8027027169	384.0	0.96072992	0.675914742367
10317.000002437	348.813953488	4.92479267254	286.0	0.91903896	0.603538030109
10317.000003731	536.88	5.50592036395	409.0	0.94474896	0.634618214802
10317.000013171	537.229508197	5.53425536162	380.0	0.93937448	0.645781634435
10317.000001487	502.42	5.79027643141	362.0	0.9606261	0.681221343108
10317.000014306	440.109090909	5.32033222163	337.0	0.93418294	0.633628991751
10317.000002064	629.181818182	6.21487694107	446.0	0.96754218	0.706163802764
10317.000002336	531.454545455	5.3804143702	367.0	0.90961204	0.631530996221
10317.000006074	464.166666667	5.706569746	353.0	0.96227236	0.674254541526
10317.000012061	427.0	4.63712844123	312.0	0.89347072	0.559674511718
10317.000016756	649.651515152	6.00751713354	432.0	0.9620465	0.686190100336
10317.000011018	797.966666667	6.2307735497	505.0	0.95983426	0.693839276754
10317.000015261	617.0	5.83245731394	446.0	0.95954282	0.662711470448
10317.000013458	594.970588235	6.32180852516	435.0	0.96933886	0.721266530801
10317.000041935	492.076923077	4.29814771317	309.0	0.81788322	0.519635728125
10317.000033721	609.12987013	6.23565936542	446.0	0.9711013	0.708525200414
10317.000031491	466.692307692	6.40911640037	389.0	0.97773056	0.744931979072
10317.000017671	406.238095238	5.18207545807	286.0	0.93881884	0.635068280393
10317.000036943	523.234375	5.96950669511	406.0	0.9609871	0.688895012514
10317.000036102	645.2	6.28362207462	431.0	0.97025252	0.718001535751
10317.000028894	552.590909091	5.28938476333	381.0	0.93884054	0.616935202448
10317.000040358	564.80952381	5.61235001385	343.0	0.94768558	0.6663864705
10317.000031506	649.676056338	6.13495929775	466.0	0.9582487	0.692106325119
10317.000016446	672.25	5.89496518447	461.0	0.9445443	0.666201421866
10317.000028793	541.857142857	5.44463890231	336.0	0.9510031	0.648764653198
10317.000042026	677.166666667	6.48017522855	493.0	0.97255528	0.724410699691
10317.000037582	552.758064516	5.78438909655	389.0	0.95638218	0.672319887523
10317.000029202	588.193548387	4.64776054295	326.0	0.86750384	0.556702824321
10317.000022618	709.289156627	6.34458441458	502.0	0.96760452	0.707189835999
10317.000021229	570.785714286	3.2898203417	262.0	0.69265154	0.40951663333
10317.000034121	354.885714286	4.49729651731	230.0	0.91163968	0.573233346561
10317.000036071	505.0	4.95971145044	333.0	0.9097254	0.59189491549
10317.000036166	545.75862069	5.79305500117	378.0	0.96101768	0.676581520839
10317.000031593	596.0	4.86146361027	332.0	0.88316452	0.580470533915
10317.000034194	852.289156627	6.00522579709	535.0	0.94630908	0.662580163749
10317.000036131	752.741935484	6.03619243766	457.0	0.96101552	0.683132417212
10317.000002347	417.28125	4.99368645141	327.0	0.92314976	0.597820983605
10317.000016767	698.105263158	6.22102545323	452.0	0.96577238	0.705317372781
10317.000036109	378.384615385	4.14868457939	254.0	0.8166611	0.519320106132
10317.000004973	700.396226415	6.2991664257	442.0	0.96750532	0.716799757749
10317.000031379	822.754098361	5.88435743671	463.0	0.95112296	0.664533585596
10317.000004737	551.1	5.71310301457	407.0	0.9281775	0.659035507442
10317.000006666	506.117647059	4.83451369915	334.0	0.91142124	0.576656037772
10317.000003969	379.416666667	4.99522589203	258.0	0.93419592	0.623528172746
10317.000001749	585.285714286	6.30442351987	476.0	0.96480934	0.708774894285
10317.000009507	560.467532468	6.36438183264	443.0	0.9746883	0.723952213526
10317.000040348	767.909090909	5.99744141447	499.0	0.95712788	0.669141024385
10317.000026595	825.25	6.11390331878	430.0	0.96307478	0.698876147782
10317.000012335	620.654545455	5.4939823847	398.0	0.93537984	0.63612610552
10317.000022554	634.5	6.30418625701	442.0	0.97311116	0.717370978389
10317.000003718	680.113636364	6.39669769874	513.0	0.96790346	0.71052195204
10317.000006113	553.909090909	5.21552961055	377.0	0.91300456	0.609403274889
10317.000006662	617.553846154	6.26422425838	441.0	0.9700719	0.7130887474
10317.000013756	778.379746835	6.65627175476	529.0	0.97314898	0.735733457331
10317.000001216	580.054054054	6.2753890334	456.0	0.9702855	0.710457055769
10317.000016722	574.454545455	6.1525953132	395.0	0.97214632	0.71328576296
10317.000016358	355.0	4.91055751795	305.0	0.91753904	0.59502685019
10317.000035392	870.111111111	5.96828043937	452.0	0.96546508	0.67666205695
10317.000043118	744.365853659	6.55440059594	530.0	0.9717845	0.724255280088
10317.000006685	481.523809524	4.92352979876	297.0	0.92462736	0.599383798749
10317.000005992	460.775510204	4.3811987268	327.0	0.82947052	0.524496793643
10317.000012947	672.130434783	6.00364346456	454.0	0.96207854	0.680180194241
10317.000012122	739.0	5.66800136872	405.0	0.94863186	0.654369265148
10317.000004758	589.016129032	5.65606977027	399.0	0.9502538	0.654619147029
10317.000042014	765.407407407	6.64709443786	553.0	0.976378	0.729557179088
10317.000027267	808.734375	6.37262740138	504.0	0.96812996	0.709861723783
10317.000006625	437.282608696	4.97271270253	314.0	0.9154065	0.599510556669
10317.000008951B	289.026315789	4.15581547353	216.0	0.87579012	0.535896294095
10317.000006778	765.178571429	6.5666045397	540.0	0.9767131	0.723448049538
10317.000012971	785.701149425	6.41863303224	543.0	0.9696323	0.706523765637
10317.000017652	813.406976744	6.90790525603	575.0	0.97948872	0.75352789042
10317.000015254	685.304347826	6.26134194858	482.0	0.96567628	0.702504172595
10317.000001438	657.018867925	5.93868972908	414.0	0.965353	0.683119415502
10317.000006803	511.058823529	5.80212581407	378.0	0.95653736	0.677640917718
10317.000013299	650.35	5.86010903491	454.0	0.95354524	0.663918523005
10317.000036039	501.525	5.26421213248	317.0	0.93306648	0.633605840275
10317.000011026	760.25	5.82050291787	440.0	0.9454525	0.66282479112
10317.000012993	588.304347826	5.94927145253	437.0	0.96220014	0.678250994112
10317.000009419	627.0	6.11325119916	443.0	0.96109088	0.695385954812
10317.000010693	722.265060241	6.31172290954	526.0	0.96868672	0.698282938149
10317.000008951A	284.903225806	3.95816724991	207.0	0.85783858	0.514482869962
10317.000001669	455.833333333	5.11802153542	344.0	0.92523488	0.60738912014
10317.000036068	554.725806452	5.79591580928	411.0	0.9504751	0.667501949175
10317.000042981	777.734375	6.16072664098	473.0	0.96482252	0.6933307624
10317.000028776	914.857142857	6.75055248226	602.0	0.97386554	0.731084094708
10317.000004011	324.090909091	4.77341380423	266.0	0.91608524	0.592581804852
10317.000004285	589.117647059	6.21650413252	473.0	0.96485572	0.699607984712
10317.000026116	519.381818182	4.98899877796	350.0	0.8981005	0.590329446507
10317.000022498	679.692307692	6.37527551411	469.0	0.96950892	0.718466858333
10317.000023929	746.548387097	5.33327148624	475.0	0.87189178	0.599797708115
10317.000009558	580.122807018	5.5103998191	402.0	0.9390404	0.636962997772
10317.000002051	768.895833333	5.83440452499	437.0	0.9356589	0.665155506973
10317.000016726	739.202531646	6.82128447831	533.0	0.98043006	0.753068084747
10317.000005927	645.128205128	5.84269768498	498.0	0.9295138	0.652086654588
10317.000013539	674.590909091	6.20347750095	477.0	0.96352826	0.69718872188
10317.000004289	600.0	6.12499945204	447.0	0.95726772	0.695696081454
10317.000011073	544.258064516	5.51692062905	394.0	0.94518486	0.639861687748
10317.000001111	448.101694915	4.91960971524	337.0	0.89093344	0.585904641632
10317.000013053	431.803571429	4.25116779566	300.0	0.8599637	0.51661945117
10317.000010225	663.0	6.85750524229	502.0	0.98240744	0.764361806979
10317.000003226	699.467532468	6.42241368221	504.0	0.97035976	0.715407532898
10317.000013167	554.753424658	6.04081183443	429.0	0.9628227	0.690786348453
10317.000010879	523.6	5.09918320517	364.0	0.91751552	0.599354288722
10317.000013055	627.915254237	5.41178027647	423.0	0.92433998	0.620295911907
10317.000006665	562.943820225	6.94054182227	488.0	0.98464142	0.777152161119
10317.000002638	449.012345679	5.69100240136	375.0	0.95511826	0.665556184062
10317.000002443	693.52173913	6.72125564459	525.0	0.97720562	0.743816568028
10317.000017349	815.275862069	6.99189616873	525.0	0.98209682	0.773767356463
10317.000005814	536.09375	6.21301633023	415.0	0.97010284	0.714388815583
10317.000020071	569.942857143	5.84800083133	406.0	0.96264036	0.674872952096
10317.000004026	561.344262295	6.06493943867	426.0	0.95355884	0.694349291776
10317.000013134	558.136986301	6.26686017039	421.0	0.97514262	0.71886817843
10317.000004822	488.057692308	6.14047927102	379.0	0.96678094	0.71683872687
10317.000009101	533.182926829	6.62143095852	449.0	0.97924086	0.751532503568
10317.000013159	610.6875	6.29539057734	471.0	0.96720124	0.708973653422
10317.000016772	554.04	6.26022014473	437.0	0.97031904	0.713700924627
10317.000006635	521.0	5.36292647567	411.0	0.91217206	0.617635589195
10317.000001734	593.4	6.26536156128	438.0	0.96780882	0.71401864441
10317.000001286	519.430769231	5.65151881415	404.0	0.93598594	0.652735131893
10317.000014397	782.720588235	6.40172430163	493.0	0.97489794	0.715640768499
10317.000016731	686.692307692	6.29811030036	476.0	0.9618945	0.708065130501
10317.000016458	875.571428571	6.6654855032	576.0	0.97222512	0.726885498208
10317.000009174	505.263157895	6.26990263995	422.0	0.9670212	0.718934907662
10317.000013222	607.232142857	5.40196954185	405.0	0.9261697	0.623655960805
10317.000004847	413.142857143	5.45797942549	330.0	0.93560344	0.65237499653
10317.000002261	653.47761194	6.16013681184	466.0	0.9605722	0.694946688992
10317.000016729	741.776119403	6.62860081641	504.0	0.97689752	0.738375195259
10317.000001652	471.28125	6.27356922348	381.0	0.97379996	0.731727010254
10317.000017083	495.956521739	5.73653283357	380.0	0.95864806	0.66938500434
10317.000002606	466.783783784	5.62385825711	393.0	0.93044706	0.652541970377
10317.000011357	610.576923077	6.13477673317	473.0	0.96416796	0.690410348881
10317.000004813	636.5	6.26243385154	458.0	0.96469328	0.708483931547
10317.000013453	474.164179104	5.42343845578	364.0	0.92943976	0.637467015265
10317.000016768	723.661764706	6.46934443517	492.0	0.97233006	0.723436839975
10317.000013174	489.035714286	4.04754459329	271.0	0.80951306	0.500800538641
10317.000016166	570.769230769	5.49154708101	370.0	0.93535444	0.643687907571
10317.000011358	664.946808511	6.93933184432	533.0	0.98258038	0.76610048416
10317.000001436	615.43902439	6.11593421225	468.0	0.96166518	0.689479452716
10317.000009385	577.928571429	6.52801630687	475.0	0.97429838	0.73416274223
10317.000006053	579.015873016	5.48562698628	411.0	0.92738852	0.631766717509
10317.000002185	440.386363636	5.33034775811	321.0	0.9324777	0.640172088932
10317.000016488	349.071428571	4.19422211835	245.0	0.83630852	0.528463330517
10317.000001516	421.058823529	5.02294863606	324.0	0.88892264	0.602282850929
10317.000011352	680.0	6.39983869139	498.0	0.96606602	0.714267557073
10317.000004009	437.304347826	5.57061860203	352.0	0.94793104	0.658509797485
10317.000013801	483.590909091	5.7327205361	379.0	0.9531063	0.669237026822
10317.000003996	813.202702703	6.62135484191	568.0	0.96424188	0.723665338006
10317.000017339	608.655737705	5.93980435327	413.0	0.94956354	0.68352194935
10317.000010183	793.8125	6.87335875012	567.0	0.97873454	0.751416285797
10317.000012318	455.086956522	5.14142484371	365.0	0.88663086	0.604038328279
10317.000007666	531.909090909	6.27203566089	428.0	0.96782254	0.717503786338
10317.000002349	478.859375	5.6554586514	371.0	0.94954708	0.662598264479
10317.000015908	414.803571429	5.55567579988	321.0	0.95115944	0.667233873591
10317.000001423	396.125	4.82230902069	307.0	0.8955826	0.58366662583
10317.000005845	511.973684211	6.12104604932	410.0	0.96512606	0.705231877849
10317.000009118	620.528301887	5.78833933257	404.0	0.95835264	0.668537531579
10317.000005576	557.214285714	6.11080942781	428.0	0.9674349	0.699059944665
10317.000002801	602.584415584	6.57337975838	467.0	0.97229398	0.741307446324
10317.000013265	812.388888889	6.38082383324	536.0	0.96554024	0.703812161914
10317.000010833	426.404255319	4.88028693498	308.0	0.9073428	0.590348729939
10317.000013238	399.326086957	4.90068459303	269.0	0.9408652	0.607161920963
10317.000012983	658.47826087	5.83109002322	460.0	0.92350258	0.659216164355
10317.000004915	607.654545455	6.01249473069	399.0	0.9649607	0.695870866517
10317.000001099	809.777777778	7.2852451758	640.0	0.98603594	0.781516988936
10317.000015856	829.146067416	6.47449058898	556.0	0.97097498	0.710004652662
10317.000003061	533.896103896	5.98240885158	425.0	0.95599774	0.685166677603
10317.000028859	591.47826087	6.34137004497	478.0	0.97102106	0.712444100308
10317.000012903	728.338235294	6.53733629518	507.0	0.97473662	0.727515166749
10317.000004736	614.514285714	5.75110393465	457.0	0.91273214	0.650868171135
10317.000010962	609.353846154	6.15062327457	442.0	0.96330022	0.69989661731
10317.000002348	651.246153846	5.72599681543	470.0	0.92724326	0.645072481684
10317.000002444	479.942857143	5.74439685903	383.0	0.95162288	0.669416453349
10317.000015584	589.083333333	5.61767333513	447.0	0.93470188	0.638072436861
10317.000023375	622.0	4.93860129748	455.0	0.85153554	0.559315557878
10317.000015624	789.148148148	6.14643727358	531.0	0.95788526	0.678971672909
10317.000006671	640.43902439	6.56974075308	493.0	0.9750998	0.734423117874
10317.000009102	461.8	5.41628804473	373.0	0.92585012	0.63400068719
10317.000015214	789.069767442	6.37914524602	529.0	0.97257392	0.705102008991
10317.000002172	574.0	5.75443311812	425.0	0.9420002	0.659056563811
10317.000001189	491.438356164	5.67240844986	373.0	0.94832176	0.663980723613
10317.000007678	320.06	3.03342019854	260.0	0.70046238	0.37812030927
10317.000003358	510.092307692	5.79025921505	387.0	0.95303554	0.673584387887
10317.000009231	504.878378378	5.10925762024	410.0	0.90050498	0.58865940836
10317.000018318	516.12987013	6.30275095074	431.0	0.9674588	0.720187307313
10317.000013859	630.616438356	6.08987159654	465.0	0.95388694	0.687260113928
10317.000013757	544.3125	6.52984152917	468.0	0.9697532	0.736141267647
10317.000012298	654.789473684	5.82892084326	468.0	0.94067204	0.657123018899
10317.000017171	647.012987013	6.15730416675	467.0	0.96363544	0.694384866822
10317.000014587	442.234042553	5.23752011892	317.0	0.93554278	0.630393162811
10317.000016764	625.909090909	6.1381629295	420.0	0.967151	0.70438260169
10317.000016727	663.491803279	6.00903257352	428.0	0.9652767	0.687416949909
10317.000002013	591.088235294	5.85863032764	462.0	0.93855994	0.661861322573
10317.000013454	576.454545455	6.31441462067	412.0	0.97505252	0.726922723473
10317.000016766	665.068965517	6.08235940354	443.0	0.96288138	0.691871994712
10317.000001234	528.295774648	4.66108403565	373.0	0.84865486	0.545600687639
10317.000026623	895.923076923	6.58945755258	619.0	0.96467054	0.71054591209
10317.000006761	604.951219512	6.86210157849	493.0	0.98101232	0.767105769597
10317.000009532	573.137931034	6.63032543792	433.0	0.98009392	0.757040015465
10317.000005846	462.967213115	6.20021318722	370.0	0.97204566	0.726753716958
10317.000004821	844.428571429	6.83342259718	615.0	0.97300116	0.737596733236
10317.000002712	556.381578947	5.62740485306	432.0	0.93539294	0.642772948444
10317.000013734	777.359375	6.71013087213	520.0	0.97907604	0.743721715982
10317.000009659	537.158730159	5.83518308934	402.0	0.95497332	0.674505632106
10317.000017292	670.373333333	6.89153763263	505.0	0.98127996	0.767419879507
10317.000015862	626.158730159	5.95719658504	414.0	0.96414932	0.685248234013
10317.000002446	498.3	4.46293975759	371.0	0.84273898	0.522881753741
10317.000006678	452.045454545	5.73442114346	374.0	0.95065426	0.670936229571
10317.000014224	689.059701493	6.63398259527	467.0	0.98128196	0.748141880954
10317.000017218	659.225352113	6.51553912685	464.0	0.97750268	0.735555780762
10317.000009661	612.136986301	6.2246718898	457.0	0.96617132	0.704463152616
10317.000006729	535.344827586	5.82405230138	384.0	0.96300166	0.678401600576
10317.000013686	489.0	5.53809969997	334.0	0.9534712	0.660579083752
10317.000010845	741.050847458	6.49786707332	468.0	0.97692154	0.73253662941
10317.000017205	718.202531646	6.38773604963	512.0	0.961925	0.709748449958
10317.000014551	492.323076923	5.86803983214	375.0	0.9649682	0.686260507932
10317.000005238	629.776119403	5.68368169301	447.0	0.93531366	0.64556986707
10317.000022448	649.602739726	5.83665304703	462.0	0.9484934	0.659378504714
10317.000001004	357.756756757	5.28342589058	268.0	0.94541678	0.655017043059
10317.000014122	645.593220339	5.7996273392	430.0	0.95550786	0.662951473398
10317.000016728	768.989130435	6.7494566255	557.0	0.97603356	0.739947577089
10317.000010773	537.5	4.49321609959	370.0	0.85214864	0.526669229407
10317.000005553	490.630769231	6.30162883289	395.0	0.96995566	0.730563591647
10317.000014054	693.6875	6.3755166821	512.0	0.9714883	0.708390742455
10317.000026081	530.111111111	5.38002663954	370.0	0.9406328	0.630616115859
10317.000016769	592.508474576	5.69570739455	398.0	0.94837612	0.659483032411
10317.000004738	678.161764706	6.38211819036	484.0	0.97043966	0.715575294807
10317.000036427	723.3	6.35727929191	488.0	0.97054288	0.711842600629
10317.000043092	653.288135593	6.35135022024	451.0	0.96556368	0.720354090654
10317.000036069	339.488372093	5.17090265496	266.0	0.9400388	0.641926921416
10317.000028711	639.886363636	5.70351166913	396.0	0.94990702	0.660942862862
10317.000027901	857.75	6.88872070228	594.0	0.97808626	0.747610389
10317.000031057	591.263888889	5.66464645388	419.0	0.94678516	0.650301036649
10317.000021275	739.046153846	5.40947087523	454.0	0.92153604	0.612863667267
10317.000031439	736.660377358	5.69601793066	419.0	0.9439899	0.6539024801
10317.000036437	685.696202532	6.20293784863	506.0	0.96381822	0.690520125285
10317.000043117	687.625	5.99109288414	484.0	0.95918446	0.671732789791
10317.000040144	519.0	4.53909937425	304.0	0.8499105	0.550332112746
10317.000039994	511.149253731	5.67278194935	386.0	0.94203836	0.660204866285
10317.000036067	635.134328358	6.62685174439	457.0	0.97982	0.749978947392
10317.000036877	704.03030303	6.55756739193	552.0	0.97076704	0.71993739744
10317.000038417	577.394366197	5.88787214045	450.0	0.9487066	0.668030214582
10317.000031891	535.413333333	6.15232420737	437.0	0.96223792	0.701400170263
10317.000028719	701.047619048	5.83923831309	425.0	0.95950686	0.668769322521
10317.000023341	668.785714286	5.31575438999	423.0	0.93385162	0.60928946638
10317.000035492	661.1875	6.33744401738	490.0	0.96226556	0.709153046217
10317.000027775	764.125	5.97466475945	470.0	0.95095064	0.673086616678
10317.000036094	397.782608696	4.17740429077	288.0	0.81852494	0.511314888452
10317.000039831	525.486486486	5.63562094415	429.0	0.93610758	0.644451461156
10317.000043164	494.87755102	5.29179921856	329.0	0.9406997	0.632843195524
10317.000036422	618.083333333	6.31461059053	448.0	0.96922772	0.716970151244
10317.000036939	576.892307692	5.53688030665	398.0	0.94688266	0.641093083226
10317.000036147	682.158730159	6.08398478248	470.0	0.94425164	0.685402260718
10317.000035412	655.888888889	6.09893988341	432.0	0.96288142	0.696632581732
10317.000031272	383.15625	3.86107751595	219.0	0.82161434	0.496615210983
10317.000037565	596.092307692	5.7225042801	431.0	0.93718006	0.653885102042
10317.000014232	608.78313253	6.18581305984	483.0	0.96394128	0.693797302207
10317.000009677	628.789473684	5.39842270425	400.0	0.94397218	0.624538699595
10317.000036045	706.471698113	6.28105711863	429.0	0.97001082	0.718259172826
10317.000018424	654.0625	4.82505432482	379.0	0.88006738	0.563276195004
10317.000014978	651.558823529	6.3199003684	455.0	0.97059832	0.715752980927
10317.000017133	672.333333333	5.8105779344	447.0	0.95159142	0.659983128423
10317.000026136	562.014285714	6.01410136685	425.0	0.96302058	0.68879642875
10317.000013197	636.791044776	6.34495111657	470.0	0.97324358	0.714801892991
10317.000001936	541.781818182	4.84856356289	344.0	0.91507244	0.575410778564
10317.000009495	385.204081633	4.78879905474	296.0	0.92049406	0.583327396047
10317.000033748	569.85	5.12451634533	391.0	0.87073592	0.595111089092
10317.000006717	566.227272727	6.04814168017	423.0	0.96104256	0.693235380446
10317.000022553	772.649350649	6.43321782067	527.0	0.97064128	0.711508553107
10317.000034127	562.5	5.58119905407	395.0	0.9427021	0.647042365516
10317.000005085	380.797101449	5.74825368176	335.0	0.96051876	0.685293495019
10317.000009648	681.564516129	6.06993111523	458.0	0.9574448	0.686705642357
10317.000013001	817.2	5.91557263148	486.0	0.94930398	0.662823183018
10317.000034147	1089.01470588	5.68223111723	539.0	0.94492516	0.626200411417
10317.000028856	634.645833333	5.39795046979	386.0	0.93925432	0.628219663639
10317.000005163	355.9375	4.43158555822	278.0	0.88125816	0.545832950199
10317.000009628	530.164383562	6.04335245688	424.0	0.961742	0.69241607876
10317.000016762	562.985074627	5.76556007233	405.0	0.9460091	0.665632391785
10317.000014291	615.368421053	6.47811108352	478.0	0.9682881	0.727806765709
10317.000011191	565.5	6.01184630879	401.0	0.9674936	0.695215404609
10317.000013764	780.153846154	5.88483724615	474.0	0.9493881	0.662055037632
10317.000016333	616.0	6.1082081003	455.0	0.9664518	0.691778018808
10317.000034126	615.552238806	6.05757938892	442.0	0.95694392	0.689308893446
10317.000006036	526.835294118	6.46379953069	440.0	0.97377838	0.736081853103
10317.000013902	820.590909091	6.16351644393	513.0	0.95699032	0.684621025007
10317.000015295	519.157894737	4.77091361911	346.0	0.88455082	0.565634132335
10317.000006795	720.166666667	6.22477811211	509.0	0.9604633	0.692294165401
10317.000002141	517.181818182	5.06089477575	322.0	0.90863496	0.607483527899
10317.000006017	478.243902439	4.84547020568	307.0	0.8863432	0.586469932429
10317.000014451	473.833333333	5.33177252835	346.0	0.93461836	0.632128931407
10317.000013984	590.545454545	6.08096979477	405.0	0.97025588	0.702046361166
10317.000015587	465.62	4.88659360678	318.0	0.8945792	0.587833803635
10317.000003508	561.238095238	6.08725994559	424.0	0.95588026	0.697446771804
10317.000036114	421.019230769	5.20762387725	320.0	0.9333947	0.625771313796
10317.000010712	560.5	6.36175294605	445.0	0.97319172	0.723118629576
10317.000013986	539.0	5.95608230051	404.0	0.95989918	0.687911390519
10317.000014259	701.294117647	5.80252912201	451.0	0.94864942	0.65810818869
10317.000006899	828.310344828	6.54340915595	522.0	0.97630476	0.724798104725
10317.000003879	384.1875	5.44910083482	323.0	0.94717982	0.653730731609
10317.000003287	579.927710843	6.81503794318	491.0	0.98043352	0.762344376598
10317.000013952	576.406779661	5.98678381595	397.0	0.96334116	0.693477023817
10317.000010169	293.958333333	3.93580822331	233.0	0.84838588	0.500472413918
10317.000001805	506.015384615	6.19415295345	398.0	0.96894746	0.717196037294
10317.000005009	565.666666667	5.83515691662	383.0	0.95768572	0.679993068675
10317.000033803	624.108695652	5.5994796852	368.0	0.94641504	0.656941278079
10317.000014237	637.0	5.99754504947	453.0	0.95369162	0.679734265423
10317.000017185	783.881578947	6.42078241109	535.0	0.97177098	0.70843015818
10317.000035361	374.0	5.49139610191	293.0	0.95027872	0.670110925737
10317.000044399	506.442307692	5.50063126168	355.0	0.93184258	0.649296759198
10317.000005987	597.886792453	6.18831680004	409.0	0.97179976	0.713271951042
10317.000003922	658.558441558	6.13988355783	472.0	0.96852206	0.691222592613
10317.000015542	472.076923077	4.8705268381	304.0	0.91285674	0.590515233089
10317.000017114	394.444444444	5.06480155091	236.0	0.94750388	0.642525802475
10317.000014222	483.870967742	5.37911810553	294.0	0.9493062	0.656016225931
10317.000001882	642.875	6.40312699613	482.0	0.96324644	0.718412038406
10317.000012004	768.4375	6.49289817848	544.0	0.96546036	0.714489653702
10317.000001732	553.391891892	6.36738846089	452.0	0.96683522	0.721911481391
10317.000001151	548.842105263	6.03264813728	404.0	0.96780512	0.696754537504
10317.000002262	540.75	6.38112297559	448.0	0.9664826	0.724522065032
10317.000027295	612.928571429	6.0424634586	469.0	0.96194076	0.680960333099
10317.000029188	823.226415094	5.83003065099	470.0	0.94921308	0.656792600757
10317.000014392	585.8	5.48421470093	377.0	0.94750806	0.640797512143
10317.000002512	471.05	5.34374167681	356.0	0.93057658	0.630475429689
10317.000012242	671.692307692	6.08640850027	461.0	0.96225206	0.687836801415
10317.000031519	573.571428571	5.72222858154	375.0	0.95390894	0.669208049913
10317.000015329	626.8	6.28303626878	433.0	0.97077908	0.717387090365
10317.000014318	589.362068966	6.3038517236	424.0	0.97394348	0.72226273789
10317.000013609	501.967213115	4.67632061621	347.0	0.88489284	0.554145747152
10317.000014317	583.981132075	5.47520176233	387.0	0.92734446	0.636933562153
10317.000029154	510.424242424	5.81015115555	393.0	0.94860778	0.674157724092
10317.000009529	385.0	5.00849427718	286.0	0.92899422	0.613795741436
10317.000011955	683.8	5.52432540662	394.0	0.94517134	0.640720506243
10317.000003266	434.2	5.39969331989	343.0	0.93090134	0.641136522907
10317.000016405	605.764705882	6.41400661	437.0	0.97653882	0.731233461809
10317.000010984	593.764705882	6.1339070923	425.0	0.96993622	0.70251780636
10317.000010843	544.3	6.08807584945	430.0	0.96397454	0.695923827255
10317.000008955	370.555555556	5.77123019621	306.0	0.96601756	0.698917176491
10317.000027648	458.789473684	4.60228508571	325.0	0.8682275	0.551548643109
10317.000014357	517.227272727	5.43365874296	374.0	0.92706922	0.635746558994
10317.000017093	477.175438596	5.02953352896	354.0	0.90451298	0.593973526425
10317.000014379	621.743243243	5.87814806349	452.0	0.94926914	0.66644317406
10317.000005915	408.727272727	4.59087395961	287.0	0.87034482	0.562268988592
10317.000001363	419.708333333	5.10565897067	359.0	0.86526984	0.601526295302
10317.000013604	426.0	2.59388801268	200.0	0.55751696	0.339342858928
10317.000014095	497.307692308	5.41912884011	360.0	0.9351349	0.638156216156
10317.000012275	586.545454545	5.81616592684	401.0	0.9593544	0.672586746304
10317.000011389	647.578947368	6.23284333372	463.0	0.96765594	0.703888873775
10317.000002205	398.170731707	3.93178221594	275.0	0.80672092	0.485208264707
10317.000011155	538.046153846	5.60764381984	403.0	0.93277036	0.647935257052
10317.000006929	405.761904762	5.2605583436	324.0	0.93465506	0.630773735952
10317.000013648	484.47826087	4.95913572693	316.0	0.89963148	0.597214194031
10317.000012155	780.4	6.91987143167	541.0	0.98337118	0.762143623392
10317.000006654	493.263157895	6.27604106094	390.0	0.97150794	0.729150715979
10317.000002071	533.52173913	5.48026576398	412.0	0.93040986	0.630894541113
10317.000004159	395.130434783	5.0006479605	310.0	0.89025938	0.604225808558
10317.000002568	303.333333333	4.81058644149	240.0	0.90574004	0.608404325736
10317.000008957A	643.0	6.45471481085	456.0	0.9725358	0.730759106079
10317.000002749	764.985074627	6.33419884266	497.0	0.96631722	0.707170557315
10317.000017661	603.018518519	6.20200506948	415.0	0.97185152	0.713122712114
10317.000002201	240.837837838	3.69822428469	193.0	0.82026342	0.487091894829
10317.000001939	422.181818182	4.9286301148	321.0	0.8843296	0.591926001706
10317.000009447	556.875	5.16932452826	344.0	0.92459582	0.613477582149
10317.000029245	737.012345679	6.21826369692	513.0	0.96929808	0.690702151065
10317.000014958	519.181818182	5.91130173607	376.0	0.95902684	0.691009449848
10317.000015364	676.714285714	5.93703936736	446.0	0.95791774	0.674594579517
10317.000016484	538.229508197	5.42025440583	381.0	0.9423312	0.63219937645
10317.000010908	610.881355932	5.98216306955	429.0	0.9473217	0.68407967272
10317.000001524	584.758064516	5.34333705676	421.0	0.92574086	0.612931335995
10317.000014949	439.509090909	5.28147698209	344.0	0.93311834	0.626787448038
10317.000015933	567.042857143	6.19265884922	422.0	0.96951314	0.710077791254
10317.000014012	621.692307692	5.75861325239	426.0	0.95478684	0.659279300946
10317.000004774	483.859375	5.52655261553	376.0	0.93147728	0.646033691549
10317.000008954B	580.857142857	5.77551131811	397.0	0.94533548	0.669004347416
10317.000016703	655.942857143	6.29698542015	465.0	0.97039992	0.71063352464
10317.000003365	381.340909091	5.04166442225	282.0	0.91777338	0.619403232927
10317.000017216	728.042857143	6.85188383651	503.0	0.98327184	0.76349089603
10317.000004163	604.12244898	5.36792148729	373.0	0.94083266	0.628339165794
10317.000013697	593.438596491	5.43763652024	400.0	0.92151294	0.629075310933
10317.000017161	564.446808511	4.71927047444	333.0	0.89914468	0.563200546354
10317.000001072	513.454545455	5.11356386942	361.0	0.9165067	0.601889256965
10317.000011956	713.472727273	5.44395159794	414.0	0.94123206	0.626210360072
10317.000007641	481.833333333	6.02593619691	391.0	0.96395538	0.6997931534
10317.000017079	391.0	4.58673354955	250.0	0.91701034	0.575804388575
10317.000009193	418.019230769	4.95214016857	317.0	0.89196514	0.596044546402
10317.000012984	613.785714286	6.10646668138	452.0	0.9655328	0.692329113434
10317.000015581	549.127659574	5.1579439353	348.0	0.932285	0.610917737142
10317.000014802	518.288461538	5.59646303484	374.0	0.95052378	0.654794915405
10317.000017353	740.038961039	6.63629482009	519.0	0.97686852	0.735764517477
10317.000001059	429.02	5.24106409819	332.0	0.93649448	0.625795751907
10317.000017088	552.313432836	5.63428284955	405.0	0.9486883	0.650476470991
10317.000004602	465.270833333	5.47742588916	319.0	0.94800452	0.658549256063
10317.000014399	516.5	5.50385458239	359.0	0.94623632	0.648439951796
10317.000005008	527.014925373	5.67463981225	390.0	0.93938192	0.659279893463
10317.000010104	688.25	6.3991595947	460.0	0.97152834	0.723437543635
10317.000010565	606.685185185	5.52666535066	377.0	0.93397128	0.645757615314
10317.000027194	476.0	4.92977082776	317.0	0.91718754	0.593352150157
10317.000015224	599.859375	6.67964115329	450.0	0.97683216	0.757863283462
10317.000013933	518.046511628	5.80146792023	352.0	0.95815786	0.685798784336
10317.000018033	588.849056604	5.41674691391	378.0	0.9325324	0.632631808997
10317.000006084	389.763157895	5.43772501493	282.0	0.95440224	0.66806200729
10317.000002059	697.238095238	6.24003930232	450.0	0.97025656	0.707986636716
10317.000003047	416.385964912	5.20065063724	333.0	0.92687958	0.620648741401
10317.000008982	449.9	5.56422861967	316.0	0.9521137	0.670083759243
10317.000010765	494.098360656	5.24443441516	365.0	0.8950054	0.616140368322
10317.000012072	570.56	5.11569743735	353.0	0.910561	0.604440563024
10317.000017183	494.873239437	5.90861426597	415.0	0.94689312	0.679387872629
10317.000012228	617.0	6.21515823612	422.0	0.9709458	0.71265767097
10317.000011224	718.678571429	5.40778328905	431.0	0.90031016	0.617923334732
10317.000026111	410.6	4.44024147228	272.0	0.88527578	0.549027743242
10317.000006637	614.614457831	6.41506381894	494.0	0.97004454	0.716897692385
10317.000012113	436.341463415	4.30623705728	282.0	0.86759662	0.529050910896
10317.000013079	550.018518519	5.4974608997	362.0	0.94868988	0.646771832423
10317.000004162	444.5	5.83178531635	347.0	0.9634399	0.691068747544
10317.000012906	547.211267606	5.27880401565	394.0	0.94041	0.61224452441
10317.000012976	562.411764706	6.08542662585	398.0	0.96760274	0.704607053475
10317.000009533	276.933333333	3.87412226341	201.0	0.8195485	0.506351599725
10317.000014309	497.016666667	5.7188596618	374.0	0.9414232	0.669115511914
10317.000002371	517.04	5.85838184423	417.0	0.94976128	0.67307522364
10317.000002329	590.227272727	5.92868716689	447.0	0.93188038	0.673398334557
10317.000010761	589.014492754	6.10414927764	448.0	0.9525547	0.693074064989
10317.000009129	528.368421053	6.02232193614	388.0	0.95906724	0.700277089624
10317.000014323	563.229508197	5.72481744941	406.0	0.9444211	0.660657302166
10317.000006894	701.571428571	5.88120529365	443.0	0.95239806	0.668990595238
10317.000014241	351.725490196	4.88675189869	285.0	0.91337358	0.599247197588
10317.000001685	419.782608696	5.02175439995	310.0	0.92363112	0.606776089149
10317.000011302	608.063829787	5.2824231203	389.0	0.91148988	0.613976352353
10317.000012231	392.625	5.27978508719	281.0	0.94530862	0.649066680223
10317.000001579	576.808823529	5.74692727856	419.0	0.95254714	0.659746869856
10317.000017662	652.1	6.16302605531	448.0	0.96532954	0.699759020711
10317.000003432	387.902439024	4.76483030359	279.0	0.87491848	0.586504080959
10317.000011116	652.072289157	6.51166824267	493.0	0.97646438	0.727931264426
10317.000006841	566.468085106	6.23009923015	412.0	0.9649634	0.717216238075
10317.000013563	748.725490196	5.3890056029	457.0	0.87393246	0.609888511988
10317.000017217	774.654545455	6.7727376609	501.0	0.98098726	0.755155455886
10317.000006728	345.023809524	4.45483963251	264.0	0.87195096	0.553781871749
10317.000013286	569.069767442	5.39036951575	368.0	0.9333121	0.632408087551
10317.000022964	643.5	5.54156792319	418.0	0.9448196	0.636423494096
10317.000002466	530.459016393	5.54382790604	393.0	0.92331564	0.643255967674
10317.000017644	555.083333333	5.8308408981	418.0	0.95538552	0.669645159876
10317.000017173	501.5	5.60947089445	374.0	0.94418682	0.656316855294
10317.000013332	744.111111111	6.97097453019	573.0	0.97833986	0.760824797813
10317.000002173	326.307692308	4.77398882036	264.0	0.91054768	0.593455361526
10317.000011329	491.111111111	5.81137149707	376.0	0.95649958	0.679327972136
10317.000007039	448.223684211	6.1886841294	399.0	0.96364078	0.716262579948
10317.000002886	622.131147541	5.94182095724	429.0	0.96114648	0.67946642185
10317.000009126	472.346938776	5.22321084476	350.0	0.9120701	0.618042878783
10317.000022636	477.75	5.01104660729	329.0	0.91111782	0.599268153778
10317.000014233	545.661764706	6.55980760296	428.0	0.97812892	0.750424112242
10317.000023088	578.411764706	5.97230715438	427.0	0.961292	0.683479525844
10317.000004974	591.0	6.21832666006	452.0	0.96527934	0.705011393369
10317.000002414	222.272727273	3.80191989707	162.0	0.8492631	0.517983323307
10317.000006027	563.132075472	5.76227757837	400.0	0.953755	0.666632744907
10317.000017098	606.0	6.30602317989	457.0	0.9721995	0.713669900747
10317.000014559	437.175438596	5.28082942308	332.0	0.9365191	0.630543828046
10317.000016313	548.319148936	5.7342708822	353.0	0.95122734	0.677527543999
10317.000022899	580.444444444	6.00494865899	439.0	0.9568568	0.684084745483
10317.000003837	670.553571429	5.49570585575	411.0	0.9410591	0.632927477127
10317.000010285	463.277777778	4.84893162989	278.0	0.93489484	0.597236953251
10317.000005848	513.073170732	4.69448410339	321.0	0.8690352	0.56380518332
10317.000005907	560.362068966	5.72376781839	395.0	0.9469488	0.663570718944
10317.000014132	1014.68518519	6.17562687486	527.0	0.95053926	0.683019208232
10317.000003382	665.863013699	6.21350269499	485.0	0.96108118	0.696437286745
10317.000003221	364.625	4.41061516893	253.0	0.85883546	0.552501405352
10317.000014607	401.733333333	3.92386348504	285.0	0.7860666	0.481171184025
10317.000017125	765.034090909	6.86455801963	584.0	0.97631978	0.746973783411
10317.000013826	681.101694915	5.12753885415	426.0	0.89348574	0.587030259401
10317.000004872	448.27027027	5.43302795452	295.0	0.94411452	0.662195239581
10317.000014293	621.41025641	5.55115028847	350.0	0.9550594	0.656846718774
10317.000016721	659.557692308	6.67920000119	433.0	0.98192768	0.762620435382
10317.000016763	621.246153846	6.25478991922	428.0	0.96907414	0.715530920491
10317.000012173	462.0	5.26993547889	288.0	0.94685034	0.64504086365
10317.000012951	564.873015873	5.82193807926	417.0	0.9455141	0.668888163814
10317.000004705	594.189873418	5.4315186816	447.0	0.88367476	0.616928424683
10317.000007651	351.196078431	4.15112137615	258.0	0.86871214	0.518162978505
10317.000001827	524.725806452	5.23211166423	381.0	0.90064004	0.610255069961
10317.000014666	608.915662651	6.49875964963	490.0	0.97001596	0.72720408883
10317.000017146	459.294117647	4.99119212419	346.0	0.89546358	0.591750103204
10317.000004161	486.103448276	5.92879156052	377.0	0.9607502	0.692743645019
10317.000023299	483.6	5.08026331162	346.0	0.92744006	0.602310282625
10317.000013733	465.188405797	5.65675084311	383.0	0.94147034	0.659202729164
10317.000012034	392.756756757	4.85530885273	248.0	0.93284894	0.610408476642
10317.000014391	785.68	6.48846974934	523.0	0.97212062	0.71849284792
10317.000014646	538.942857143	5.5567235628	421.0	0.93253898	0.637408787977
10317.000001793	505.12987013	5.91019128354	420.0	0.95239976	0.678221800334
10317.000013214	406.0	4.73246992368	301.0	0.89626614	0.57477392805
10317.000023154	614.0	5.52164858748	383.0	0.94519728	0.643458748547
10317.000009222	510.25	5.83009163567	359.0	0.96220502	0.686875767267
10317.000027198	388.363636364	4.57153173783	267.0	0.89071482	0.567138591578
10317.000007734	506.828947368	5.9841414826	416.0	0.96086708	0.687797591439
10317.000006818	331.885714286	3.77357050532	220.0	0.79491482	0.484950014425
10317.000026639	697.56122449	6.09121289473	522.0	0.95014194	0.674709384108
10317.000005041	336.404255319	4.79701004351	264.0	0.92628868	0.596317133688
10317.000013312	458.615384615	5.5007395202	373.0	0.93334028	0.64388610928
10317.000001285	590.435897436	6.01355955192	471.0	0.94333032	0.67723443577
10317.000017215	738.776119403	6.73237849526	501.0	0.98163368	0.75065543748
10317.000016698	791.566037736	6.58953801229	501.0	0.97585874	0.734728824722
10317.000014979	634.385964912	6.0641965631	425.0	0.96735398	0.694533843232
10317.000014538	466.632653061	4.2458410359	316.0	0.82424006	0.511314203092
10317.000004278	322.146341463	4.29241641139	247.0	0.84792032	0.540037505355
10317.000009556	447.326086957	5.6871600085	344.0	0.95211248	0.674932508538
10317.000022663	703.516666667	5.84381561143	429.0	0.95031076	0.668259193945
10317.000001141	420.2	5.39020233484	349.0	0.93667258	0.638114031849
10317.000002359	411.56	5.54857870881	326.0	0.95137342	0.664601674208
10317.000014236	446.386363636	5.63500308801	327.0	0.94855526	0.674596437215
10317.000001799	384.881355932	5.00018636739	317.0	0.8916139	0.601827434972
10317.000023213	484.375	5.62993473707	359.0	0.94863642	0.663294161369
10317.000013652	597.25	5.82689929778	411.0	0.95259104	0.671070244444
10317.000010205	551.5	5.35999175748	337.0	0.93530404	0.638352274183
10317.000005989	669.615384615	5.94685839543	446.0	0.9641853	0.675710264071
10317.000011072	376.777777778	3.94599119772	228.0	0.88510974	0.5037720676
10317.000013178	313.935483871	3.62156086893	222.0	0.70433926	0.464635314695
10317.000003423	318.75	4.34166989813	264.0	0.82583228	0.539713722837
10317.000013306	533.064516129	5.54900727523	385.0	0.93888542	0.646081225267
10317.000002489	469.654545455	5.66376764789	331.0	0.96500944	0.676619179839
10317.000004759	371.30952381	3.94619073606	265.0	0.84527774	0.490219252178
10317.000002687	458.230769231	4.87542857772	339.0	0.8784791	0.580053125709
10317.000004158	494.25	5.27018293364	363.0	0.92647428	0.619742583634
10317.000004157	534.885714286	5.30212596253	341.0	0.92589662	0.630183080029
10317.000001321	484.642857143	5.8957985671	391.0	0.95790974	0.684680244905
10317.000003022	531.518518519	6.02783907495	388.0	0.96589314	0.700918623894
10317.000003757	433.34375	5.72826652267	356.0	0.95687772	0.675843166769
10317.000002087	485.353846154	5.55501675553	388.0	0.93051712	0.645938727225
10317.000009214	495.982142857	4.8674865089	362.0	0.87941076	0.57265585442
10317.000013829	533.142857143	5.45344355071	388.0	0.92707138	0.634127769755
10317.000016757	604.5625	5.70020207217	396.0	0.94565516	0.6605593352
10317.000014593	512.0	6.07558014489	410.0	0.9590156	0.699993556669
10317.000006047	526.882352941	5.4378561602	370.0	0.93540186	0.63739456328
10317.000010098	583.205479452	5.5090416608	426.0	0.92390946	0.630706903872
10317.000009117	520.245901639	5.96658806647	387.0	0.96282762	0.694096830773
10317.000026135	549.493150685	6.08083302107	420.0	0.96648854	0.697803729393
10317.000009624	504.537313433	5.81210893057	387.0	0.95886942	0.676126178627
10317.000009075	608.448275862	5.80573790101	400.0	0.9612958	0.671660630805
10317.000001765	570.181818182	6.27025557462	442.0	0.97372192	0.713509911181
10317.000016353	659.185185185	5.85990986169	486.0	0.94556984	0.656586327088
10317.000008949A	576.758064516	6.00714953142	413.0	0.96009008	0.691271683973
10317.000005571	314.136363636	3.32074010663	188.0	0.71080728	0.439565960746
10317.000006626	533.328125	5.56071786719	392.0	0.94884462	0.645491022659
10317.000014608	546.069767442	5.13634280678	360.0	0.8991526	0.604855353538
10317.000015264	540.833333333	5.40914015005	387.0	0.93237534	0.629248574484
10317.000007732	472.222222222	5.25878871725	324.0	0.93741778	0.630561546722
10317.000027644	515.25	5.67978039361	412.0	0.92417674	0.653862896322
10317.000007697	623.205479452	6.30080939221	466.0	0.96848938	0.710816457302
10317.000004881	380.692307692	5.11181525062	278.0	0.92756736	0.629616005933
10317.000004642	317.243902439	3.11204181811	226.0	0.74429468	0.397950204601
10317.000001353	507.037735849	5.71798089165	379.0	0.95308012	0.667516322705
10317.000028759	406.782608696	5.28730122237	297.0	0.94254174	0.643668835435
10317.000004631	519.4	6.28428271587	432.0	0.96735464	0.717802794646
10317.000009433	354.72	4.99590184295	271.0	0.92772996	0.618140276477
10317.000009061	621.166666667	6.39627699829	459.0	0.9674435	0.723368420146
10317.000013995	746.5	6.39999300067	488.0	0.9734865	0.716625375796
10317.000015155	548.0	5.56558251408	374.0	0.95273692	0.651181846248
10317.000022965	789.118644068	6.09087786057	488.0	0.95994894	0.682012876468
10317.000016701	682.125	6.54557490801	501.0	0.97450374	0.729826969709
10317.000022638	497.236842105	4.48531125934	290.0	0.87267268	0.548332653821
10317.000013972	564.6	5.80791327669	393.0	0.95687378	0.673898060741
10317.000017163	595.743243243	5.50259783632	426.0	0.94204784	0.629969177634
10317.000001026	627.216666667	6.50628725852	458.0	0.9725909	0.736071643385
10317.000010919	522.238095238	5.10867868197	385.0	0.88711676	0.59481294917
10317.000014311	529.211267606	5.41306117014	398.0	0.93973562	0.626756563816
10317.000005039	458.1	5.12685881781	327.0	0.92465016	0.61376376172
10317.000004249	537.677966102	5.59003679197	368.0	0.9488917	0.655833420439
10317.000017176	429.731707317	5.13760250616	294.0	0.92676852	0.626561927123
10317.000002258	540.875	5.14564528191	358.0	0.9159811	0.606524872417
10317.000013118	608.9375	6.28083547303	412.0	0.97028396	0.723057053111
10317.000013431	694.975	6.66619931371	509.0	0.9786418	0.741387212068
10317.000014197	739.886075949	6.53811248491	515.0	0.97425514	0.725777242536
10317.000015541	429.772727273	4.64168553987	296.0	0.89196446	0.56540738258
10317.000022661	638.272727273	5.99959967305	471.0	0.95560382	0.675662303556
10317.000014258	666.987341772	6.33138036616	483.0	0.9711169	0.710124049142
10317.000014324	526.466666667	5.27533273048	343.0	0.93704958	0.626370477662
10317.000002369	574.590909091	4.00540595994	377.0	0.76154126	0.468007602586
10317.000002372	545.936170213	5.17383615571	373.0	0.88495986	0.605620611577
10317.000013056	629.814814815	5.89777107417	444.0	0.95732744	0.670626811808
10317.000013852	608.181818182	5.92320812706	432.0	0.960915	0.676560164319
10317.000012017	673.113924051	5.88744397683	460.0	0.95271662	0.665587089344
10317.000021237	289.0	2.30003362663	210.0	0.46683714	0.298154060738
10317.000016489	521.035714286	4.24747682093	291.0	0.81791302	0.518942151588
10317.000012355	562.451612903	6.09790134005	423.0	0.96448248	0.698938811114
10317.000018409	677.016949153	5.65363045224	416.0	0.94014524	0.649809737829
10317.000004077	306.333333333	4.56431732712	201.0	0.92327392	0.596560775087
10317.000004294	490.181818182	6.05570608049	408.0	0.96138478	0.698271341833
10317.000022993	766.692307692	6.34709699446	502.0	0.97039784	0.707469897046
10317.000008963	292.9	3.96489020141	229.0	0.81432112	0.505777156531
10317.000013372	406.571428571	4.81447421807	298.0	0.91648714	0.585761711307
10317.000016407	644.508196721	5.99033266047	420.0	0.96078696	0.687418394206
10317.000006657	516.529411765	5.57796613531	347.0	0.9522711	0.660991079382
10317.000005805	554.727272727	5.92675012885	439.0	0.95239372	0.675176355982
10317.000012988	309.676470588	3.87209909899	212.0	0.82070812	0.50105317747
10317.000011093	724.8	6.65422025239	510.0	0.97758044	0.739821967094
10317.000004979	510.25862069	5.58118106052	383.0	0.92474662	0.650396294462
10317.000014188	501.610169492	5.63675606186	366.0	0.93729736	0.661925169851
10317.000011223	854.261904762	6.77471856427	588.0	0.97598362	0.736408679606
10317.000013608	437.325	5.10341538925	306.0	0.91661776	0.618042350253
10317.000009594	524.20754717	4.9705008556	366.0	0.89708334	0.583686713951
10317.000022994	724.375	6.64851145168	549.0	0.97933778	0.730552481129
10317.000002494	364.053571429	4.47960875772	286.0	0.83231034	0.548980317561
10317.000005887	409.915254237	5.12965568779	331.0	0.91966284	0.612811760671
10317.000028817	646.125	5.93031548712	433.0	0.95279824	0.677113992385
10317.000027879	610.206896552	5.91991804673	464.0	0.94578576	0.668314602389
10317.000002325	602.777777778	4.5269961647	376.0	0.85798604	0.529189215658
10317.000026127	537.542372881	5.669460216	391.0	0.95290946	0.658395527763
10317.000031851	683.448275862	5.68776951163	453.0	0.93603478	0.644625725859
10317.000036428	468.01754386	5.51136364012	351.0	0.94407636	0.651821448954
10317.000026648	319.512195122	4.58666912917	250.0	0.85624032	0.575796301439
10317.000027761	867.042253521	6.62214941653	540.0	0.97451938	0.729567472834
10317.000030744	482.226415094	5.35480159646	336.0	0.93583134	0.638059945388
10317.000021239	420.692307692	5.03378783071	278.0	0.93679798	0.620005464459
10317.000036165	608.881355932	6.08774043791	427.0	0.9664058	0.69668987887
10317.000027762	387.794117647	4.63800373871	248.0	0.88441756	0.583088920329
10317.000023342	626.113207547	5.35983460449	377.0	0.9339001	0.626264445751
10317.000029227	510.960784314	5.5600374408	344.0	0.9524511	0.659846041237
10317.000030751	410.12244898	4.5645312194	305.0	0.86984732	0.553097815095
10317.000026658	684.714285714	6.27436051784	454.0	0.9712011	0.710850965909
10317.000036106	388.37037037	3.91575146167	223.0	0.8534446	0.501961505968
10317.000030756	514.486486486	4.32325889875	315.0	0.8443928	0.520924272433
10317.000038402	505.514285714	5.61134329378	382.0	0.95517838	0.654198758891
10317.000033785	728.307692308	6.5083815635	531.0	0.97306322	0.718954171565
10317.000028955	958.086956522	6.55110469734	563.0	0.97313306	0.716987093123
10317.000035491	649.545454545	6.13921100003	464.0	0.9577005	0.693071141539
10317.000036399	385.552631579	4.15972183311	250.0	0.8788765	0.522198654202
10317.000002326	588.8	5.1564490153	347.0	0.91354372	0.611041142545
10317.000036934	389.6875	4.50870404891	235.0	0.89676696	0.572423582594
10317.000036101	546.559322034	5.70988661784	384.0	0.9509371	0.665103268344
10317.000043083	622.4	4.90848481285	434.0	0.8718564	0.560230110243
10317.000036085	546.58490566	4.87985619083	363.0	0.89440444	0.573842449408
10317.000036124	375.622222222	3.49841683253	270.0	0.68561756	0.433143085971
10317.000033728	473.859375	5.03100570568	366.0	0.89808608	0.590791808215
10317.000036081	446.0	5.54614102858	335.0	0.9424611	0.661198092459
10317.000037612	443.27027027	4.55289858229	290.0	0.86997352	0.556595254567
10317.000028718	536.675675676	5.04936197866	303.0	0.93191222	0.612550698164
10317.000030771	301.129032258	3.60916193211	194.0	0.8090982	0.47489517407
10317.000034241	500.338709677	5.88378930506	389.0	0.95919982	0.683873179649
10317.000009144	281.088235294	4.3980457082	208.0	0.89069298	0.571142151511
10317.000004765	462.113207547	5.95032686294	363.0	0.9655033	0.699723518129
10317.000006675	653.037037037	6.65964196978	496.0	0.97711492	0.743745361274
10317.000031829	543.24	3.8535195255	248.0	0.7691403	0.484463718914
10317.000033666	470.166666667	4.98854198351	322.0	0.9248064	0.598798674442
10317.000031926	851.363636364	5.66772609956	460.0	0.96450452	0.640747552359
10317.000027821	452.622222222	5.16361975393	312.0	0.92717098	0.623218959988
10317.000013063	481.37254902	4.88285478307	322.0	0.90247084	0.586112531731
10317.000014234	408.326086957	4.86115167196	278.0	0.9133733	0.598742080823
10317.000022526	516.826086957	5.08360856462	326.0	0.93150848	0.608908143936
10317.000033713	514.666666667	3.7645401759	259.0	0.7440027	0.469580915597
10317.000014018	562.788461538	5.80518464432	381.0	0.95871656	0.677096283223
10317.000010207	509.105263158	5.56124815519	362.0	0.94997018	0.654276351485
10317.000006777	360.911764706	5.33831557811	319.0	0.93926206	0.641824065489
10317.000014678	363.483870968	2.23683327749	207.0	0.57782128	0.290743753755
10317.000002711	273.125	3.40273664574	191.0	0.7337923	0.449062171742
10317.000013755	447.902439024	4.84911830607	299.0	0.91145396	0.589630024186
10317.000016381	439.37037037	3.92008821218	241.0	0.81964544	0.495405413321
10317.000001221	433.172413793	5.51136413686	361.0	0.93333848	0.648712121312
10317.000009497	351.142857143	4.37582280606	260.0	0.8878995	0.54545277754
10317.000002161	490.157894737	5.44213200841	352.0	0.95117362	0.643321236431
10317.000023343	284.4375	4.16768609694	193.0	0.8963359	0.548924554525
10317.000036151	631.1	6.05296330968	427.0	0.96415862	0.692709933684
10317.000038424	651.193548387	5.68675376863	414.0	0.93997458	0.654139564071
10317.000036191	521.725806452	5.56890533238	378.0	0.9467476	0.650402669822
10317.000005799	154.0	1.85417120072	113.0	0.4298631	0.271865476102
10317.000016723	571.923076923	5.5759287208	340.0	0.9503845	0.663059758209
10317.000004927	263.558139535	3.50437946612	209.0	0.80240346	0.454679664729
10317.000016717	565.058823529	6.0639193959	377.0	0.96842538	0.708532520083
10317.000002382	615.25	6.29546258726	475.0	0.96840302	0.708008966186
10317.000001575	444.2	5.37618057055	370.0	0.92419256	0.630165301532
10317.000012154	424.705882353	4.98244479826	305.0	0.92704306	0.603737645618
10317.000006034	571.758064516	5.6641333683	408.0	0.9516873	0.6531198765
10317.000001782	553.886075949	5.74772889798	451.0	0.943888	0.651892885773
10317.000014556	493.037037037	3.63289818324	246.0	0.78819786	0.457398998868
10317.000010979	495.5	4.86975336293	338.0	0.90328042	0.57967185458
10317.000005228	163.588235294	0.91921272835	100.0	0.2036854	0.138355301815
10317.000002067	370.0	4.53524660282	283.0	0.87024558	0.556836943626
10317.000012156	608.906976744	5.99453960674	461.0	0.96221642	0.677454519996
10317.000008991	429.571428571	5.21084095783	316.0	0.93674672	0.627526317934
10317.000001405	324.837209302	4.9841778571	255.0	0.93480306	0.623462284532
10317.000010776	501.057692308	6.44212192277	402.0	0.9730014	0.744663441248
10317.000013965	486.466666667	5.23732936314	317.0	0.93500636	0.630370203255
10317.000003281	239.916666667	4.57529118794	194.0	0.91865154	0.602018902446
10317.000002272	528.084745763	4.71092860078	356.0	0.89257952	0.555813681395
10317.000002126	428.208333333	4.87836019756	323.0	0.90254754	0.585258756935
10317.000012202	494.571428571	4.84749856303	298.0	0.926285	0.589779677952
10317.000001794	392.157894737	4.99668630934	331.0	0.90304774	0.596926640131
10317.000002276	504.181818182	5.16811989561	396.0	0.86949406	0.598899793245
10317.000009198	483.638297872	5.1782971813	349.0	0.90473208	0.613027839625
10317.000014594	364.857142857	3.73589250345	225.0	0.74772022	0.478115833042
10317.000016737	739.666666667	6.09207247791	493.0	0.95835388	0.68102517766
10317.000015605	513.3	5.51788088463	343.0	0.95109188	0.65516960957
10317.000009219	511.428571429	4.8051251689	364.0	0.86550642	0.56479092081
10317.000007005	297.884615385	3.5201926663	194.0	0.76936826	0.463188557474
10317.000006703	320.529411765	2.95483506273	218.0	0.67490662	0.380376538351
10317.000017746	351.675675676	4.91438569455	241.0	0.93012344	0.621060839566
10317.000026105	300.777777778	4.24879415376	198.0	0.89247332	0.556900714613
10317.000001301	292.5	3.35030723105	226.0	0.69956274	0.428418230216
10317.000009097	344.34375	3.98196960684	238.0	0.7938724	0.504377646986
10317.000016414	361.058823529	4.54165448527	264.0	0.90398508	0.56457384085
10317.000003732	349.30952381	5.2095392887	285.0	0.93490256	0.63882961202
10317.000013814	335.794117647	4.0889662328	218.0	0.87678152	0.526373482122
10317.000018426	303.052631579	5.01899403711	250.0	0.9291481	0.630069037492
10317.000002132	544.228915663	4.97750642152	427.0	0.85566692	0.569633081642
10317.000003225	270.441176471	4.04519529482	213.0	0.85718814	0.522992522466
10317.000009392	248.933333333	2.76811228877	173.0	0.65819764	0.372326927993
10317.000009149	388.125	5.25005957577	299.0	0.93591298	0.638382600559
10317.000013912	277.0	4.01196478699	193.0	0.83276638	0.528414552403
10317.000007677	344.734693878	4.82706504852	263.0	0.92425046	0.600461959494
10317.000017208	414.026315789	5.30508012715	299.0	0.94577714	0.645072841339
10317.000013117	544.571428571	3.88773375824	346.0	0.7096207	0.460925325137
10317.000005026	238.44	3.79975299554	170.0	0.8497672	0.512829330817
10317.000009033	333.166666667	5.60288587717	268.0	0.95199268	0.694622355999
10317.000013524	639.359550562	6.27810328329	500.0	0.96334148	0.700229124855
10317.000002274	238.8	3.84412002535	183.0	0.8349389	0.511478652429
10317.000008999	420.387096774	3.12340052759	234.0	0.66996476	0.396855881382
10317.000016761	462.859375	5.13673007965	355.0	0.9188082	0.606341715145
10317.000004025	147.052631579	2.94903711216	112.0	0.7649319	0.433213362007
10317.000001128	355.790697674	5.44660551257	298.0	0.94072688	0.662671108277
10317.000003559	442.123287671	5.62490821891	360.0	0.95680028	0.662388780765
10317.000017117	189.416666667	3.01580415772	132.0	0.7202965	0.428114058728
10317.000014561	614.717391304	6.00932063656	394.0	0.95523994	0.696971064706
10317.000002056	453.166666667	6.07530794115	369.0	0.9632473	0.712439088001
10317.000002243	351.0	4.88237172449	262.0	0.90420632	0.607757331284
10317.000003189	494.773584906	4.8244510026	339.0	0.89500146	0.573988079054
10317.000016315	373.634146341	3.2294735426	248.0	0.67103564	0.406008780344
10317.000011315	458.25	5.62044235897	364.0	0.95009442	0.660622710898
10317.000013913	302.4375	3.38206949524	211.0	0.75041468	0.438029536025
10317.000013498	396.03030303	4.09919995996	243.0	0.87039256	0.517261444116
10317.000002589	473.238095238	5.60883935007	358.0	0.95948292	0.661122247032
10317.000004086	559.379310345	6.59658943232	460.0	0.97507938	0.745757374021
10317.000013551	433.875	3.29960615724	270.0	0.69616522	0.408528103383
10317.000006766	400.357142857	5.64233149152	332.0	0.94936842	0.673708050902
10317.000011962	436.081081081	3.35919298042	262.0	0.7201464	0.418152135121
10317.000002199	240.032258065	4.0829387843	181.0	0.87956652	0.544403024512
10317.000010556	480.695652174	4.01817314488	304.0	0.77865902	0.487173673426
10317.000028914	479.588235294	4.70397437279	280.0	0.91595078	0.578645664444
10317.000038479	286.294117647	4.64552243877	227.0	0.91149046	0.593559529633
10317.000042999	548.466666667	6.08955679496	365.0	0.97078778	0.715429247379
10317.000041554	736.0	6.26863349434	460.0	0.97140994	0.708681311972
10317.000037489	507.046153846	5.95435753875	382.0	0.9667336	0.69418909304
10317.000031493	363.660377358	5.22513441784	307.0	0.92353542	0.632422468591
10317.000039813	376.578947368	4.75935316657	264.0	0.89073872	0.591636000916
10317.000009455	385.12	5.09267154375	232.0	0.93944664	0.648089063452
10317.000023819	490.885714286	4.71545890437	297.0	0.86843286	0.574053532012
10317.000008950B	404.193548387	3.7734109151	254.0	0.78927016	0.47234445507
10317.000001067	195.0	2.02359250012	101.0	0.63646318	0.30392433544
10317.000009526	357.916666667	5.39666212984	254.0	0.95165642	0.675538257102
10317.000010876	279.777777778	5.07642822746	212.0	0.9405	0.656894472104
10317.000001622	314.0	4.35353046664	223.0	0.89289616	0.558080544872
10317.000002271	357.785714286	3.45608173632	205.0	0.7800924	0.450041108452
10317.000002465	453.940298507	6.04130640256	374.0	0.96658996	0.706842284167
10317.000001747	326.5	4.33476614707	220.0	0.86910438	0.557070525802
10317.000002038	323.885714286	3.79178481023	212.0	0.83888904	0.490660434786
10317.000023378	414.375	4.61930019046	294.0	0.86713392	0.5633518019
10317.000010178	298.0	4.77406502908	256.0	0.8970255	0.596758128635
10317.000011259	337.125	3.74396618835	248.0	0.7469297	0.470690694855
10317.000005025	252.47826087	4.26592763757	214.0	0.87492914	0.551048999506
10317.000001225	172.0	2.37726631012	127.0	0.63109454	0.340159331357
10317.000015394	363.055555556	3.53824161497	174.0	0.83695036	0.475382033592
10317.000042586	681.766666667	6.30646272962	459.0	0.97080404	0.713211135579
10317.000001208	223.038461538	4.14666750527	174.0	0.89750586	0.557127366019
