	chao1	shannon	observed_otus	simpson	equitability
10317.000002503	495.620689655	5.43351566056	362.0	0.92855094	0.639248726711
10317.000013618	655.220338983	6.59587666819	445.0	0.97979398	0.74973066977
10317.000031796	1247.55932203	6.4421648427	609.0	0.96439652	0.696427785533
10317.000026504	672.118644068	6.08707361538	440.0	0.96396082	0.693181217256
10317.000007104	603.153846154	5.81066566054	405.0	0.95796372	0.670839820063
10317.000007077	640.982758621	5.79685363512	402.0	0.95969036	0.670075020015
10317.000016408	749.785714286	6.41624368955	504.0	0.97212806	0.714720243127
10317.000005802	461.525	4.45611482406	277.0	0.88704846	0.549205869852
10317.000006952	425.022727273	5.84573453901	334.0	0.96570198	0.697273464697
10317.000013023	572.428571429	5.96445825197	386.0	0.9677398	0.694150488748
10317.000002645	467.784313725	4.81954698076	337.0	0.89328198	0.573987594553
10317.000002027	565.957446809	5.82992816265	382.0	0.9583955	0.679682487553
10317.000027353	909.25	6.57901205089	608.0	0.96216848	0.711403937945
10317.000023798	689.553571429	6.08804549804	445.0	0.95191906	0.692007243078
10317.000041962	755.735632184	6.53896198946	527.0	0.97499304	0.723203770436
10317.000040352	472.625	4.28532957067	332.0	0.77925052	0.511678733671
10317.000028811	564.25	4.95353636186	370.0	0.91145438	0.580625351801
10317.000027772	931.470588235	6.98904399359	608.0	0.98093716	0.755741649513
10317.000027617	636.564516129	5.50434896506	413.0	0.93738004	0.633411996546
10317.000039952	152.541666667	4.43685191326	139.0	0.89912982	0.623246051335
10317.000026028	675.054545455	6.10094096727	435.0	0.96696082	0.696067352969
10317.000001441	505.181818182	5.0751835327	362.0	0.89554646	0.597091241432
10317.000016347	718.365384615	6.18240138737	455.0	0.95366124	0.700180693422
10317.000001595	546.25	6.26493593589	429.0	0.9697065	0.7164156635
10317.000002146	617.596491228	5.8678294486	400.0	0.95975838	0.678843946472
10317.000012158	868.659090909	6.63698038689	572.0	0.97333922	0.724571355085
10317.000014313	344.95	4.09423481605	238.0	0.85430562	0.518597761062
10317.000007749	385.56	5.54086543845	309.0	0.94165748	0.669877314298
10317.000017335	734.516666667	6.01255723316	460.0	0.96763616	0.679731388373
10317.000002578	523.328125	5.97352235175	382.0	0.96584384	0.696423423792
10317.000007719	470.0	5.09096807301	343.0	0.92863574	0.604479805648
10317.000006716	579.88	6.00251851566	452.0	0.95623246	0.680543846246
10317.000006802	553.703125	5.72713752386	406.0	0.93914136	0.660925044175
10317.000002898	489.245901639	5.75834301941	378.0	0.95676906	0.67252744481
10317.000001647	645.918367347	5.75234409014	396.0	0.95207366	0.666601734451
10317.000002878	394.468085106	5.6200612348	337.0	0.92901138	0.669325445374
10317.000017667	673.333333333	5.98367045345	440.0	0.9641082	0.681405915332
10317.000009213	510.285714286	5.73010593507	367.0	0.95137902	0.672576359485
10317.000031434	638.016666667	5.25093207046	407.0	0.92264312	0.605721736993
10317.000027217	576.5	4.74159138276	368.0	0.83494616	0.556292241108
10317.000001546	457.338235294	6.34855453781	386.0	0.97572142	0.738852054805
10317.000009074	572.442622951	6.01678841818	406.0	0.968805	0.694351433768
10317.000027277	722.878787879	5.57226404058	465.0	0.92693614	0.628846562469
10317.000001333	282.689655172	4.32699090929	187.0	0.9105069	0.573347213518
10317.000023984	694.441558442	5.85006050038	471.0	0.9497762	0.658821516273
10317.000028933	590.370786517	6.17725858683	458.0	0.9646195	0.698847852694
10317.000015568	605.0125	6.08922516199	442.0	0.96646426	0.692909954433
10317.000006944	633.030612245	2.96215960384	442.0	0.55775818	0.337072422438
10317.000002028	540.015625	5.59580979024	415.0	0.91307908	0.643420798498
10317.000003896	504.096774194	5.9109506793	387.0	0.9562814	0.687624499573
10317.000011025	679.518518519	6.2629349632	432.0	0.9723744	0.715364413495
10317.000017293	947.758064516	5.98298858808	523.0	0.95445154	0.66251900306
10317.000031284	371.8	3.66316776875	208.0	0.80227346	0.475708907911
10317.000020034	680.296296296	5.9512815816	488.0	0.95681394	0.666381885017
10317.000031847	644.188405797	5.50630511095	421.0	0.93752604	0.63162531433
10317.000013935	637.552238806	6.16267885137	464.0	0.96495308	0.695720486956
10317.000014019	620.638554217	6.29825529351	486.0	0.9683957	0.705701693
10317.000023052	478.981132075	5.39615617194	342.0	0.94025496	0.641037148417
10317.000015385	689.108108108	6.43069340906	481.0	0.97404304	0.721747539347
10317.000017354	810.558441558	6.69785257703	539.0	0.97537458	0.73812521047
10317.000023475	729.666666667	6.51121521112	483.0	0.9765786	0.730294223874
10317.000003475	629.677966102	5.93775012928	460.0	0.94602054	0.67127429855
10317.000017269	590.3	5.65215355661	422.0	0.93646498	0.64810105175
10317.000014801	600.695652174	5.67287705426	361.0	0.95555452	0.667722911503
10317.000009716	657.35	6.59695601649	512.0	0.97694096	0.732995112943
10317.000013155	635.614285714	5.79144228089	447.0	0.9449438	0.657809642651
10317.000015604	517.428571429	5.69701022739	370.0	0.95360582	0.667771128716
10317.000009236	563.636363636	5.63190427677	376.0	0.93585082	0.658348913597
10317.000041289	660.49122807	5.5923881399	426.0	0.93990652	0.640248890123
10317.000030735	686.126760563	6.20863693485	479.0	0.96367102	0.697295521484
10317.000022541	687.163265306	5.15639537281	394.0	0.90052834	0.598047365149
10317.000034132	333.9375	3.47912886445	225.0	0.77259124	0.445255476101
10317.000026633	711.043478261	5.86963767732	459.0	0.95448492	0.663809671564
10317.000028715	368.375	4.7777401775	246.0	0.90955252	0.601540000247
10317.000026126	410.56	4.45239160098	284.0	0.89344258	0.546322669365
10317.000033665	590.685185185	4.83448720924	361.0	0.89124114	0.569040690307
10317.000028755	774.590909091	6.18881320259	488.0	0.96207846	0.692978974598
10317.000016485	474.962264151	4.54404090878	324.0	0.85804978	0.54485882926
10317.000001001	520.2	4.57169698245	317.0	0.872278	0.550254023803
10317.000002334	572.835443038	5.89765496879	437.0	0.95649868	0.672366419558
10317.000006797	362.222222222	4.73090881164	281.0	0.89487664	0.581590959879
10317.000013156	773.220779221	6.59108148343	499.0	0.97724684	0.735374088855
10317.000001529	585.235294118	6.13825691238	452.0	0.96740782	0.695933374882
10317.000002418b	817.53125	6.45642480677	562.0	0.97116918	0.706823239952
10317.000005849	443.022222222	4.20534613361	287.0	0.82524782	0.515051325309
10317.000011341	650.734693878	5.75987300383	404.0	0.95803258	0.665249747631
10317.000013355	769.838235294	6.27826518405	503.0	0.96419452	0.699573785145
10317.000006794	611.333333333	5.38653092068	396.0	0.9258233	0.624210026058
10317.000028723	734.727272727	5.57963102505	454.0	0.9409322	0.632141887974
10317.000002774	444.018181818	4.62213375205	331.0	0.85302134	0.552180905512
10317.000001531	524.31884058	6.27706181438	412.0	0.96876012	0.722622625156
10317.000018027	798.542372881	6.46451749636	491.0	0.9757415	0.723134427402
10317.000001948	437.162162162	5.02882282809	281.0	0.92921858	0.618214810747
10317.000001032	424.058823529	5.53464561158	327.0	0.95374792	0.662582105547
10317.000016697	805.928571429	7.04627254923	582.0	0.98490298	0.767160389898
10317.000011162	600.62	4.08975752334	386.0	0.7419469	0.475970668879
10317.000005999	458.753623188	4.97296439605	357.0	0.91275204	0.586449676904
10317.000001362	621.197368421	6.59366208745	480.0	0.97735726	0.740287759985
10317.000010947	444.738095238	5.71011409085	302.0	0.96201106	0.693109196686
10317.000002851	490.09375	5.4520053385	369.0	0.93626592	0.639345651078
10317.000035452	603.348837209	6.4965314919	393.0	0.97515932	0.753799129802
10317.000005928	718.617977528	6.17507043756	519.0	0.951137	0.684628673687
10317.000027807	826.043478261	6.32582074431	508.0	0.96974356	0.703753770963
10317.000031313	931.406976744	6.48608152091	581.0	0.96922476	0.706360593031
10317.000014458	537.135135135	5.43970844027	314.0	0.9468722	0.655811592229
10317.000016759	645.4	6.10566849662	457.0	0.9599787	0.690995212938
10317.000014308	676.615384615	6.07245455198	432.0	0.95737692	0.693607376506
10317.000010546	458.8	4.58160414009	316.0	0.88373602	0.551749170533
10317.000015305	740.846153846	6.71418119978	532.0	0.97525458	0.741465685649
10317.000014295	560.5	5.04239638438	326.0	0.91459172	0.6039718016
10317.000011055	758.878787879	6.18064726339	501.0	0.953837	0.689137795606
10317.000002818	452.016666667	3.7578557911	335.0	0.68814728	0.44800286686
10317.000009667	586.508196721	4.8152228207	362.0	0.91004434	0.566507073737
10317.000012254	537.21875	5.25818951344	383.0	0.91933398	0.612756858815
10317.000026037	671.692307692	6.26536380791	476.0	0.96482408	0.704383605672
10317.000007037	408.109090909	5.75159905586	359.0	0.92694678	0.677628116569
10317.000015594	776.026315789	6.6416920371	522.0	0.97913348	0.735684669249
10317.000004286	535.842105263	5.5353069491	391.0	0.94363258	0.642816282544
10317.000001351	638.192307692	5.08169735895	378.0	0.909872	0.593500756832
10317.000010115	506.610169492	5.54418379119	371.0	0.93601752	0.649561208813
10317.000010981	522.631578947	6.03993849567	391.0	0.96327634	0.701419243103
10317.000013028	443.084745763	5.9636228474	369.0	0.95867328	0.6993420027
10317.000017095	631.753623188	6.41492529715	452.0	0.97578076	0.727301036009
10317.000011048	790.478873239	6.31215815666	513.0	0.96817424	0.701131606694
10317.000002079	465.181818182	5.24642282165	346.0	0.94344078	0.62200996654
10317.000014937	558.045454545	6.29739688002	431.0	0.96890906	0.719575521474
10317.000013653	488.526315789	5.04448579433	313.0	0.9144079	0.608501124964
10317.000021178	565.529411765	5.79086941224	412.0	0.94760644	0.666651592793
10317.000006741	621.548387097	5.8231355691	434.0	0.95286098	0.664623810854
10317.000014548	609.078125	6.02501636873	425.0	0.96280826	0.690046526455
10317.000013215	647.1	6.15533528339	443.0	0.96345176	0.700173044388
10317.000010867	550.808823529	5.73446066262	393.0	0.96019296	0.665375279525
10317.000026613	634.0	5.87412474416	415.0	0.95827744	0.675422177493
10317.000006909	565.418918919	6.15192413637	445.0	0.96456962	0.699268108723
10317.000011163	540.428571429	5.25521919853	333.0	0.91336278	0.627160985973
10317.000012276	662.837837838	6.05030912108	471.0	0.95417108	0.681373094998
10317.000015003	615.127659574	5.49908509404	393.0	0.91907048	0.638064413875
10317.000001613	587.970588235	5.85674155794	428.0	0.95336386	0.669995272767
10317.000006029	576.015873016	5.8458949808	408.0	0.95779794	0.674078444067
10317.000005024	643.015873016	6.21813097158	468.0	0.95802054	0.701000597851
10317.000026632	846.782608696	6.25692097305	444.0	0.97138102	0.711465214761
10317.000033799	419.4	5.14124655317	266.0	0.95202132	0.638245349476
10317.000029152	639.565217391	4.24492850558	349.0	0.77390622	0.502531867142
10317.000022999	595.446808511	5.39575369663	364.0	0.93589766	0.634212968792
10317.000037575	864.047619048	6.81583207798	545.0	0.97884146	0.749807237063
10317.000027681	647.288135593	6.46538872325	445.0	0.97326576	0.734898552786
10317.000021296	786.068965517	6.42808256356	541.0	0.97192888	0.707978780361
10317.000028712	626.220338983	5.6274737177	416.0	0.94484022	0.646803368566
10317.000027363	857.0	5.85233837427	470.0	0.95526854	0.65930571749
10317.000033801	800.222222222	5.5895376663	428.0	0.93839316	0.639427875778
10317.000011225	635.161290323	5.98183588528	430.0	0.96051382	0.6837796089
10317.000011409	523.875	5.24850758738	327.0	0.93391392	0.628326988263
10317.000009475	431.01754386	4.92919332227	320.0	0.90461222	0.592313856364
10317.000012928	538.591836735	5.65834558748	354.0	0.95206678	0.668234432274
10317.000028841	717.666666667	5.96638802106	434.0	0.96574206	0.680973935183
10317.000014534	499.620689655	5.58334154413	366.0	0.94912034	0.655652694454
10317.000016715	659.705128205	6.56214602002	482.0	0.97783852	0.736253505734
10317.000008954A	519.0	5.76887948988	386.0	0.94425644	0.671388808214
10317.000015912	555.520833333	5.23162905147	344.0	0.92989354	0.620871667787
10317.000016725	651.967213115	6.38848071361	422.0	0.9783863	0.732531596692
10317.000018358	473.93220339	4.78480567738	334.0	0.881392	0.570726913838
10317.000010102	495.942307692	5.54934080597	354.0	0.95296256	0.655361279307
10317.000008949B	530.318181818	5.99927266754	411.0	0.95773098	0.690922078751
10317.000010869	609.881355932	6.13006752578	423.0	0.95849324	0.702625685394
10317.000014571	626.12195122	6.40451570322	471.0	0.97356958	0.721263095709
10317.000010827	574.25	5.95861989408	398.0	0.96348076	0.689924612435
10317.000014162	611.484375	5.87453722552	425.0	0.9582153	0.672812115173
10317.000016736	597.865979381	5.76408555312	470.0	0.952947	0.649363437012
10317.000001929	536.046153846	5.75182260684	401.0	0.95308254	0.66514602594
10317.000003196	619.01369863	6.14047776632	470.0	0.96067172	0.691766579537
10317.000028833	309.857142857	4.09842866466	197.0	0.89172752	0.537706743766
10317.000004291	992.843373494	6.31958809866	565.0	0.97134886	0.691261659818
10317.000035347	864.038961039	6.31400835278	525.0	0.9720218	0.698748012545
10317.000031035	749.078947368	4.92910062504	353.0	0.88586972	0.582393386921
10317.000016765	684.263888889	6.12957230191	463.0	0.9633354	0.692226246241
10317.000004918	680.373333333	6.27072503406	482.0	0.97097836	0.703556927221
10317.000001347	633.25862069	5.92413826193	438.0	0.95149518	0.675131854676
10317.000005938	486.246153846	5.67965724248	407.0	0.94069326	0.655177367423
10317.000003982	515.098360656	5.13064622672	386.0	0.88529498	0.597110489406
10317.000001934	588.115384615	5.48043090269	401.0	0.920281	0.633762041101
10317.000015355	568.042857143	5.97282816145	423.0	0.95451958	0.684602977542
10317.000002418a	751.701149425	6.41627611699	509.0	0.97695258	0.713591784219
10317.000026083	694.846153846	5.69874195674	447.0	0.93430858	0.647280457666
10317.000009476	426.956521739	4.68676760365	299.0	0.88622646	0.569888940849
10317.000003729	618.358974359	5.77720025156	477.0	0.94298198	0.649280804002
10317.000017219	711.045454545	6.42984117259	483.0	0.97380576	0.72116735763
10317.000004283	227.391304348	3.12016962613	153.0	0.74750238	0.429930120005
10317.000003473	634.164556962	6.57330216981	511.0	0.96872468	0.730595869933
10317.000007068	350.692307692	4.92360498144	248.0	0.93188426	0.618994652548
10317.000011342	571.1375	6.00447103842	446.0	0.94909054	0.682256485893
10317.000026056	475.3125	4.69610331671	319.0	0.90560062	0.564611079765
10317.000012209	597.25862069	5.76751580535	402.0	0.9479612	0.666683775711
10317.000016355	739.878787879	6.473297956	482.0	0.9762052	0.726285013961
10317.000015185	594.06122449	5.16797199939	366.0	0.90811206	0.606875782089
10317.000003028	462.0	5.29001430723	367.0	0.91375464	0.620920207182
10317.000012985	887.288461538	6.24019390411	493.0	0.96249232	0.697583486997
10317.000016755	689.060240964	6.08047238491	484.0	0.9425643	0.681754190321
10317.000014327	476.054054054	5.57535876128	373.0	0.95503224	0.652620624456
10317.000013249	539.571428571	5.26492837791	321.0	0.94447606	0.632315254222
10317.000008950A	352.716981132	3.86880017873	272.0	0.79557452	0.478370071637
10317.000016716	653.571428571	6.14966368538	410.0	0.96934276	0.708529038015
10317.000022662	582.666666667	5.93840718203	410.0	0.95944012	0.684189273315
10317.000022443	508.163934426	5.19079232952	377.0	0.93161244	0.606512872342
10317.000017074	483.75	5.44118929464	351.0	0.94536242	0.643522024975
10317.000002511	532.721311475	4.95916414572	380.0	0.8883759	0.578675344413
10317.000013821	411.428571429	5.05127348408	300.0	0.92956352	0.613851595723
10317.000004819	439.384615385	4.94077131099	280.0	0.91883302	0.607774547975
10317.000017075	542.508196721	4.9954407572	383.0	0.89775036	0.582137745122
10317.000010834	551.263157895	5.65273603859	383.0	0.94141942	0.658734868696
10317.000014303	453.304347826	6.04785233729	368.0	0.9682374	0.7095451841
10317.000015265	626.016666667	5.66595394648	395.0	0.95653674	0.656868212174
10317.000003193	437.352941176	4.85927502681	295.0	0.91921406	0.592264353782
10317.000013619	768.47826087	6.67896464104	511.0	0.97819594	0.742339824963
10317.000005015	530.092307692	5.90464398627	393.0	0.96569078	0.685121822959
10317.000022925	352.9375	5.27812626287	275.0	0.94646702	0.651356139343
10317.000003439	573.881355932	5.32678236194	387.0	0.9404367	0.619667842736
10317.000016735	597.906976744	6.06878966865	450.0	0.96474648	0.688556878936
10317.000011168	541.638297872	5.96764802499	382.0	0.96182792	0.695738565091
10317.000004972	524.147058824	6.34639037766	412.0	0.97268734	0.730603809647
10317.000009382	534.486486486	5.93964851473	403.0	0.96652686	0.686296742595
10317.000027308	500.06	5.5145379812	362.0	0.91719596	0.648780937261
10317.000003895	514.956521739	5.96980640249	399.0	0.96331164	0.690930227853
10317.000001322	453.489795918	5.05734414087	315.0	0.93520662	0.609376717593
10317.000026106	564.303571429	5.56296488286	383.0	0.93200328	0.648273493872
10317.000008957B	599.164179104	6.35890368373	439.0	0.97055198	0.724407360507
10317.000001047	430.142857143	4.91459242054	290.0	0.91121928	0.600812596626
10317.000017071	455.87755102	4.60639297403	315.0	0.8509245	0.555040066935
10317.000015262	586.5	5.52191071321	385.0	0.95141606	0.642926322215
10317.000003981	442.232876712	5.40387071857	366.0	0.94506604	0.634577406577
10317.000014334	691.833333333	6.42697898651	497.0	0.97113274	0.717528834291
10317.000011378	628.516129032	5.74820045827	431.0	0.95590038	0.656821289987
10317.000016718	574.7	5.89935249888	363.0	0.96642784	0.693729232071
10317.000016714	647.318181818	6.57584437841	457.0	0.97837998	0.744206304194
10317.000007748	465.283018868	5.33565943436	348.0	0.92659094	0.63196673494
10317.000007073	626.129032258	5.78394039093	468.0	0.95574944	0.652052150478
10317.000001247	834.873015873	6.73537983565	519.0	0.98052024	0.746750050916
10317.000002036	446.894736842	4.99238396605	292.0	0.92757214	0.609583749952
10317.000012112	537.559322034	5.78550844399	375.0	0.96045444	0.67660855703
10317.000002437	369.466666667	4.8981821597	292.0	0.91719206	0.598081451499
10317.000003731	558.03125	5.50203256298	406.0	0.94552412	0.634947406028
10317.000013171	521.56	5.50588333739	359.0	0.93991642	0.648678970793
10317.000001487	572.6	5.80715143771	378.0	0.96085568	0.678227869522
10317.000014306	552.115384615	5.32243799257	365.0	0.93328032	0.625304588734
10317.000002064	604.875	6.22674599619	444.0	0.96750804	0.708034062844
10317.000002336	558.319148936	5.36575561809	363.0	0.90734058	0.630981370433
10317.000006074	481.982142857	5.69951792863	348.0	0.9622402	0.675062900922
10317.000012061	476.56	4.61672306998	314.0	0.89220652	0.556592424144
10317.000016756	674.714285714	6.04547777843	444.0	0.9629163	0.687422322335
10317.000011018	733.441558442	6.25810534687	510.0	0.96102968	0.695781569048
10317.000015261	702.5	5.84545238338	444.0	0.96030838	0.664677730984
10317.000013458	605.0	6.32214048563	431.0	0.96949428	0.722402863191
10317.000041935	480.456521739	4.26344871999	320.0	0.81126722	0.512315015388
10317.000033721	642.0	6.24402612271	460.0	0.97124286	0.705899400344
10317.000031491	442.818181818	6.39764507686	378.0	0.97754938	0.747192704888
10317.000017671	439.902439024	5.18348937042	291.0	0.93910978	0.633300954902
10317.000036943	498.828947368	5.99197706731	408.0	0.96169576	0.690922876939
10317.000036102	652.596491228	6.27523370819	435.0	0.9703901	0.715952725973
10317.000028894	549.923076923	5.26245628456	378.0	0.93786388	0.614611923352
10317.000040358	520.909090909	5.63455205036	354.0	0.94936742	0.665424483585
10317.000031506	684.762711864	6.10718848711	447.0	0.95779936	0.693673057842
10317.000016446	587.448275862	5.88262601491	459.0	0.94408216	0.665278549983
10317.000028793	570.956521739	5.40349370819	344.0	0.94931646	0.641267971692
10317.000042026	727.526315789	6.49410188566	506.0	0.9723627	0.722932932286
10317.000037582	495.019230769	5.75479618559	360.0	0.95677222	0.677684378228
10317.000029202	462.162790698	4.6038389868	315.0	0.86306654	0.554732328266
10317.000022618	772.442857143	6.33602012077	505.0	0.967782	0.705559202726
10317.000021229	505.0	3.28127410975	259.0	0.68763324	0.409299311147
10317.000034121	401.454545455	4.48330110947	236.0	0.90909806	0.568756073488
10317.000036071	488.882352941	4.92366854861	332.0	0.90917978	0.587897954269
10317.000036166	546.084745763	5.7971451826	374.0	0.96125496	0.678275040111
10317.000031593	637.166666667	4.85585276054	335.0	0.88251958	0.578903523365
10317.000034194	872.04109589	6.0572568452	536.0	0.94865684	0.668122353304
10317.000036131	663.453125	5.99177050088	439.0	0.9597708	0.682583487529
10317.000002347	419.833333333	5.01803356446	329.0	0.92351562	0.60010371993
10317.000016767	641.380952381	6.18688893674	442.0	0.96481906	0.704023388395
10317.000036109	399.972972973	4.16862127327	258.0	0.81886794	0.520347400012
10317.000004973	626.333333333	6.31402280398	433.0	0.96692278	0.720925083682
10317.000031379	799.043478261	5.94861950617	481.0	0.95170978	0.667642074965
10317.000004737	588.666666667	5.69101452456	416.0	0.92627224	0.654106540466
10317.000006666	455.0	4.82169992811	334.0	0.90952542	0.575127623769
10317.000003969	371.75	4.99132060841	258.0	0.93352934	0.623040696422
10317.000001749	671.2625	6.29521500008	498.0	0.9645162	0.702590808329
10317.000009507	565.493670886	6.35247990701	451.0	0.97419368	0.720482216873
10317.000040348	715.976470588	5.9570080284	498.0	0.95576542	0.664844502665
10317.000026595	775.12244898	6.08001768166	424.0	0.96283798	0.696616990646
10317.000012335	561.114754098	5.48945204817	397.0	0.93529896	0.635868771245
10317.000022554	679.338235294	6.31829279081	458.0	0.97310378	0.714803385268
10317.000003718	682.35	6.42868079088	507.0	0.96877454	0.71542331102
10317.000006113	489.318181818	5.17025762591	370.0	0.90982704	0.606028185452
10317.000006662	674.0	6.28315121857	437.0	0.97060636	0.716315198282
10317.000013756	858.555555556	6.64574280724	519.0	0.97228688	0.736812013692
10317.000001216	586.043478261	6.24037115102	453.0	0.96921926	0.70725506275
10317.000016722	557.660377358	6.13443236348	387.0	0.97180046	0.713622260269
10317.000016358	352.305084746	4.90002521006	304.0	0.91675098	0.59409169177
10317.000035392	883.375	6.0036256267	461.0	0.96567422	0.678481348694
10317.000043118	739.5	6.56585700921	540.0	0.97280894	0.723365693508
10317.000006685	459.578947368	4.93607557394	281.0	0.92538912	0.606812992045
10317.000005992	471.52173913	4.35995672199	324.0	0.82946894	0.522785987816
10317.000012947	586.4	5.97565351353	431.0	0.9614111	0.682811338569
10317.000012122	676.52173913	5.66016145411	400.0	0.94891556	0.654819021724
10317.000004758	560.388888889	5.63901956513	401.0	0.94953162	0.652101379045
10317.000042014	739.325581395	6.64055976719	552.0	0.97562996	0.729048903442
10317.000027267	821.220338983	6.27960860325	494.0	0.96648292	0.70176026986
10317.000006625	511.333333333	4.98886148862	313.0	0.91660254	0.601791332533
10317.000008951B	292.083333333	4.14378750682	215.0	0.87208462	0.534806965606
10317.000006778	786.285714286	6.52620076198	533.0	0.97636556	0.720490916942
10317.000012971	857.851851852	6.40819817322	555.0	0.96909016	0.702935102106
10317.000017652	835.879518072	6.93546933187	579.0	0.9803091	0.755710175737
10317.000015254	675.833333333	6.24706943859	481.0	0.96443784	0.701138541154
10317.000001438	511.09375	5.94448440268	390.0	0.96570526	0.690630449396
10317.000006803	542.529411765	5.82457100455	393.0	0.95726482	0.675830873778
10317.000013299	603.04	5.81754523521	458.0	0.95195624	0.658152631693
10317.000036039	418.695652174	5.23414095672	300.0	0.93188982	0.636074405524
10317.000011026	747.928571429	5.79668891701	444.0	0.9437183	0.659132909462
10317.000012993	593.0	5.95283762079	444.0	0.9615869	0.676888347248
10317.000009419	624.47761194	6.08836511629	437.0	0.96043904	0.694108467834
10317.000010693	652.75862069	6.30981364363	512.0	0.96864438	0.701090404848
10317.000008951A	309.756756757	3.94049329419	220.0	0.85556576	0.506401636637
10317.000001669	495.038461538	5.11934844281	346.0	0.92466744	0.606944171652
10317.000036068	575.015384615	5.77193764936	421.0	0.94987596	0.662095880743
10317.000042981	733.109589041	6.17359058795	474.0	0.96507014	0.694540320839
10317.000028776	940.878787879	6.78844637382	602.0	0.97444278	0.735187999015
10317.000004011	318.872340426	4.77215376708	266.0	0.91596168	0.592425381145
10317.000004285	568.210526316	6.18459745069	473.0	0.96366108	0.696017193345
10317.000026116	564.642857143	4.98430188146	357.0	0.89976494	0.587786679167
10317.000022498	669.0	6.38356647335	462.0	0.97010742	0.72116442112
10317.000023929	683.275862069	5.23478668346	450.0	0.86173372	0.593931999206
10317.000009558	550.593220339	5.46742406457	395.0	0.93740798	0.63385214642
10317.000002051	595.507042254	5.86413443934	436.0	0.9370321	0.668796893647
10317.000016726	798.416666667	6.80899768255	533.0	0.98034212	0.751711625596
10317.000005927	688.011627907	5.86587347661	513.0	0.93264894	0.651559925028
10317.000013539	582.616438356	6.16761705974	455.0	0.9619097	0.698506311555
10317.000004289	584.082191781	6.11537313978	445.0	0.95691412	0.695113482351
10317.000011073	556.2	5.50789290974	400.0	0.94508642	0.637203209865
10317.000001111	508.738095238	4.89996044359	333.0	0.88714844	0.584764194782
10317.000013053	441.368421053	4.23422821026	301.0	0.8581685	0.514260844743
10317.000010225	678.189873418	6.8646557096	509.0	0.98237634	0.763458714455
10317.000003226	690.465753425	6.40738196975	496.0	0.96986754	0.715573095301
10317.000013167	542.621621622	6.02999178616	424.0	0.96290486	0.690885282187
10317.000010879	565.566037736	5.11123477255	374.0	0.91812706	0.598022450907
10317.000013055	686.238095238	5.3765277139	439.0	0.92254412	0.61249492737
10317.000006665	586.5	6.95508440131	495.0	0.98482798	0.776992870049
10317.000002638	436.011111111	5.68385739261	373.0	0.95498132	0.665320873455
10317.000002443	659.35443038	6.69745244693	516.0	0.9770419	0.743234218502
10317.000017349	820.651515152	7.02005957407	537.0	0.98253672	0.77409099207
10317.000005814	498.763157895	6.2277692108	411.0	0.97080682	0.717237486535
10317.000020071	657.444444444	5.82022689973	413.0	0.96205968	0.669761594752
10317.000004026	535.245901639	6.06506086045	424.0	0.95326654	0.694903315403
10317.000013134	591.0	6.26720940663	411.0	0.97541764	0.721779720836
10317.000004822	486.916666667	6.16402674322	387.0	0.96734236	0.717064992523
10317.000009101	559.642857143	6.5879001418	430.0	0.97942916	0.753058403612
10317.000013159	732.119402985	6.29613892788	497.0	0.96658334	0.70292142466
10317.000016772	550.37037037	6.2732955238	442.0	0.97056468	0.713855835497
10317.000006635	518.166666667	5.38084304912	419.0	0.91216492	0.617720424633
10317.000001734	564.733333333	6.27143195459	435.0	0.96839828	0.715518977051
10317.000001286	530.775862069	5.64488102064	395.0	0.93636148	0.654425175177
10317.000014397	670.121621622	6.38814897133	476.0	0.97440178	0.718187729228
10317.000016731	710.171875	6.28764814119	475.0	0.96184572	0.707130127211
10317.000016458	938.720930233	6.697766201	594.0	0.97140808	0.726886719809
10317.000009174	510.4	6.2736966051	423.0	0.96727038	0.719088388272
10317.000013222	568.216666667	5.37804728287	399.0	0.92493698	0.622441530601
10317.000004847	412.130434783	5.49913277514	327.0	0.93753718	0.658330673461
10317.000002261	645.705128205	6.14750617671	468.0	0.96104028	0.693038716112
10317.000016729	743.985915493	6.60691303042	512.0	0.97609764	0.734101447825
10317.000001652	496.111111111	6.28042258802	381.0	0.9737448	0.732526362548
10317.000017083	507.0	5.73264145935	382.0	0.95826606	0.668340312031
10317.000002606	455.4125	5.66615295459	396.0	0.93215482	0.656613604472
10317.000011357	591.658536585	6.14893414594	473.0	0.96432114	0.692003630058
10317.000004813	655.318181818	6.29428483497	465.0	0.96546016	0.710328755575
10317.000013453	486.050847458	5.443339472	363.0	0.93040208	0.640104776334
10317.000016768	721.142857143	6.45053999628	491.0	0.97195376	0.721570875053
10317.000013174	388.571428571	4.03446927785	275.0	0.81244774	0.497880536053
10317.000016166	549.918032787	5.45264545736	374.0	0.93115034	0.637968034232
10317.000011358	732.5	6.94147111279	539.0	0.98252784	0.764972768089
10317.000001436	598.714285714	6.1364299442	465.0	0.96178342	0.692514361873
10317.000009385	709.618421053	6.51966015335	500.0	0.97454452	0.72717120403
10317.000006053	511.68	5.51708752768	405.0	0.92938158	0.63694630195
10317.000002185	400.428571429	5.3125728707	315.0	0.9318646	0.640130101443
10317.000016488	418.620689655	4.20141500102	241.0	0.83631476	0.530958392377
10317.000001516	419.020833333	4.99905870325	320.0	0.887315	0.600709192179
10317.000011352	636.617021277	6.4126981564	508.0	0.96605258	0.713418968388
10317.000004009	459.846153846	5.56160777566	359.0	0.9479186	0.655244179142
10317.000013801	503.25862069	5.71721483977	376.0	0.95227074	0.668321404908
10317.000003996	769.220779221	6.6164885347	560.0	0.9638858	0.724754454695
10317.000017339	648.272727273	5.94696997131	417.0	0.94969988	0.68325320026
10317.000010183	822.608108108	6.87154092106	567.0	0.9785781	0.751217555248
10317.000012318	466.0	5.1432351688	359.0	0.88743268	0.60595335778
10317.000007666	577.48	6.28624994564	444.0	0.96781356	0.714800168786
10317.000002349	449.850746269	5.65346895129	362.0	0.95022548	0.665126053625
10317.000015908	448.56097561	5.4946646757	305.0	0.9493186	0.665804850648
10317.000001423	420.06122449	4.82769910766	317.0	0.89328152	0.58106669578
10317.000005845	548.092307692	6.13992667418	411.0	0.96582738	0.707120868844
10317.000009118	522.482758621	5.79445329206	391.0	0.9585306	0.672910998221
10317.000005576	586.803278689	6.11978186454	425.0	0.96756918	0.700900040738
10317.000002801	643.134328358	6.58530931702	465.0	0.97348768	0.743171733544
10317.000013265	785.577464789	6.38550968223	538.0	0.96495142	0.703911831083
10317.000010833	495.222222222	4.91426712772	323.0	0.90971712	0.589566525214
10317.000013238	404.565217391	4.91146143931	267.0	0.94196466	0.609309851274
10317.000012983	661.515151515	5.85008828108	459.0	0.92548156	0.661598789222
10317.000004915	519.394366197	6.02348037752	392.0	0.96561916	0.699208735583
10317.000001099	764.714285714	7.32769273038	644.0	0.9863818	0.785313257647
10317.000015856	875.394366197	6.40231280103	533.0	0.96954924	0.706813717322
10317.000003061	504.486486486	5.96596729307	408.0	0.95643714	0.687923741954
10317.000028859	558.554347826	6.33990250096	466.0	0.97113504	0.715226688328
10317.000012903	757.943661972	6.53743118176	513.0	0.97504462	0.726154116288
10317.000004736	666.84375	5.67810007558	458.0	0.90892926	0.642376871458
10317.000010962	581.202702703	6.14510930765	444.0	0.96281378	0.698751275927
10317.000002348	629.0	5.77495539995	478.0	0.92779334	0.648808203126
10317.000002444	467.96875	5.70839922749	376.0	0.95022918	0.667290892229
10317.000015584	593.345679012	5.62654707918	446.0	0.93435856	0.639314972692
10317.000023375	730.142857143	4.94367404798	452.0	0.85320494	0.560495888921
10317.000015624	735.988372093	6.12227507928	525.0	0.95743398	0.677529598455
10317.000006671	657.037974684	6.57791736578	494.0	0.97546438	0.735096939536
10317.000009102	505.222222222	5.37830087217	373.0	0.92346058	0.629554119115
10317.000015214	734.373333333	6.33838950394	500.0	0.97174058	0.70695315688
10317.000002172	563.133333333	5.76184382828	422.0	0.94249314	0.660678625893
10317.000001189	540.362068966	5.65940877198	375.0	0.94811318	0.66186134545
10317.000007678	314.882352941	3.03197608402	259.0	0.70059338	0.378202393673
10317.000003358	542.693548387	5.81670822016	388.0	0.9547124	0.676368275691
10317.000009231	505.448275862	5.12484679509	422.0	0.90063166	0.58763771449
10317.000018318	513.038461538	6.28106958141	429.0	0.96701186	0.718260597986
10317.000013859	681.985915493	6.07486065044	470.0	0.95373542	0.684374365194
10317.000013757	555.341463415	6.5396374504	474.0	0.9699184	0.735721267595
10317.000012298	722.560606061	5.84251620591	473.0	0.9415659	0.657519226454
10317.000017171	660.679012346	6.13847730643	477.0	0.9627941	0.689883560777
10317.000014587	441.344262295	5.23596934216	332.0	0.93417992	0.625187425693
10317.000016764	634.642857143	6.16250114756	427.0	0.96750912	0.705245603326
10317.000016727	618.34375	6.03775402109	427.0	0.96536454	0.690969360554
10317.000002013	569.533333333	5.89184709065	472.0	0.94018662	0.663298869257
10317.000013454	554.596491228	6.3185209133	412.0	0.97485664	0.727395444636
10317.000016766	602.25	6.06825700343	426.0	0.96199316	0.694729105748
10317.000001234	613.518518519	4.66374049575	375.0	0.8494493	0.545419085935
10317.000026623	883.213483146	6.57633832166	615.0	0.96413918	0.709847165711
10317.000006761	641.705128205	6.87919187173	506.0	0.98129738	0.765801713486
10317.000009532	577.3	6.63586464408	450.0	0.97952134	0.752896458412
10317.000005846	481.172413793	6.18787519349	374.0	0.97173094	0.723991061611
10317.000004821	825.666666667	6.79920175509	604.0	0.97224946	0.735971409236
10317.000002712	600.567164179	5.6089458973	436.0	0.93370216	0.63969297286
10317.000013734	733.538461538	6.69390809749	527.0	0.97886528	0.74034068142
10317.000009659	572.640625	5.82403623052	414.0	0.95377566	0.669930979248
10317.000017292	644.265060241	6.89349531339	506.0	0.9816847	0.767393993558
10317.000015862	589.134328358	5.95389854333	411.0	0.96388964	0.685696447919
10317.000002446	506.085365854	4.43446442375	384.0	0.84204406	0.516538589817
10317.000006678	466.318181818	5.74481657999	382.0	0.95065096	0.669759749124
10317.000014224	641.615384615	6.67267272894	458.0	0.98197964	0.754895224605
10317.000017218	652.310810811	6.51498276233	465.0	0.97745848	0.735235172778
10317.000009661	584.044117647	6.22268317679	443.0	0.96626968	0.707833907263
10317.000006729	498.313432836	5.80281117549	377.0	0.96301914	0.678023594528
10317.000013686	461.818181818	5.54219557044	332.0	0.95337722	0.661751579306
10317.000010845	696.714285714	6.51166650855	466.0	0.97716924	0.73460398984
10317.000017205	719.304347826	6.35126490888	491.0	0.9632187	0.710465756455
10317.000014551	561.701754386	5.83427042826	376.0	0.9641768	0.682004773043
10317.000005238	555.566666667	5.71442983219	449.0	0.93773228	0.648587863432
10317.000022448	769.344262295	5.85747904563	475.0	0.95043786	0.658751859147
10317.000001004	343.936170213	5.28858836033	275.0	0.94551118	0.652647232255
10317.000014122	528.328947368	5.78694910146	418.0	0.95503804	0.664604389652
10317.000016728	766.779069767	6.75347180793	558.0	0.97578504	0.740177774618
10317.000010773	521.75	4.48345034983	371.0	0.8515051	0.525284791878
10317.000005553	509.338709677	6.32574655598	398.0	0.97080152	0.73243273083
10317.000014054	640.785714286	6.36502379983	495.0	0.971701	0.711073773487
10317.000026081	513.046153846	5.3858048048	378.0	0.9409924	0.629018023312
10317.000016769	618.283018868	5.70795201574	396.0	0.94973264	0.661457425744
10317.000004738	664.723684211	6.36271784387	491.0	0.96979858	0.71174690568
10317.000036427	675.4	6.35340940144	475.0	0.97095244	0.714525860446
10317.000043092	633.246153846	6.33811839574	452.0	0.96511604	0.718592947235
10317.000036069	346.0	5.18089625163	267.0	0.9403449	0.64273560193
10317.000028711	573.82	5.70364543877	382.0	0.95110002	0.664959809416
10317.000027901	769.445783133	6.9081278157	571.0	0.9787009	0.754380921075
10317.000031057	649.615384615	5.73279164582	426.0	0.94858716	0.656323094307
10317.000021275	809.161764706	5.43383429604	474.0	0.9228392	0.611316374417
10317.000031439	767.0	5.7287453774	409.0	0.94576362	0.660301261941
10317.000036437	732.911764706	6.18812831368	496.0	0.96332544	0.691086960703
10317.000043117	709.47826087	5.99989831239	476.0	0.95931414	0.674538643967
10317.000040144	394.0	4.54830864837	291.0	0.8504286	0.555696752585
10317.000039994	512.929577465	5.71077834592	393.0	0.94355694	0.662627396329
10317.000036067	654.516129032	6.66240531057	457.0	0.98028372	0.754002641775
10317.000036877	715.168539326	6.55969283895	548.0	0.97110034	0.721001286776
10317.000038417	580.0	5.90426798845	464.0	0.949233	0.666547827512
10317.000031891	561.047619048	6.14844239994	430.0	0.96228796	0.702824286758
10317.000028719	656.47826087	5.84007669574	423.0	0.95933832	0.669387062025
10317.000023341	617.054054054	5.34827925714	416.0	0.93473936	0.614713673148
10317.000035492	692.121621622	6.35634113754	498.0	0.96253114	0.709412920413
10317.000027775	742.225352113	5.95617715321	492.0	0.9495098	0.666051718412
10317.000036094	384.326086957	4.09177407534	281.0	0.80790024	0.503019378905
10317.000039831	542.208333333	5.66533903496	438.0	0.93721488	0.645638349567
10317.000043164	504.25	5.32835788716	343.0	0.94062458	0.632666458297
10317.000036422	598.040540541	6.33981487511	445.0	0.96987754	0.720625004325
10317.000036939	699.101694915	5.56352895047	423.0	0.9471356	0.637689279211
10317.000036147	675.086956522	6.08700793425	479.0	0.9433471	0.683635299716
10317.000035412	589.75862069	6.0713357824	422.0	0.96296238	0.696166349106
10317.000031272	354.303030303	3.86821671568	219.0	0.82316764	0.497533461177
10317.000037565	591.0	5.74764799899	442.0	0.93826682	0.65404093413
10317.000014232	622.2	6.18475304062	483.0	0.96434512	0.69367841105
10317.000009677	620.157894737	5.39353853044	397.0	0.94341726	0.624758662233
10317.000036045	593.263157895	6.27755706645	405.0	0.97055376	0.724742309903
10317.000018424	644.5	4.84226641283	391.0	0.88189616	0.562333349028
10317.000014978	650.887323944	6.32192264206	458.0	0.97098224	0.715214038913
10317.000017133	717.661290323	5.7838887912	452.0	0.95130004	0.655756398577
10317.000026136	582.388888889	5.96161137023	423.0	0.96232634	0.683317313789
10317.000013197	704.109375	6.33094217206	477.0	0.97360396	0.711514062967
10317.000001936	630.441860465	4.81502831168	342.0	0.91428492	0.572001980691
10317.000009495	366.3125	4.80170413553	281.0	0.92183326	0.590294133416
10317.000033748	604.385964912	5.12754372849	395.0	0.87093378	0.594448968981
10317.000006717	548.0	6.03467473592	419.0	0.96031268	0.692780258849
10317.000022553	841.583333333	6.45790607775	560.0	0.97056968	0.70738370864
10317.000034127	526.5	5.55245680235	399.0	0.94272656	0.642627245331
10317.000005085	378.652173913	5.73044149889	334.0	0.96022358	0.683521424298
10317.000009648	679.961538462	6.0887242123	478.0	0.9554477	0.684059692572
10317.000013001	688.45	5.92274696044	478.0	0.94947362	0.66541237929
10317.000034147	906.28	5.65277421115	511.0	0.94456468	0.628282921679
10317.000028856	634.519230769	5.39435316602	396.0	0.93949076	0.625116495182
10317.000005163	358.130434783	4.42422439615	273.0	0.88128028	0.546689381518
10317.000009628	556.086956522	6.02638518352	425.0	0.96168892	0.690203297131
10317.000016762	572.064516129	5.77911838728	406.0	0.94641704	0.666923757199
10317.000014291	627.0	6.46448777013	478.0	0.96796732	0.726276205407
10317.000011191	547.5	6.00356420837	390.0	0.9668457	0.69749434372
10317.000013764	694.514285714	5.90471865855	454.0	0.95164318	0.668972551055
10317.000016333	697.381578947	6.10712783046	471.0	0.96608452	0.687771898611
10317.000034126	699.769230769	5.98373908877	430.0	0.95610832	0.683997162802
10317.000006036	531.879518072	6.46418107653	440.0	0.97382698	0.73612530262
10317.000013902	705.658227848	6.14719219612	504.0	0.95610574	0.684749974213
10317.000015295	477.368421053	4.78736874434	337.0	0.88597678	0.570155303137
10317.000006795	763.53164557	6.24330689852	529.0	0.95988606	0.690087475221
10317.000002141	518.571428571	5.09345230016	337.0	0.91079038	0.606608555826
10317.000006017	469.117647059	4.86653398399	322.0	0.89033894	0.584153467762
10317.000014451	483.178571429	5.35917906184	347.0	0.9358651	0.635064729106
10317.000013984	589.096774194	6.09680631188	404.0	0.97055642	0.70416463308
10317.000015587	439.849056604	4.90555155131	314.0	0.89577752	0.591413604047
10317.000003508	561.0	6.09779437655	432.0	0.95723534	0.696501739748
10317.000036114	432.2	5.18907870658	323.0	0.93161674	0.622535776463
10317.000010712	556.458333333	6.36773715044	440.0	0.97328522	0.725142501637
10317.000013986	563.909090909	5.97811125335	397.0	0.95988252	0.692472440542
10317.000014259	684.347826087	5.70981469901	443.0	0.94548636	0.649494813302
10317.000006899	736.333333333	6.49740680561	503.0	0.97583366	0.723992271651
10317.000003879	456.105263158	5.44014371062	335.0	0.94728492	0.648561337627
10317.000003287	648.272727273	6.79618813809	507.0	0.97996416	0.756321798863
10317.000013952	534.081967213	5.95841401187	388.0	0.96194988	0.692845860326
10317.000010169	294.958333333	3.92504949311	234.0	0.84657488	0.498712528956
10317.000001805	487.3	6.20181799984	391.0	0.96898554	0.720218341698
10317.000005009	545.234042553	5.85311237215	375.0	0.9583885	0.684514758658
10317.000033803	651.0	5.59105635723	371.0	0.94593748	0.655052837844
10317.000014237	634.23880597	5.94338927634	442.0	0.95195138	0.676314881301
10317.000017185	762.373333333	6.40453954754	528.0	0.97152168	0.708122563327
10317.000035361	372.073170732	5.4896051544	295.0	0.94990512	0.669091053985
10317.000044399	500.12244898	5.45869870911	347.0	0.92948172	0.646857844639
10317.000005987	568.5625	6.21314225412	423.0	0.9716493	0.712147674783
10317.000003922	665.121621622	6.1298905699	471.0	0.96860296	0.690335390478
10317.000015542	415.75	4.87357849407	302.0	0.91287384	0.591568228106
10317.000017114	317.285714286	5.04632383943	227.0	0.94673024	0.644770021884
10317.000014222	501.129032258	5.37932892476	297.0	0.9492967	0.654872162337
10317.000001882	634.015384615	6.39552240871	480.0	0.96299086	0.718042097863
10317.000012004	768.951219512	6.48416677768	543.0	0.96554268	0.713737318487
10317.000001732	558.886075949	6.35616053819	456.0	0.96679958	0.719601458638
10317.000001151	502.83908046	6.05788452535	418.0	0.96821678	0.69572007235
10317.000002262	538.333333333	6.38701930512	450.0	0.96645936	0.724662794158
10317.000027295	626.034090909	6.04612773713	476.0	0.96211894	0.67973598763
10317.000029188	748.016393443	5.83798744257	469.0	0.9492681	0.657916742197
10317.000014392	566.051724138	5.50178370335	391.0	0.94737866	0.638923221434
10317.000002512	434.02	5.30065981226	337.0	0.93020912	0.631286091271
10317.000012242	636.794117647	6.11859674555	459.0	0.96298494	0.69196497627
10317.000031519	571.319148936	5.72716680387	376.0	0.95343358	0.66948475294
10317.000015329	588.4	6.29347502385	430.0	0.9705454	0.719402867775
10317.000014318	628.037735849	6.26779413473	420.0	0.97348968	0.719258382383
10317.000013609	504.620689655	4.693075484	344.0	0.88631196	0.556957990357
10317.000014317	617.813953488	5.50503977936	385.0	0.9283463	0.640962008047
10317.000029154	536.358490566	5.81148973247	383.0	0.94912798	0.67723504153
10317.000009529	405.054545455	5.03654147496	300.0	0.9291267	0.61206130119
10317.000011955	575.22	5.50923460745	375.0	0.9454001	0.644298649666
10317.000003266	415.454545455	5.36441074677	341.0	0.92843116	0.637585925123
10317.000016405	701.607142857	6.4038323232	439.0	0.97642864	0.729525638554
10317.000010984	566.0	6.08686988461	417.0	0.9693799	0.699326438218
10317.000010843	548.417910448	6.08981958854	429.0	0.96406166	0.696390543457
10317.000008955	398.549019608	5.7516297321	311.0	0.96601566	0.69457661512
10317.000027648	449.142857143	4.60064564829	320.0	0.86613308	0.552834102366
10317.000014357	564.666666667	5.3987938039	374.0	0.92501914	0.631667306673
10317.000017093	432.545454545	5.01647378971	345.0	0.90582864	0.595042052484
10317.000014379	658.153846154	5.83946005223	450.0	0.94716568	0.662537442846
10317.000005915	375.176470588	4.49428361734	260.0	0.86360904	0.560219092678
10317.000001363	448.068965517	5.14026885547	361.0	0.86989326	0.605032552839
10317.000013604	502.5	2.56964069521	205.0	0.54832696	0.334611283826
10317.000014095	516.038461538	5.4356103965	367.0	0.93459836	0.638009679661
10317.000012275	563.388888889	5.80651088457	378.0	0.9593427	0.678153058145
10317.000011389	641.602739726	6.19765182638	454.0	0.96605028	0.70216028783
10317.000002205	331.936170213	3.86412160443	263.0	0.80170094	0.480676768801
10317.000011155	548.818181818	5.63007356493	394.0	0.93487564	0.652985354625
10317.000006929	423.23880597	5.3049918489	337.0	0.9365916	0.631802018452
10317.000013648	538.45	4.97111266036	319.0	0.90449694	0.597675369878
10317.000012155	845.044776119	6.92911715338	551.0	0.9830694	0.760947372452
10317.000006654	552.682926829	6.27756438601	390.0	0.97133188	0.72932769595
10317.000002071	538.014705882	5.47755039835	405.0	0.9312993	0.632381750781
10317.000004159	411.133333333	5.03155124701	314.0	0.89065862	0.606604135298
10317.000002568	302.956521739	4.78118795059	241.0	0.90243446	0.604227829739
10317.000008957A	668.596491228	6.42050098087	451.0	0.97192624	0.728196995164
10317.000002749	644.0375	6.33733600075	479.0	0.96666074	0.711749786278
10317.000017661	630.684210526	6.20129602899	424.0	0.971676	0.710512436642
10317.000002201	246.1875	3.68009642327	189.0	0.8181729	0.48664089523
10317.000001939	442.018518519	4.96545062741	331.0	0.88303476	0.593195084955
10317.000009447	516.0625	5.22766495679	352.0	0.926984	0.617968817819
10317.000029245	714.4	6.25237422022	517.0	0.97004268	0.693627692639
10317.000014958	502.424242424	5.9397565473	385.0	0.95919162	0.691576888897
10317.000015364	796.352941176	5.89061664493	448.0	0.95579664	0.668829256577
10317.000016484	612.35	5.38165833992	395.0	0.9405953	0.623909111452
10317.000010908	582.454545455	5.94089395328	418.0	0.94507036	0.682284245219
10317.000001524	554.987012987	5.37369456929	434.0	0.92590768	0.613326844382
10317.000014949	456.0	5.2863065443	347.0	0.93333702	0.626429308443
10317.000015933	602.818181818	6.17832121721	413.0	0.96915358	0.710969235842
10317.000014012	572.077922078	5.74726046702	425.0	0.95470782	0.658235078411
10317.000004774	515.015151515	5.50080024228	386.0	0.93131532	0.640189438064
10317.000008954B	566.428571429	5.77383735289	403.0	0.94402346	0.667138090367
10317.000016703	729.55	6.31121472384	467.0	0.9708835	0.711742002152
10317.000003365	373.022222222	5.03066565404	280.0	0.91601046	0.618832637953
10317.000017216	714.561643836	6.87225999982	506.0	0.98361404	0.765030047352
10317.000004163	516.108695652	5.35867200341	353.0	0.94070794	0.633149001181
10317.000013697	615.654545455	5.44394374004	407.0	0.92064364	0.62798661534
10317.000017161	549.357142857	4.70336702245	321.0	0.8986948	0.564872017438
10317.000001072	556.918367347	5.13348396284	364.0	0.9178988	0.603385974855
10317.000011956	680.509090909	5.44312896947	410.0	0.94191806	0.627126153533
10317.000007641	469.291666667	6.02929008051	392.0	0.9638612	0.699883128929
10317.000017079	370.675675676	4.60669751988	250.0	0.92053512	0.57831060386
10317.000009193	409.192307692	4.96542810668	314.0	0.8935074	0.598632325335
10317.000012984	603.671875	6.07455990181	436.0	0.9657169	0.692795643523
10317.000015581	525.631578947	5.15720511918	350.0	0.9321314	0.610232669725
10317.000014802	486.0	5.57612066913	381.0	0.94913548	0.650379068229
10317.000017353	695.068965517	6.61632341548	514.0	0.97671214	0.734687903025
10317.000001059	386.145833333	5.1949999053	310.0	0.93585636	0.627709257487
10317.000017088	630.188679245	5.61815590732	405.0	0.94895648	0.648614619758
10317.000004602	396.392857143	5.47453512273	308.0	0.94777728	0.662232548982
10317.000014399	542.22	5.49305444317	364.0	0.9460574	0.645649627838
10317.000005008	589.25	5.71635831726	395.0	0.94028628	0.662711716946
10317.000010104	639.714285714	6.42365676453	467.0	0.97142674	0.724422559963
10317.000010565	605.068965517	5.56284210013	383.0	0.93615734	0.648259185533
10317.000027194	431.813953488	4.95098562582	319.0	0.9170572	0.59525550261
10317.000015224	688.381818182	6.7353674237	460.0	0.9778857	0.761446498149
10317.000013933	514.042553191	5.79797530602	357.0	0.95791684	0.683741220349
10317.000018033	711.024390244	5.41166186072	377.0	0.93405994	0.632320149012
10317.000006084	397.625	5.4431176504	286.0	0.95484802	0.667059249558
10317.000002059	640.524590164	6.23639516827	432.0	0.9698437	0.712332987343
10317.000003047	426.021276596	5.20136386912	329.0	0.92684762	0.622028084601
10317.000008982	438.642857143	5.53734989515	316.0	0.95044286	0.666846833156
10317.000010765	498.35	5.24276147611	365.0	0.89483218	0.615943823719
10317.000012072	535.666666667	5.17886028922	363.0	0.91721848	0.6090035766
10317.000017183	507.47826087	5.91404858751	419.0	0.94712334	0.678932385023
10317.000012228	597.157894737	6.2313473642	414.0	0.97127376	0.716783425875
10317.000011224	692.92	5.39462368024	409.0	0.90037266	0.621790041117
10317.000026111	404.25	4.44933634248	278.0	0.8865772	0.548019292494
10317.000006637	648.202702703	6.39061842687	489.0	0.97039566	0.715339121725
10317.000012113	368.842105263	4.30763623427	282.0	0.86667828	0.529222809437
10317.000013079	563.06	5.51031613505	360.0	0.94868524	0.648894425344
10317.000004162	442.181818182	5.86136670205	353.0	0.96432546	0.692544434629
10317.000012906	678.654545455	5.28862691423	405.0	0.94022348	0.6105705843
10317.000012976	533.048387097	6.11186473864	404.0	0.96776936	0.705903840628
10317.000009533	265.03125	3.86271700436	198.0	0.8189599	0.506296559031
10317.000014309	533.810344828	5.70669389395	387.0	0.94116942	0.663863183089
10317.000002371	564.323076923	5.83443655634	421.0	0.94807766	0.669265096936
10317.000002329	599.202702703	5.99254596108	462.0	0.9335518	0.67699004265
10317.000010761	597.085714286	6.0873869706	450.0	0.95208038	0.69066690431
10317.000009129	512.318181818	6.01457248004	393.0	0.95869226	0.697876937446
10317.000014323	555.75	5.71091077353	405.0	0.94338082	0.659323144632
10317.000006894	598.916666667	5.90866967959	431.0	0.95388524	0.675157393906
10317.000014241	349.42	4.88695926331	283.0	0.91358938	0.600020174893
10317.000001685	409.0	4.99922322732	308.0	0.92166578	0.604735976031
10317.000011302	598.471698113	5.30432739719	396.0	0.91395536	0.614683994499
10317.000012231	389.625	5.27140793426	278.0	0.94525072	0.649272840762
10317.000001579	551.943181818	5.77767488737	430.0	0.95291202	0.660442103496
10317.000017662	745.158730159	6.16565717787	475.0	0.9645677	0.693410611826
10317.000003432	384.30952381	4.74841926482	278.0	0.87337372	0.584856968697
10317.000011116	710.4	6.53502743132	513.0	0.97652054	0.725887116417
10317.000006841	551.482758621	6.23035127794	420.0	0.96488724	0.714961641293
10317.000013563	685.92	5.39206501814	441.0	0.87476342	0.613806391835
10317.000017217	735.873239437	6.79817162573	514.0	0.98131178	0.754880640271
10317.000006728	333.818181818	4.42074446911	262.0	0.8712112	0.550293998992
10317.000013286	478.253521127	5.4634815418	376.0	0.93642276	0.638660914805
10317.000022964	741.2	5.55690106379	425.0	0.94587086	0.636433171672
10317.000002466	556.593220339	5.52787151428	401.0	0.92318328	0.639248116807
10317.000017644	630.385964912	5.82996409585	421.0	0.9554131	0.668752063385
10317.000017173	529.166666667	5.60622280461	381.0	0.94343418	0.653890075252
10317.000013332	725.070588235	6.95422829392	562.0	0.97783306	0.76132074967
10317.000002173	358.736842105	4.76749305188	258.0	0.91128712	0.59510146197
10317.000011329	492.051724138	5.82700981275	381.0	0.95691408	0.679641893972
10317.000007039	458.875	6.197156823	402.0	0.96395334	0.7163472193
10317.000002886	520.333333333	5.9050350354	417.0	0.96065546	0.678435254432
10317.000009126	520.960784314	5.27525601037	369.0	0.9135439	0.618618614465
10317.000022636	424.610169492	5.01699892903	323.0	0.9130672	0.601891299093
10317.000014233	574.026315789	6.57271410599	446.0	0.97798012	0.746822959098
10317.000023088	663.887096774	5.96841531083	443.0	0.9607632	0.67891078649
10317.000004974	628.754098361	6.23740792838	448.0	0.96490274	0.708204447712
10317.000002414	256.142857143	3.83517865412	169.0	0.85218776	0.518205800694
10317.000006027	558.660377358	5.76018828348	398.0	0.95348476	0.666949014986
10317.000017098	589.088235294	6.30143554115	446.0	0.97230278	0.715999001558
10317.000014559	480.222222222	5.27509134192	332.0	0.93694632	0.629858687253
10317.000016313	522.395833333	5.67749596586	345.0	0.94842894	0.673450912755
10317.000022899	530.879518072	6.02469890264	439.0	0.95721046	0.68633469651
10317.000003837	596.25862069	5.52349956285	401.0	0.9422018	0.638742540346
10317.000010285	457.578947368	4.85333044504	279.0	0.93513872	0.597397584151
10317.000005848	434.451612903	4.68291717835	325.0	0.86721808	0.561211782279
10317.000005907	461.474576271	5.69415533825	358.0	0.947281	0.671178569614
10317.000014132	923.558823529	6.21448544816	543.0	0.9519293	0.684052451398
10317.000003382	640.256097561	6.24115606057	489.0	0.96223618	0.698608929011
10317.000003221	320.962264151	4.45699155845	252.0	0.86424936	0.558710688504
10317.000014607	381.071428571	3.92529825676	277.0	0.7871196	0.48378395276
10317.000017125	734.404494382	6.86097878734	573.0	0.97608056	0.748819663029
10317.000013826	596.109090909	5.09649635848	401.0	0.89327516	0.589363499324
10317.000004872	440.571428571	5.42466114452	303.0	0.94406114	0.658079176224
10317.000014293	573.8	5.61427853679	365.0	0.9567423	0.659591363278
10317.000016721	672.5	6.68015646205	437.0	0.98191232	0.761576068156
10317.000016763	577.442622951	6.26479959155	411.0	0.96949104	0.721502188119
10317.000012173	447.256410256	5.26863392387	285.0	0.94679924	0.646076203468
10317.000012951	571.229508197	5.83528642046	414.0	0.94644758	0.671225073321
10317.000004705	605.013157895	5.3927627734	450.0	0.88092314	0.611855758204
10317.000007651	383.12244898	4.15058577374	263.0	0.86908868	0.516311431831
10317.000001827	582.553846154	5.27574412684	406.0	0.90158492	0.608833192072
10317.000014666	672.119047619	6.49938064103	513.0	0.9694055	0.721927600396
10317.000017146	477.25	5.01273002947	341.0	0.89852662	0.595786986512
10317.000004161	482.055555556	5.91397389889	369.0	0.9609176	0.693519770817
10317.000023299	526.788461538	5.05969512705	345.0	0.92548488	0.600168863538
10317.000013733	472.884057971	5.63646898695	386.0	0.9406661	0.655978722094
10317.000012034	423.357142857	4.8290166783	243.0	0.93072704	0.609354060566
10317.000014391	664.011627907	6.47800272566	495.0	0.97292746	0.723695305415
10317.000014646	577.846153846	5.5298806314	426.0	0.93249228	0.633092669572
10317.000001793	632.25862069	5.91289395802	437.0	0.95209782	0.674103751544
10317.000013214	412.734693878	4.72888630009	297.0	0.89656632	0.575688164844
10317.000023154	601.35	5.49480335203	392.0	0.9431894	0.637839631451
10317.000009222	434.344827586	5.83294846261	349.0	0.96216664	0.690528115612
10317.000027198	450.25	4.567886835	277.0	0.8893513	0.562981512293
10317.000007734	558.089552239	5.92860173572	417.0	0.96102208	0.681142855696
10317.000006818	303.870967742	3.78306752216	207.0	0.7943212	0.491723394484
10317.000026639	741.318681319	6.09195495721	527.0	0.94942398	0.673765163566
10317.000005041	345.136363636	4.79118671228	264.0	0.92640706	0.595593234393
10317.000013312	433.47826087	5.50631288368	366.0	0.93334912	0.646607206482
10317.000001285	678.0	6.06256251901	489.0	0.9461485	0.678617914271
10317.000017215	806.5	6.76849942955	517.0	0.98204354	0.750885739814
10317.000016698	708.545454545	6.61392524098	496.0	0.9766883	0.738639740711
10317.000014979	594.0	6.07450776921	420.0	0.96774278	0.69707787747
10317.000014538	497.195652174	4.30139670751	326.0	0.8277001	0.515215806294
10317.000004278	317.488372093	4.27015606276	244.0	0.84462296	0.53843115476
10317.000009556	422.078431373	5.682531377	340.0	0.9519257	0.67573637855
10317.000022663	675.850746269	5.89771291395	446.0	0.95244802	0.670126121308
10317.000001141	412.0	5.37349358806	354.0	0.93574746	0.634594225756
10317.000002359	430.125	5.5395744659	327.0	0.95106248	0.663172165129
10317.000014236	492.027027027	5.62531836204	330.0	0.94801368	0.672376489691
10317.000001799	427.0	5.03294807426	322.0	0.89457812	0.604128950978
10317.000023213	564.769230769	5.64901493887	364.0	0.95062094	0.663981111178
10317.000013652	536.153846154	5.77743568264	397.0	0.95212338	0.669227255513
10317.000010205	540.882352941	5.36740063695	339.0	0.9350077	0.638585401625
10317.000005989	622.396226415	5.86999851371	403.0	0.96326886	0.678249032584
10317.000011072	393.041666667	3.91433743801	207.0	0.88490548	0.508785867791
10317.000013178	308.0	3.6146522664	229.0	0.701259	0.461099413169
10317.000003423	354.15	4.336824407	267.0	0.82644608	0.538021089463
10317.000013306	585.018518519	5.63112899729	389.0	0.94205512	0.654506457103
10317.000002489	429.474576271	5.68416784204	326.0	0.96518146	0.680842367489
10317.000004759	351.127659574	3.96825739524	264.0	0.84586314	0.493294751148
10317.000002687	474.942857143	4.90498365718	357.0	0.88023994	0.578432872605
10317.000004158	499.213333333	5.26237691088	375.0	0.92549104	0.61542892603
10317.000004157	456.25	5.30156696328	347.0	0.9255684	0.628237673816
10317.000001321	481.5	5.88502926287	389.0	0.95716986	0.684017300019
10317.000003022	537.12244898	6.00522568802	384.0	0.96565634	0.69950517402
10317.000003757	440.068965517	5.68014004882	353.0	0.95500118	0.671131764772
10317.000002087	490.355932203	5.58826265647	385.0	0.93275976	0.650651802229
10317.000009214	521.0	4.86005920394	366.0	0.8783602	0.570717533054
10317.000013829	516.537313433	5.47262723695	399.0	0.92689352	0.633387974223
10317.000016757	597.636363636	5.67930697249	389.0	0.94491186	0.660106186015
10317.000014593	514.253521127	6.07999834641	412.0	0.95957988	0.699936450517
10317.000006047	472.403846154	5.44644551485	355.0	0.93598616	0.642900651526
10317.000010098	564.133333333	5.51256856652	423.0	0.9233842	0.63184822207
10317.000009117	505.018518519	5.95931748091	375.0	0.9621946	0.696935323953
10317.000026135	538.098591549	6.11500124297	420.0	0.9670478	0.701724690976
10317.000009624	560.411764706	5.88338995333	409.0	0.96072296	0.678125759612
10317.000009075	597.655737705	5.7810903467	402.0	0.96103466	0.668252896072
10317.000001765	551.325581395	6.28806868285	443.0	0.97394142	0.715271547412
10317.000016353	722.444444444	5.83672244071	478.0	0.94581652	0.655747644204
10317.000008949A	532.625	5.98079041726	392.0	0.95985304	0.694253262789
10317.000005571	343.681818182	3.25898785921	189.0	0.6991677	0.430955221532
10317.000006626	530.385964912	5.54690934015	381.0	0.94827082	0.64697196174
10317.000014608	586.5	5.05991350917	352.0	0.89539464	0.598138709227
10317.000015264	595.62	5.42410726453	381.0	0.93451514	0.632648760314
10317.000007732	376.1	5.30315748808	318.0	0.93947342	0.637944443174
10317.000027644	516.753623188	5.68724071113	415.0	0.92484642	0.653933764151
10317.000007697	602.197368421	6.30931063553	461.0	0.96888	0.713027403021
10317.000004881	348.653846154	5.1213613876	280.0	0.92805958	0.629989308643
10317.000004642	305.75	3.13034656547	207.0	0.74819714	0.406882676575
10317.000001353	472.776119403	5.69041025593	380.0	0.95203106	0.664003049293
10317.000028759	409.75	5.2688933223	296.0	0.94241598	0.641808058057
10317.000004631	525.369863014	6.28813651938	434.0	0.96708834	0.717696712894
10317.000009433	322.482758621	4.99529221268	268.0	0.92769776	0.619295434842
10317.000009061	621.14084507	6.42422173203	470.0	0.96783844	0.723732266913
10317.000013995	693.578125	6.41389071095	477.0	0.9743369	0.720836380298
10317.000015155	589.466666667	5.55345567488	367.0	0.95146504	0.651841875646
10317.000022965	773.275862069	6.12535826297	483.0	0.96145354	0.687016726304
10317.000016701	653.037974684	6.52183828944	490.0	0.97409304	0.729786563354
10317.000022638	498.552631579	4.50131297302	288.0	0.8754518	0.550961357935
10317.000013972	506.049180328	5.81766137686	379.0	0.95759792	0.679153009184
10317.000017163	620.045454545	5.51237131617	420.0	0.94226636	0.632570118089
10317.000001026	622.55	6.54309354577	465.0	0.97319456	0.738407558259
10317.000010919	508.049180328	5.1059049585	381.0	0.88747306	0.595534764475
10317.000014311	504.763157895	5.414565268	391.0	0.94037172	0.628794527417
10317.000005039	434.172413793	5.12590667134	327.0	0.9244448	0.613649775159
10317.000004249	546.153846154	5.60197141311	367.0	0.949268	0.65753645424
10317.000017176	436.25	5.15023768891	300.0	0.92744466	0.625878134228
10317.000002258	454.580645161	5.14004113268	347.0	0.91606698	0.6090968023
10317.000013118	662.733333333	6.28805588062	421.0	0.97053412	0.721299527014
10317.000013431	679.621621622	6.67682794951	499.0	0.97868874	0.744940914804
10317.000014197	891.380952381	6.53299692039	533.0	0.97385726	0.721241211115
10317.000015541	446.2	4.62208896127	301.0	0.89344772	0.561367799671
10317.000022661	658.151515152	6.00811353909	463.0	0.9558131	0.678509637755
10317.000014258	712.474576271	6.35819074268	469.0	0.97187072	0.716541476124
10317.000014324	530.942307692	5.2933511578	357.0	0.93699902	0.624232113685
10317.000002369	485.596491228	3.96363726906	343.0	0.75556586	0.470625360776
10317.000002372	472.42	5.18594920275	359.0	0.88783462	0.610985737488
10317.000013056	625.337349398	5.88246122557	444.0	0.95680048	0.668885951605
10317.000013852	662.016666667	5.90028565328	431.0	0.9599071	0.674199388524
10317.000012017	582.45	5.90242504309	439.0	0.9535808	0.672405238185
10317.000021237	327.666666667	2.25311065636	209.0	0.46083954	0.292332382305
10317.000016489	480.0	4.25035577725	303.0	0.81822708	0.515621262608
10317.000012355	514.101265823	6.08870845417	416.0	0.96495162	0.699816176127
10317.000018409	684.471698113	5.63661881773	407.0	0.9397615	0.650212666099
10317.000004077	292.785714286	4.58966436383	191.0	0.92462638	0.605702074937
10317.000004294	523.896103896	6.00953784862	415.0	0.95989446	0.69099232928
10317.000022993	725.059701493	6.3989175533	503.0	0.97152064	0.713017822976
10317.000008963	277.25	3.97591771965	227.0	0.81567382	0.508003972134
10317.000013372	384.220338983	4.81955032175	302.0	0.91698248	0.585010141435
10317.000016407	578.0	5.97239225001	404.0	0.96025856	0.689795145557
10317.000006657	544.058823529	5.60830378227	356.0	0.95311456	0.661689496013
10317.000005805	542.846153846	5.91587058089	437.0	0.95206528	0.674443103586
10317.000012988	314.636363636	3.87830039284	214.0	0.82154256	0.500977450353
10317.000011093	746.123287671	6.69267040687	518.0	0.97807712	0.742243839875
10317.000004979	590.2	5.58280720502	403.0	0.9254281	0.645065510163
10317.000014188	480.692307692	5.63407023385	369.0	0.93701958	0.660696033521
10317.000011223	779.0625	6.77129515139	580.0	0.97606144	0.737621155612
10317.000013608	398.0	5.0679837165	301.0	0.91525058	0.615523173945
10317.000009594	516.053571429	4.95271818464	364.0	0.89740654	0.582138896634
10317.000022994	730.285714286	6.63330164346	549.0	0.97910192	0.728881195276
10317.000002494	343.551724138	4.48386321861	282.0	0.83353	0.550873509421
10317.000005887	432.267857143	5.10955285714	331.0	0.91959932	0.610410186024
10317.000028817	676.615384615	5.92896660687	432.0	0.95296052	0.6772179089
10317.000027879	671.72972973	5.94434601083	473.0	0.94784976	0.668979195448
10317.000002325	735.0	4.50402439639	385.0	0.85601016	0.524411927453
10317.000026127	557.758064516	5.6665050123	394.0	0.95322196	0.657210734864
10317.000031851	701.672413793	5.68828395953	454.0	0.93637516	0.644451675275
10317.000036428	486.018518519	5.51969312284	356.0	0.94429484	0.651234865725
10317.000026648	356.142857143	4.6060126843	265.0	0.85576934	0.572186253692
10317.000027761	801.130434783	6.62938626558	527.0	0.97490788	0.733204620347
10317.000030744	470.944444444	5.40555832417	332.0	0.93846182	0.645436761042
10317.000021239	488.774193548	5.01859841744	281.0	0.93582362	0.616957879988
10317.000036165	626.444444444	6.10260880769	425.0	0.96688642	0.698933206541
10317.000027762	400.03030303	4.62046757172	247.0	0.88356876	0.58131027884
10317.000023342	701.62	5.32695179382	383.0	0.93347748	0.620769989347
10317.000029227	519.357142857	5.58019239031	353.0	0.95289516	0.659322540375
10317.000030751	397.810344828	4.57487203874	309.0	0.87079408	0.553091033993
10317.000026658	638.924242424	6.28927980331	451.0	0.97197318	0.713314220832
10317.000036106	335.052631579	3.9013255694	232.0	0.84913066	0.496479384694
10317.000030756	463.163265306	4.32249773426	315.0	0.84753412	0.520832557117
10317.000038402	509.763888889	5.62085775687	386.0	0.95538384	0.65416186924
10317.000033785	745.5	6.47878138015	513.0	0.97206344	0.7196395093
10317.000028955	1053.79104478	6.54062053365	578.0	0.97263198	0.712879946932
10317.000035491	616.135135135	6.15631154565	459.0	0.95913458	0.696230222345
10317.000036399	333.685185185	4.14049841829	251.0	0.8773973	0.519409872162
10317.000002326	499.195652174	5.16542849971	328.0	0.9127854	0.61805520287
10317.000036934	394.8125	4.51273495309	237.0	0.8967386	0.57204738584
10317.000036101	553.125	5.72120075671	390.0	0.95168036	0.66468934596
10317.000043083	579.35	4.97714018256	434.0	0.8779486	0.568066093607
10317.000036085	582.108695652	4.81713061092	352.0	0.89150138	0.569439038943
10317.000036124	466.277777778	3.45430772094	281.0	0.67374372	0.42465289929
10317.000033728	471.103448276	5.04453759573	362.0	0.89744904	0.593485771712
10317.000036081	483.725490196	5.57270239182	339.0	0.94295438	0.663011136251
10317.000037612	484.935483871	4.56940614016	288.0	0.87288886	0.559295971426
10317.000028718	469.5	5.07425973932	312.0	0.93299252	0.612433724432
10317.000030771	276.230769231	3.65482289213	186.0	0.81421132	0.484778605107
10317.000034241	520.047619048	5.88833111814	399.0	0.95904004	0.681500485415
10317.000009144	338.913043478	4.42518663537	215.0	0.89015888	0.571124999245
10317.000004765	444.068965517	5.92345741518	357.0	0.96467632	0.698539022327
10317.000006675	687.346153846	6.66052845276	501.0	0.97750592	0.742644208592
10317.000031829	423.607142857	3.85334516777	236.0	0.77087122	0.488839231162
10317.000033666	437.178571429	4.94290856293	316.0	0.9233588	0.595260004187
10317.000031926	1035.66666667	5.67297271982	450.0	0.96464034	0.643648009492
10317.000027821	464.11627907	5.12425710189	309.0	0.9263873	0.619510367706
10317.000013063	453.489795918	4.89135460603	315.0	0.90489558	0.589376070005
10317.000014234	442.076923077	4.81052047943	274.0	0.91009154	0.594035739813
10317.000022526	518.22	5.12322672944	340.0	0.93205036	0.609226847502
10317.000033713	492.107142857	3.75412595341	258.0	0.7422458	0.468608096327
10317.000014018	614.5	5.78794331432	388.0	0.95793762	0.6730234853
10317.000010207	523.960784314	5.54095443059	357.0	0.95019558	0.653431369454
10317.000006777	371.120689655	5.33564888939	318.0	0.93884952	0.641853003115
10317.000014678	475.0	2.2506938384	229.0	0.58204374	0.28710745367
10317.000002711	264.088235294	3.39380676603	191.0	0.73219478	0.447883687601
10317.000013755	512.459459459	4.84442009231	303.0	0.9101688	0.587688686667
10317.000016381	381.076923077	3.99149431292	249.0	0.82491576	0.501443887449
10317.000001221	447.684210526	5.51987091972	366.0	0.9333568	0.648199328833
10317.000009497	411.0	4.40734937517	271.0	0.89094984	0.545318992835
10317.000002161	571.232142857	5.44473587727	369.0	0.95217828	0.638493176047
10317.000023343	326.0	4.16080782896	191.0	0.89596794	0.54910549784
10317.000036151	606.017241379	6.05093369834	421.0	0.96412992	0.694099368305
10317.000038424	683.53125	5.70529391985	429.0	0.93934066	0.65241879101
10317.000036191	601.520833333	5.59866653547	381.0	0.9486978	0.653008738642
10317.000005799	177.333333333	1.84709257098	119.0	0.4244387	0.267895778306
10317.000016723	504.163265306	5.59249640189	346.0	0.9502461	0.663040059498
10317.000004927	259.065217391	3.50964341032	211.0	0.80245404	0.454552302016
10317.000016717	600.717391304	6.06631761025	380.0	0.9684017	0.707866956866
10317.000002382	601.0	6.32146863577	469.0	0.9691928	0.712403048424
10317.000001575	456.214285714	5.36855219958	369.0	0.92382302	0.629559270082
10317.000012154	409.772727273	4.97789230485	295.0	0.92686752	0.606721816087
10317.000006034	565.21875	5.71977743644	411.0	0.95271926	0.658733272411
10317.000001782	607.289156627	5.82541512693	478.0	0.9457177	0.654477283236
10317.000014556	380.724137931	3.68054788571	230.0	0.79460268	0.469129125371
10317.000010979	478.566037736	4.86738198755	337.0	0.90336224	0.579684540882
10317.000005228	223.461538462	0.929653229845	105.0	0.2067466	0.138459820601
10317.000002067	377.243902439	4.53823710733	286.0	0.86978694	0.556165277616
10317.000012156	631.739130435	6.02257819787	461.0	0.96268722	0.680623215433
10317.000008991	419.109090909	5.22061514554	316.0	0.9376774	0.628703394739
10317.000001405	367.181818182	4.994246271	259.0	0.9349231	0.622971897515
10317.000010776	452.741935484	6.42307009791	391.0	0.972925	0.745912391277
10317.000013965	554.56097561	5.25161700817	324.0	0.93672258	0.6297016141
10317.000003281	227.885714286	4.55802553011	190.0	0.91732464	0.602128463995
10317.000002272	536.157894737	4.70161784212	353.0	0.89202716	0.555515366266
10317.000002126	424.396226415	4.89909375269	331.0	0.90282716	0.585267793981
10317.000012202	429.245283019	4.87984767977	299.0	0.9276606	0.593366571785
10317.000001794	403.918367347	4.98107992893	324.0	0.90235864	0.597262531965
10317.000002276	493.459016393	5.18031656126	386.0	0.87275964	0.602891179879
10317.000009198	468.97826087	5.13633071391	348.0	0.90243194	0.608357821705
10317.000014594	396.730769231	3.72176173248	225.0	0.74386136	0.476307390929
10317.000016737	705.558441558	6.09370737278	494.0	0.9587275	0.68098539265
10317.000015605	503.0	5.53460458984	348.0	0.95076908	0.655530217934
10317.000009219	568.022222222	4.77884418331	361.0	0.86311338	0.56249125817
10317.000007005	266.0	3.49815971982	195.0	0.76678098	0.459840650471
10317.000006703	270.717948718	2.91408622127	207.0	0.6694366	0.378773141148
10317.000017746	347.90625	4.89058611669	231.0	0.92970126	0.622865821474
10317.000026105	284.0	4.24690743718	180.0	0.8934356	0.56687008976
10317.000001301	290.857142857	3.28859427176	223.0	0.68858832	0.421566013402
10317.000009097	368.7	3.99687816866	244.0	0.79565778	0.503973085798
10317.000016414	340.125	4.54100852353	251.0	0.90542982	0.569652350614
10317.000003732	336.95	5.21475149648	280.0	0.9352858	0.641477420039
10317.000013814	405.333333333	4.06309193547	222.0	0.87457566	0.521282416173
10317.000018426	304.333333333	5.01962198844	251.0	0.92909252	0.629692600243
10317.000002132	595.338235294	4.99546614441	431.0	0.85594696	0.570809689202
10317.000003225	251.5	4.05109450346	213.0	0.85795038	0.523755215434
10317.000009392	293.652173913	2.74479824863	173.0	0.65465848	0.36919105631
10317.000009149	362.580645161	5.28144930563	305.0	0.93666854	0.639968910513
10317.000013912	359.333333333	4.06301686703	201.0	0.83967012	0.531040310669
10317.000007677	345.307692308	4.8826993313	270.0	0.9263129	0.604532723649
10317.000017208	408.275	5.29948300685	299.0	0.9460874	0.644392257784
10317.000013117	510.660377358	3.86113791185	340.0	0.70656568	0.459145964455
10317.000005026	231.5	3.76985967516	165.0	0.84786642	0.51176958671
10317.000009033	328.558139535	5.62797743291	274.0	0.9533213	0.69498087625
10317.000013524	656.202702703	6.31118683619	497.0	0.9643193	0.704601422079
10317.000002274	218.135135135	3.86321182362	178.0	0.837587	0.516766931205
10317.000008999	316.238095238	3.14156661913	223.0	0.6730363	0.40271848882
10317.000016761	477.5	5.11854523727	350.0	0.91740056	0.605658191416
10317.000004025	149.913043478	2.95668549547	116.0	0.76533132	0.431130604994
10317.000001128	369.279069767	5.44767348515	303.0	0.94060404	0.660870860674
10317.000003559	498.62	5.62276950852	351.0	0.95725604	0.664997268824
10317.000017117	201.789473684	3.05968715084	132.0	0.72636178	0.434343550204
10317.000014561	690.245283019	5.94766215984	416.0	0.9523239	0.683604777749
10317.000002056	468.111111111	6.10154745867	367.0	0.96483652	0.716174643798
10317.000002243	474.121212121	4.87427849111	272.0	0.90344816	0.602695627391
10317.000003189	458.537313433	4.83313782449	341.0	0.89521194	0.574441592291
10317.000016315	366.666666667	3.23223112192	240.0	0.6702639	0.408786625139
10317.000011315	498.566037736	5.62998019101	357.0	0.95069956	0.6639299623
10317.000013913	351.607142857	3.42103207262	218.0	0.75437238	0.440390177369
10317.000013498	336.9	4.05516253187	239.0	0.86777236	0.513255397214
10317.000002589	477.164179104	5.61556477401	367.0	0.95972104	0.659131987253
10317.000004086	595.230769231	6.57203210234	454.0	0.97480998	0.744575539556
10317.000013551	474.428571429	3.22787773539	267.0	0.68363716	0.400446532501
10317.000006766	401.517241379	5.63900067701	334.0	0.9491495	0.672614453026
10317.000011962	363.25	3.33903440486	253.0	0.7205492	0.418268457017
10317.000002199	230.571428571	4.06118628666	180.0	0.8776707	0.542080341731
10317.000010556	484.256410256	3.97535153842	295.0	0.77044648	0.48452886428
10317.000028914	414.972972973	4.69886694308	273.0	0.91599996	0.580626214435
10317.000038479	265.317073171	4.6860668616	225.0	0.91312388	0.599718209011
10317.000042999	478.388888889	6.08250704944	357.0	0.97092462	0.717295361443
10317.000041554	706.092307692	6.2679014742	461.0	0.97116086	0.708347673576
10317.000037489	553.170212766	5.93720675335	372.0	0.9668446	0.695291759374
10317.000031493	360.055555556	5.20807464988	303.0	0.9232794	0.631804528246
10317.000039813	426.447368421	4.78877595403	280.0	0.88848948	0.589077283205
10317.000009455	434.130434783	5.0869117979	240.0	0.93872016	0.643351736867
10317.000023819	445.666666667	4.69954348533	300.0	0.8663976	0.571107915011
10317.000008950B	349.181818182	3.76629542424	241.0	0.79093124	0.475969682401
10317.000001067	165.6875	2.02390016826	101.0	0.63768118	0.303970544267
10317.000009526	319.022727273	5.38570762491	249.0	0.95186646	0.676596271066
10317.000010876	284.333333333	5.06395189917	212.0	0.94014722	0.655280023771
10317.000001622	315.757575758	4.34798968569	220.0	0.89344688	0.558769912428
10317.000002271	358.7	3.48351017683	213.0	0.7879007	0.450373750001
10317.000002465	459.538461538	6.06041965398	370.0	0.9672374	0.710367914274
10317.000001747	266.285714286	4.29522278425	214.0	0.86746132	0.55483318495
10317.000002038	333.363636364	3.79296202648	212.0	0.83942722	0.490812767649
10317.000023378	426.567567568	4.60715557739	279.0	0.8666778	0.567095861884
10317.000010178	297.893617021	4.77545804505	255.0	0.89722582	0.597353880182
10317.000011259	330.4375	3.74995839656	247.0	0.74869462	0.471789776102
10317.000005025	378.0	4.28380560714	237.0	0.87621894	0.543027637227
10317.000001225	149.107142857	2.39212553179	124.0	0.63171788	0.343983031974
10317.000015394	298.0	3.51689884666	160.0	0.8369492	0.48032414428
10317.000042586	673.615384615	6.33227430692	450.0	0.97097288	0.7184514988
10317.000001208	249.384615385	4.12319761625	179.0	0.89777034	0.550948572088
