	chao1	shannon	observed_otus	simpson	equitability
10317.000002503	477.333333333	5.41676926209	364.0	0.92966116	0.636683123086
10317.000013618	737.25	6.60369222767	461.0	0.97947146	0.746296036359
10317.000031796	980.905263158	6.51833773124	621.0	0.96722792	0.702524463876
10317.000026504	709.509090909	6.06611511951	439.0	0.96333498	0.691052838793
10317.000007104	775.918367347	5.82297069743	421.0	0.9582303	0.667949854393
10317.000007077	654.474576271	5.84427846675	411.0	0.9605458	0.673071762331
10317.000016408	774.679012346	6.46208969844	529.0	0.97268542	0.714270055458
10317.000005802	456.405405405	4.47183113416	273.0	0.88754404	0.552572016717
10317.000006952	408.466666667	5.84284919824	331.0	0.96559126	0.698013068017
10317.000013023	625.777777778	5.98654365582	399.0	0.96805936	0.692867355036
10317.000002645	454.886363636	4.8240922773	326.0	0.89289474	0.577823614349
10317.000002027	576.508474576	5.81011140638	402.0	0.95699192	0.671607524009
10317.000027353	945.636363636	6.56553717032	617.0	0.95951412	0.708323167606
10317.000023798	710.849056604	6.04649933581	443.0	0.95244302	0.687792890709
10317.000041962	789.036585366	6.53151450378	539.0	0.97440458	0.719794212003
10317.000040352	482.288461538	4.32369452358	338.0	0.78563342	0.514671655077
10317.000028811	598.125	5.01383966736	372.0	0.91364326	0.587158498662
10317.000027772	957.183908046	7.04407470913	622.0	0.9815397	0.758996734603
10317.000027617	674.238095238	5.52938704894	427.0	0.9365314	0.632791104128
10317.000039952	150.04	4.43977168405	139.0	0.89895488	0.623656192501
10317.000026028	843.42	6.1302485466	469.0	0.9677363	0.690853344977
10317.000001441	490.5	5.11152437073	363.0	0.8968165	0.601085267763
10317.000016347	724.921875	6.17660037099	476.0	0.95241384	0.694404375148
10317.000001595	605.060606061	6.26175228969	438.0	0.96998238	0.713607321427
10317.000002146	656.611111111	5.82724727111	403.0	0.95800318	0.673309339862
10317.000012158	821.222222222	6.60006983071	558.0	0.97221502	0.723364980051
10317.000014313	355.4	4.04831545559	239.0	0.84791662	0.512388773786
10317.000007749	370.404255319	5.53798786216	298.0	0.9414127	0.673789307078
10317.000017335	712.013513514	5.99575765989	477.0	0.96683958	0.673843762463
10317.000002578	514.157894737	5.99356281663	376.0	0.96617484	0.700625467868
10317.000007719	421.916666667	5.08363431221	322.0	0.93080032	0.610213063771
10317.000006716	562.929577465	5.9918908307	443.0	0.95578834	0.681581140818
10317.000006802	590.122807018	5.74897537724	412.0	0.94089584	0.661828702968
10317.000002898	549.333333333	5.76733381213	380.0	0.95696502	0.672979111401
10317.000001647	554.0	5.76176060753	384.0	0.95216758	0.671145693071
10317.000002878	413.818181818	5.62529520788	342.0	0.92863948	0.668257753142
10317.000017667	633.630769231	5.96452516111	428.0	0.963669	0.682325423225
10317.000009213	472.25	5.68643597444	363.0	0.9507834	0.668691498349
10317.000031434	663.875	5.18701659576	382.0	0.92074992	0.604728608042
10317.000027217	597.520833333	4.72010529331	377.0	0.83081682	0.551515922323
10317.000001546	555.307692308	6.37725202992	399.0	0.9761689	0.738086949733
10317.000009074	552.537313433	5.98450337044	401.0	0.96807272	0.692053442215
10317.000027277	811.084745763	5.54596494073	467.0	0.9276637	0.625441593022
10317.000001333	235.617647059	4.33572519866	180.0	0.9098865	0.578725335763
10317.000023984	650.842105263	5.81750259055	436.0	0.94884226	0.66347859204
10317.000028933	688.739130435	6.15608585189	463.0	0.96385012	0.695220480468
10317.000015568	614.571428571	6.07091077785	430.0	0.96651144	0.693961699545
10317.000006944	594.669902913	2.94508942603	440.0	0.55447476	0.335379658972
10317.000002028	665.117647059	5.57118016557	425.0	0.91200428	0.638068560521
10317.000003896	522.0	5.91921700127	393.0	0.95683358	0.686812744652
10317.000011025	685.549019608	6.32745707295	433.0	0.97337224	0.722458987151
10317.000017293	834.0	5.97531883851	516.0	0.95563938	0.663097119753
10317.000031284	475.235294118	3.7097597871	207.0	0.8130749	0.482194849694
10317.000020034	656.789473684	5.93673463251	470.0	0.95749184	0.66881352993
10317.000031847	658.551724138	5.43006923404	405.0	0.93443388	0.626900062868
10317.000013935	624.189873418	6.15752022031	477.0	0.96424938	0.692023732122
10317.000014019	631.038461538	6.30073403779	480.0	0.968551	0.707399958511
10317.000023052	517.659574468	5.39696049422	342.0	0.94075508	0.641132697998
10317.000015385	657.342465753	6.44218677968	472.0	0.97397576	0.725255618613
10317.000017354	786.2875	6.68680841885	530.0	0.97576856	0.7388862236
10317.000023475	662.164383562	6.52014041669	470.0	0.97683386	0.734538159049
10317.000003475	613.537313433	5.91325223589	462.0	0.94517926	0.668032070072
10317.000017269	618.153846154	5.65164872444	420.0	0.9369536	0.648552845221
10317.000014801	537.517241379	5.62016367061	360.0	0.95205984	0.661830063104
10317.000009716	640.488372093	6.59813384845	514.0	0.97688764	0.732668102296
10317.000013155	636.638888889	5.76795844669	451.0	0.94433682	0.654187270063
10317.000015604	570.529411765	5.67651251439	377.0	0.95340168	0.66326635539
10317.000009236	474.052631579	5.62211622778	365.0	0.93439642	0.660512171402
10317.000041289	632.0	5.57101150295	415.0	0.93954864	0.640569426774
10317.000030735	626.774647887	6.21223620156	463.0	0.96382414	0.701561664463
10317.000022541	593.596774194	5.21532721624	391.0	0.90935272	0.605656973357
10317.000034132	409.763157895	3.4644236438	252.0	0.77172342	0.434286332813
10317.000026633	706.551724138	5.81728863931	438.0	0.95249326	0.662954964012
10317.000028715	397.181818182	4.82411686121	259.0	0.9117909	0.601750308613
10317.000026126	365.217391304	4.44247334375	264.0	0.89298796	0.552244616292
10317.000033665	605.788461538	4.86638981273	355.0	0.89364382	0.574430639699
10317.000028755	735.043478261	6.15283677363	483.0	0.96127344	0.690098700554
10317.000016485	461.382978723	4.5061159376	312.0	0.8497595	0.543862062284
10317.000001001	452.382978723	4.58374415429	308.0	0.87292802	0.554477139542
10317.000002334	596.080645161	5.86243069572	423.0	0.95607998	0.671949267823
10317.000006797	372.0	4.71116025744	281.0	0.89297874	0.579163185205
10317.000013156	755.75	6.57930120102	507.0	0.97580708	0.732185280705
10317.000001529	604.147058824	6.17036432867	442.0	0.96889934	0.702143007045
10317.000002418b	745.03030303	6.45057264249	542.0	0.97153174	0.710247388929
10317.000005849	445.632653061	4.24080672847	295.0	0.82971086	0.516883412174
10317.000011341	609.928571429	5.7339111838	405.0	0.9571911	0.66197853594
10317.000013355	754.345679012	6.33765655183	516.0	0.96628934	0.703306705312
10317.000006794	616.033898305	5.36846904664	395.0	0.92460476	0.622380043694
10317.000028723	669.016666667	5.59632899289	438.0	0.94234784	0.637773766461
10317.000002774	501.525	4.59196116214	326.0	0.85043862	0.550019245724
10317.000001531	527.323076923	6.24031362292	410.0	0.96750862	0.718973204775
10317.000018027	704.947368421	6.48038935663	500.0	0.9755143	0.722791130243
10317.000001948	443.538461538	5.05004738259	287.0	0.92913984	0.618506423642
10317.000001032	440.022222222	5.54751132621	321.0	0.95450622	0.666253324404
10317.000016697	960.424242424	7.04790857812	582.0	0.98492184	0.767338511955
10317.000011162	546.684210526	4.13857000571	388.0	0.74500212	0.481233947559
10317.000005999	481.25862069	4.96061545802	354.0	0.91344864	0.585834499338
10317.000001362	585.406976744	6.56481482043	469.0	0.9768426	0.739827144588
10317.000010947	459.2	5.71100820374	301.0	0.96253988	0.693620597981
10317.000002851	483.4375	5.4586882575	370.0	0.93524374	0.639836383212
10317.000035452	609.625	6.51377612531	404.0	0.97516502	0.752323518348
10317.000005928	722.106382979	6.18799773027	525.0	0.95177358	0.684802881795
10317.000027807	891.294117647	6.36434306291	524.0	0.96995264	0.70453282901
10317.000031313	962.346153846	6.48736463428	576.0	0.96898442	0.707461035206
10317.000014458	544.651162791	5.46573933525	328.0	0.94622734	0.653988073569
10317.000016759	654.265625	6.1098891487	458.0	0.95991434	0.691226189052
10317.000014308	711.01754386	6.12629144378	450.0	0.95866414	0.695080954572
10317.000010546	419.411764706	4.57993836822	304.0	0.88523672	0.555283537683
10317.000015305	799.982758621	6.69981345477	516.0	0.9756496	0.74349622586
10317.000014295	441.56	5.06329224454	315.0	0.9177566	0.610093424978
10317.000011055	733.142857143	6.17227389445	503.0	0.95289212	0.687763400352
10317.000002818	515.448979592	3.75669095925	339.0	0.69107174	0.446951544566
10317.000009667	618.133333333	4.7549894346	339.0	0.90676218	0.565723903096
10317.000012254	533.144927536	5.27585672554	386.0	0.92016902	0.614010253721
10317.000026037	632.390625	6.28224664487	467.0	0.96510108	0.70847515109
10317.000007037	404.033898305	5.73842808022	357.0	0.92649654	0.676718959872
10317.000015594	836.708333333	6.64094722936	529.0	0.97924224	0.7340396013
10317.000004286	543.018181818	5.49888354302	381.0	0.94232868	0.641370401973
10317.000001351	501.873015873	5.02937967087	354.0	0.90626054	0.593955356224
10317.000010115	519.916666667	5.57993505823	378.0	0.93577098	0.651690851738
10317.000010981	585.595744681	6.05422715902	396.0	0.96374304	0.701584999389
10317.000013028	435.75	5.97220101483	369.0	0.95875762	0.700347947064
10317.000017095	600.4	6.43160274172	445.0	0.97605478	0.731058216188
10317.000011048	667.602739726	6.32466550324	480.0	0.96859972	0.710086806989
10317.000002079	427.482758621	5.22279616378	326.0	0.94403614	0.625579856871
10317.000014937	566.015151515	6.29916764606	437.0	0.96873312	0.71814116268
10317.000013653	510.216216216	4.99967929695	314.0	0.91243874	0.602761650992
10317.000021178	597.147540984	5.81602900789	426.0	0.94728642	0.665852588209
10317.000006741	659.803278689	5.82025321908	438.0	0.95232214	0.663292816059
10317.000014548	604.103448276	6.01483188458	414.0	0.9625134	0.691877944258
10317.000013215	632.924242424	6.12629740385	445.0	0.9621321	0.696355205965
10317.000010867	567.3	5.74847597163	386.0	0.96001758	0.66901422337
10317.000026613	518.048387097	5.86582729268	399.0	0.95800642	0.678895949822
10317.000006909	519.828947368	6.15000110007	429.0	0.9648924	0.703272493721
10317.000011163	581.871794872	5.25278635848	343.0	0.9140236	0.623693417744
10317.000012276	672.085714286	5.99784973575	462.0	0.95199718	0.677589220807
10317.000015003	538.3	5.52131490468	392.0	0.92051676	0.640917106274
10317.000001613	576.12987013	5.86370032925	431.0	0.95370404	0.670018946332
10317.000006029	609.365384615	5.86184767383	403.0	0.95813046	0.677307243714
10317.000005024	628.060606061	6.178120145	461.0	0.95580776	0.698201311841
10317.000026632	672.517857143	6.23489668482	425.0	0.97121072	0.714084167887
10317.000033799	443.028571429	5.1328776809	259.0	0.95161564	0.640264491392
10317.000029152	634.133333333	4.30646961875	355.0	0.78203722	0.508337431472
10317.000022999	676.025	5.41070863068	362.0	0.93657742	0.636565498076
10317.000037575	713.962962963	6.81434393176	526.0	0.97887126	0.753889258199
10317.000027681	583.362068966	6.44383345261	418.0	0.97292746	0.740044524966
10317.000021296	839.211267606	6.43707607737	536.0	0.97160568	0.710016848736
10317.000028712	587.353846154	5.59162852388	420.0	0.9433307	0.641665249453
10317.000027363	750.642857143	5.81464436039	450.0	0.95248404	0.659721887149
10317.000033801	694.56	5.59704305755	397.0	0.9391314	0.648331538445
10317.000011225	612.25	5.98390408788	426.0	0.95970568	0.68507189684
10317.000011409	461.489795918	5.27243763845	323.0	0.93424804	0.632536379713
10317.000009475	423.0	4.91620432055	314.0	0.90620374	0.592697902579
10317.000012928	574.12244898	5.69637106425	364.0	0.95250172	0.669547315744
10317.000028841	655.555555556	5.97965400619	420.0	0.96501506	0.686192969209
10317.000014534	487.833333333	5.57191357552	360.0	0.9492832	0.656148135432
10317.000016715	645.114942529	6.5657651341	480.0	0.97821708	0.737155695764
10317.000008954A	568.083333333	5.75618502098	374.0	0.94448558	0.673482637231
10317.000015912	523.9	5.26337510047	343.0	0.9320057	0.624950679744
10317.000016725	649.015873016	6.41166068215	429.0	0.9786912	0.733194112238
10317.000018358	500.659574468	4.78177866027	325.0	0.88063982	0.573059574234
10317.000010102	529.517857143	5.54570545637	368.0	0.95269474	0.650632386432
10317.000008949B	516.375	5.94396944216	391.0	0.95764624	0.690274338081
10317.000010869	619.545454545	6.13603529318	434.0	0.9580109	0.700336633365
10317.000014571	620.378787879	6.44798373857	460.0	0.97431164	0.728957208864
10317.000010827	508.016393443	5.9348086251	383.0	0.96339616	0.691605861958
10317.000014162	640.137931034	5.88965267411	429.0	0.9585606	0.673500810142
10317.000016736	596.951219512	5.74417069084	457.0	0.95248132	0.650083516959
10317.000001929	525.692307692	5.73921373702	408.0	0.95213282	0.661777243472
10317.000003196	620.013157895	6.13904293808	471.0	0.96042082	0.691366110943
10317.000028833	304.7	4.11821054496	202.0	0.89117334	0.537750955852
10317.000004291	898.5375	6.31803998687	531.0	0.97157418	0.697927919615
10317.000035347	846.289156627	6.32069769098	529.0	0.9720904	0.698641662519
10317.000031035	548.438596491	4.99709793636	355.0	0.88910942	0.589859479961
10317.000016765	707.551724138	6.14555538741	454.0	0.96413966	0.696258044269
10317.000004918	623.0	6.25929014347	470.0	0.9705496	0.705151601822
10317.000001347	611.5	5.87824401526	433.0	0.95059254	0.671168554528
10317.000005938	482.838709677	5.68023857398	403.0	0.9407105	0.656323218592
10317.000003982	499.016393443	5.13345194177	380.0	0.88689974	0.599012652766
10317.000001934	552.508196721	5.48017622858	393.0	0.92159466	0.635870399061
10317.000015355	636.0	5.95496394371	419.0	0.95533898	0.683629465197
10317.000002418a	709.545454545	6.41073937428	499.0	0.97729682	0.715253124712
10317.000026083	686.681818182	5.72844883225	448.0	0.936474	0.650416485193
10317.000009476	415.192307692	4.68218213925	302.0	0.88542792	0.568336017397
10317.000003729	584.975903614	5.79918010463	476.0	0.94326824	0.65197289691
10317.000017219	719.630136986	6.44708859892	494.0	0.97425746	0.720476532989
10317.000004283	249.75	3.14995699962	150.0	0.75034594	0.435749896973
10317.000003473	600.727272727	6.53244466249	485.0	0.9686372	0.732185734823
10317.000007068	370.228571429	4.92706855597	248.0	0.93182632	0.619430092457
10317.000011342	621.552238806	6.01121343595	448.0	0.94930414	0.682521993169
10317.000026056	491.222222222	4.72845344756	319.0	0.90709158	0.568500526202
10317.000012209	611.849056604	5.79334388218	401.0	0.94826738	0.66994758419
10317.000016355	779.0	6.46856266697	488.0	0.97569324	0.724303315894
10317.000015185	552.051724138	5.18654951064	377.0	0.90749698	0.606017124468
10317.000003028	440.666666667	5.26608161199	349.0	0.91262908	0.623420116858
10317.000012985	842.571428571	6.18432350585	480.0	0.96032476	0.694330242352
10317.000016755	683.68	6.05251143153	476.0	0.94148268	0.680453674554
10317.000014327	491.09375	5.58075939607	370.0	0.95567696	0.654144867616
10317.000013249	528.0	5.31999852442	324.0	0.94632866	0.63790098414
10317.000008950A	367.487179487	3.7356008933	253.0	0.7873955	0.467944870348
10317.000016716	594.701754386	6.13612112669	409.0	0.96898206	0.707255822429
10317.000022662	689.0	5.9888908529	434.0	0.9607571	0.683542296794
10317.000022443	582.5	5.25257245135	412.0	0.93292078	0.604682223286
10317.000017074	450.181818182	5.47196154046	349.0	0.94620236	0.64779301848
10317.000002511	488.1	4.92062747379	361.0	0.88667376	0.579179783344
10317.000013821	404.0	5.04940975944	305.0	0.929213	0.611851989005
10317.000004819	459.365853659	4.97545742767	291.0	0.9195175	0.607884325566
10317.000017075	592.716666667	5.02471237379	386.0	0.90099846	0.584781786163
10317.000010834	562.084745763	5.65976322322	390.0	0.9406692	0.657551530721
10317.000014303	482.050847458	6.01653716789	369.0	0.9673796	0.705547158158
10317.000015265	613.631578947	5.65126046321	382.0	0.9572635	0.65885250423
10317.000003193	433.444444444	4.9356938335	299.0	0.92236426	0.600157201936
10317.000013619	749.958333333	6.66873984774	511.0	0.97803484	0.741203380667
10317.000005015	539.473684211	5.94073985534	404.0	0.9669785	0.686139379614
10317.000022925	373.682926829	5.2722408066	276.0	0.94628642	0.650209644764
10317.000003439	570.447761194	5.32053482223	390.0	0.94074904	0.618139960742
10317.000016735	589.444444444	6.07873147883	444.0	0.9652417	0.691203551346
10317.000011168	536.046511628	5.93448283582	370.0	0.96171352	0.6956063169
10317.000004972	481.188679245	6.31300097267	384.0	0.9726187	0.735355684097
10317.000009382	556.2	5.93732708013	400.0	0.9664017	0.686884065372
10317.000027308	526.638297872	5.50730854535	367.0	0.91632228	0.646425314638
10317.000003895	538.109090909	5.96527041298	388.0	0.96369374	0.693643124348
10317.000001322	388.078125	5.03877162708	306.0	0.9348615	0.610213753195
10317.000026106	651.018867925	5.64394813474	408.0	0.93551406	0.650792357638
10317.000008957B	608.857142857	6.33293638619	425.0	0.97023622	0.725312677693
10317.000001047	354.294117647	4.85359470066	274.0	0.90671964	0.599354837192
10317.000017071	470.108695652	4.5262393324	307.0	0.84474878	0.547831926056
10317.000015262	571.0	5.47801973224	361.0	0.95047232	0.644787336283
10317.000003981	423.465753425	5.44464645749	361.0	0.94612534	0.640859153111
10317.000014334	692.721518987	6.43948804233	500.0	0.9715809	0.718229196452
10317.000011378	776.333333333	5.74469171433	458.0	0.95443854	0.649910540819
10317.000016718	532.381818182	5.89912297596	363.0	0.96629106	0.693702241522
10317.000016714	654.375	6.57176110438	444.0	0.97853542	0.747265219687
10317.000007748	461.72	5.32671306378	344.0	0.92620448	0.632155909984
10317.000007073	688.739130435	5.81240898443	463.0	0.95681386	0.656408286703
10317.000001247	700.808219178	6.72259000854	497.0	0.98077396	0.750531810104
10317.000002036	397.818181818	5.02999948023	292.0	0.9304625	0.614176707213
10317.000012112	534.898305085	5.79438964362	377.0	0.9608561	0.677039589166
10317.000002437	390.065217391	4.89934472761	303.0	0.91693056	0.594351731194
10317.000003731	571.567164179	5.50210998716	407.0	0.94541392	0.634696387961
10317.000013171	595.666666667	5.47562428545	364.0	0.93745026	0.643600899765
10317.000001487	464.263157895	5.78434186978	361.0	0.96048872	0.680842817053
10317.000014306	541.765957447	5.30584753407	355.0	0.93181548	0.62630440849
10317.000002064	638.924242424	6.24558683536	451.0	0.9682811	0.708358674829
10317.000002336	509.451612903	5.39635981205	370.0	0.90955854	0.632530597421
10317.000006074	476.05	5.69727472672	351.0	0.96231758	0.673808899204
10317.000012061	420.047619048	4.6359807801	316.0	0.89319218	0.55829759006
10317.000016756	641.844827586	6.03904838001	428.0	0.9630842	0.690850676369
10317.000011018	650.189873418	6.23749607781	481.0	0.9610953	0.700064076994
10317.000015261	730.727272727	5.81917374536	450.0	0.95890364	0.660235785199
10317.000013458	625.881355932	6.33992657325	439.0	0.96950252	0.722245484939
10317.000041935	423.018867925	4.27926899574	314.0	0.81356942	0.515908939696
10317.000033721	563.779069767	6.23841622307	439.0	0.9709664	0.710681409039
10317.000031491	448.514285714	6.37618342973	382.0	0.9768322	0.743367687166
10317.000017671	428.142857143	5.17243070339	288.0	0.9385781	0.633106265048
10317.000036943	532.308823529	5.97135112225	409.0	0.96157934	0.68826425714
10317.000036102	717.603448276	6.2724982818	446.0	0.9697987	0.712711012866
10317.000028894	593.692307692	5.28933198409	373.0	0.93921958	0.619139913719
10317.000040358	538.85	5.64158745956	360.0	0.95070626	0.664352926924
10317.000031506	675.1875	6.10789203671	456.0	0.95712836	0.691494179925
10317.000016446	678.085714286	5.88272356732	468.0	0.94407116	0.663188465558
10317.000028793	476.625	5.43149679337	336.0	0.95087776	0.647198684196
10317.000042026	735.740740741	6.45595875055	507.0	0.9723434	0.71845897088
10317.000037582	503.344827586	5.74721843298	361.0	0.95616764	0.676473223094
10317.000029202	523.636363636	4.63212465849	318.0	0.8662198	0.557222408087
10317.000022618	783.313432836	6.33416330551	501.0	0.9668422	0.706254725654
10317.000021229	491.090909091	3.30249111894	260.0	0.69691768	0.411660397019
10317.000034121	387.085714286	4.52391194464	237.0	0.91343448	0.573464213742
10317.000036071	481.5	4.93214250832	324.0	0.91021732	0.591394630193
10317.000036166	581.62	5.76881071132	367.0	0.9609917	0.677119367554
10317.000031593	621.263157895	4.86654960974	335.0	0.88354546	0.580178776961
10317.000034194	1131.421875	6.05974834479	564.0	0.94807692	0.663024705606
10317.000036131	711.052631579	5.98948729874	447.0	0.95942914	0.680304198601
10317.000002347	426.109090909	4.96448473906	323.0	0.92138826	0.595591151441
10317.000016767	687.275862069	6.21669786195	454.0	0.96555668	0.704318100206
10317.000036109	394.956521739	4.15398631344	267.0	0.81842024	0.515338420981
10317.000004973	574.083333333	6.33651280395	437.0	0.96792742	0.722398724411
10317.000031379	881.442622951	5.90407489955	472.0	0.95149884	0.664675465032
10317.000004737	627.684210526	5.675372911	421.0	0.9278343	0.651018991252
10317.000006666	512.357142857	4.85210359013	346.0	0.91122842	0.575259923637
10317.000003969	347.088235294	4.99110495521	247.0	0.93382166	0.627940910352
10317.000001749	644.368421053	6.25380212093	477.0	0.9636975	0.702844542744
10317.000009507	606.405797101	6.35738776267	453.0	0.9743743	0.720517189153
10317.000040348	781.643835616	5.96748585312	498.0	0.9558279	0.666013902492
10317.000026595	760.857142857	6.09850762084	421.0	0.9629815	0.699556547511
10317.000012335	622.0	5.52571808068	410.0	0.93611828	0.636641598037
10317.000022554	644.123076923	6.29010402935	441.0	0.97289914	0.716034774346
10317.000003718	722.235294118	6.42245838812	522.0	0.96813502	0.711400671491
10317.000006113	609.0	5.21158849579	377.0	0.91348452	0.608942779328
10317.000006662	597.012987013	6.2690313274	440.0	0.97096872	0.713902121301
10317.000013756	771.0	6.6717788187	526.0	0.97382574	0.738116895018
10317.000001216	545.0125	6.23000649647	445.0	0.96933082	0.708143462687
10317.000016722	583.115384615	6.15241378423	396.0	0.97176176	0.712963208626
10317.000016358	383.2	4.9240049485	312.0	0.91796584	0.594298842522
10317.000035392	803.647058824	5.99916190627	459.0	0.9660031	0.678457839067
10317.000043118	754.529411765	6.56656376654	532.0	0.97217704	0.725163882332
10317.000006685	472.136363636	4.93142958448	296.0	0.92391034	0.600701333554
10317.000005992	415.0	4.30819101736	314.0	0.82329436	0.519395780445
10317.000012947	654.40625	5.98717365116	443.0	0.96206962	0.681044558844
10317.000012122	626.018518519	5.68180358897	405.0	0.9487615	0.655962727842
10317.000004758	636.117647059	5.64679047712	396.0	0.94879286	0.654369812922
10317.000042014	762.063829787	6.67759418501	567.0	0.97664124	0.730014713762
10317.000027267	848.967741935	6.34290756755	515.0	0.96750554	0.704108100719
10317.000006625	397.636363636	4.94546085762	294.0	0.91455174	0.603129082437
10317.000008951B	338.136363636	4.15367651942	212.0	0.87248156	0.537489554123
10317.000006778	842.815217391	6.53528656903	564.0	0.97593174	0.715055511704
10317.000012971	901.013333333	6.45317491547	559.0	0.9703758	0.707065177214
10317.000017652	899.714285714	6.92463139267	584.0	0.98008756	0.753510727904
10317.000015254	659.447761194	6.3075249374	479.0	0.96648434	0.708401688913
10317.000001438	581.25	5.97020197694	405.0	0.9661724	0.689258245772
10317.000006803	545.163265306	5.78361081574	387.0	0.95508572	0.672810975538
10317.000013299	633.571428571	5.83534813597	449.0	0.95324436	0.662312092551
10317.000036039	413.2	5.24402036614	304.0	0.93234322	0.635798551526
10317.000011026	755.611111111	5.77838190251	437.0	0.94245742	0.658768607385
10317.000012993	612.764705882	5.96856492803	444.0	0.96229718	0.678676676056
10317.000009419	567.923076923	6.1246559675	450.0	0.9608648	0.694895395588
10317.000010693	715.1375	6.29370103914	516.0	0.96830582	0.698428844456
10317.000008951A	324.0	3.9565582521	216.0	0.8574224	0.510201888938
10317.000001669	477.418181818	5.09412860832	341.0	0.92362642	0.605461597695
10317.000036068	544.0	5.74619378134	413.0	0.94866696	0.661242246573
10317.000042981	761.322033898	6.13714093794	457.0	0.96471132	0.694557035251
10317.000028776	901.692307692	6.79391543742	604.0	0.97446772	0.735399198143
10317.000004011	322.914893617	4.77224060934	267.0	0.91610946	0.592038286742
10317.000004285	638.0	6.2226825223	481.0	0.9647107	0.698401480668
10317.000026116	591.0	5.00440133305	363.0	0.89825244	0.58848822721
10317.000022498	656.75	6.36884169219	458.0	0.96962356	0.720522101862
10317.000023929	661.577464789	5.3361748684	464.0	0.87363036	0.602414350554
10317.000009558	550.887096774	5.52299533572	405.0	0.93867286	0.637628356832
10317.000002051	576.013333333	5.79191280802	429.0	0.93178854	0.6623239407
10317.000016726	722.083333333	6.82308704186	526.0	0.98060852	0.754856532063
10317.000005927	635.345679012	5.8383706692	488.0	0.93264322	0.653738929779
10317.000013539	599.202702703	6.18854366358	462.0	0.96343358	0.699132299688
10317.000004289	688.470588235	6.11889366982	462.0	0.95711206	0.691263798961
10317.000011073	525.842105263	5.50128537694	381.0	0.94498108	0.641650543419
10317.000001111	490.781818182	4.89312152034	343.0	0.88615864	0.580988350979
10317.000013053	448.442307692	4.25802854433	297.0	0.86104342	0.518366584218
10317.000010225	674.88	6.84464819937	501.0	0.98216434	0.763173430031
10317.000003226	656.194805195	6.42918849788	491.0	0.97112176	0.719182451852
10317.000013167	582.529411765	6.0395005532	429.0	0.96309476	0.690636399207
10317.000010879	511.153846154	5.08185961371	372.0	0.91626198	0.595124148189
10317.000013055	652.229508197	5.39748230586	425.0	0.92432756	0.618174904236
10317.000006665	573.5	6.94564597248	485.0	0.9848094	0.778499193324
10317.000002638	464.0	5.69563648826	377.0	0.95525336	0.665500876748
10317.000002443	613.5	6.67881977815	509.0	0.9769683	0.742790808106
10317.000017349	858.491803279	7.00205876838	542.0	0.98201186	0.770969374814
10317.000005814	501.623376623	6.21082044617	415.0	0.9703306	0.714136327108
10317.000020071	666.018518519	5.78226693638	400.0	0.96071434	0.668945295877
10317.000004026	524.076923077	6.06508107674	431.0	0.95389646	0.693029828312
10317.000013134	564.08	6.28679996392	421.0	0.97567124	0.721155461481
10317.000004822	457.264705882	6.14983831329	383.0	0.96681966	0.716664090831
10317.000009101	587.014925373	6.64445456638	456.0	0.97982022	0.752240156474
10317.000013159	684.559322034	6.27060167753	477.0	0.96618914	0.704732590438
10317.000016772	532.441558442	6.27720306467	435.0	0.9707545	0.716177413404
10317.000006635	538.015873016	5.38746482102	415.0	0.9133888	0.619464750761
10317.000001734	512.486486486	6.26118881956	416.0	0.96807838	0.719640503514
10317.000001286	530.169491525	5.68147017317	403.0	0.93694494	0.656465523731
10317.000014397	829.015384615	6.39106226219	501.0	0.97439614	0.712598919055
10317.000016731	679.435897436	6.28544498667	482.0	0.9614886	0.705208462661
10317.000016458	851.322916667	6.67649277853	577.0	0.97224154	0.727887222029
10317.000009174	525.590909091	6.25247795581	421.0	0.96639882	0.717218402287
10317.000013222	537.208333333	5.38306852951	404.0	0.92547352	0.621729850354
10317.000004847	393.881355932	5.49903839002	326.0	0.93775952	0.658667798068
10317.000002261	602.109756098	6.15909630729	464.0	0.96081254	0.695316044444
10317.000016729	726.45	6.63045203519	516.0	0.97717074	0.735799003538
10317.000001652	474.935483871	6.26377989143	380.0	0.9734035	0.730908451403
10317.000017083	534.948275862	5.68840536077	379.0	0.95717714	0.664063679195
10317.000002606	470.764705882	5.65221346249	392.0	0.93183198	0.656111878957
10317.000011357	630.0	6.14831734415	477.0	0.96428314	0.690989450711
10317.000004813	573.214285714	6.25175550912	444.0	0.96525894	0.710877857509
10317.000013453	503.157894737	5.44231796699	365.0	0.93025878	0.639388641607
10317.000016768	706.794520548	6.44701973498	491.0	0.97190718	0.721177091272
10317.000013174	372.763157895	4.06486089366	265.0	0.81167204	0.504961164013
10317.000016166	633.018181818	5.42556383953	381.0	0.932837	0.632818650089
10317.000011358	724.670731707	6.93340791162	539.0	0.98238954	0.764084177008
10317.000001436	629.197368421	6.10082500492	466.0	0.96112222	0.688255515549
10317.000009385	661.776119403	6.5031442164	479.0	0.97433984	0.730371800645
10317.000006053	534.09375	5.50345312166	399.0	0.92858666	0.636955683812
10317.000002185	434.434782609	5.30937529688	318.0	0.9313124	0.638692415789
10317.000016488	483.903225806	4.20263496645	265.0	0.8354069	0.522076277663
10317.000001516	429.322033898	5.03066439257	335.0	0.88828758	0.599744161395
10317.000011352	675.22972973	6.42118828194	499.0	0.96692272	0.716418920638
10317.000004009	489.0	5.54076681801	357.0	0.94711998	0.653409244755
10317.000013801	483.344262295	5.70167339888	374.0	0.95233082	0.667104692312
10317.000003996	762.939759036	6.66342420493	571.0	0.96486718	0.727658813406
10317.000017339	593.3125	5.93932369839	414.0	0.94951936	0.683192340131
10317.000010183	802.138888889	6.86155651192	558.0	0.97831234	0.752023814394
10317.000012318	491.052631579	5.16235415969	372.0	0.8873333	0.604550667565
10317.000007666	541.837837838	6.2857465976	432.0	0.96750034	0.717970002019
10317.000002349	482.017241379	5.64944731563	369.0	0.9489034	0.662499272835
10317.000015908	457.0	5.48876319049	309.0	0.94846462	0.663578277746
10317.000001423	431.178571429	4.84141722004	328.0	0.89532142	0.579286520426
10317.000005845	536.046153846	6.1588831831	411.0	0.96600258	0.709304045252
10317.000009118	568.75862069	5.78832633277	401.0	0.95848674	0.669367350187
10317.000005576	613.338235294	6.14727045658	449.0	0.96810392	0.697715280169
10317.000002801	644.714285714	6.57304603865	472.0	0.97299272	0.739987636801
10317.000013265	858.708333333	6.43374261942	551.0	0.96731564	0.706545932606
10317.000010833	452.622222222	4.87926839981	312.0	0.90877614	0.588899400527
10317.000013238	376.466666667	4.91527742954	262.0	0.94116826	0.611853431421
10317.000012983	629.078125	5.81753905731	445.0	0.92390076	0.661259704095
10317.000004915	476.875	6.045544203	378.0	0.96661478	0.706070197908
10317.000001099	796.182692308	7.35061953957	643.0	0.98656848	0.787959661671
10317.000015856	818.123595506	6.39426633737	540.0	0.9693339	0.704461412596
10317.000003061	554.144927536	5.98855292891	425.0	0.95612206	0.685870360209
10317.000028859	587.894736842	6.34062325904	478.0	0.97093246	0.712360199947
10317.000012903	734.923076923	6.46550383435	498.0	0.97359414	0.721596254484
10317.000004736	634.838709677	5.70829394457	457.0	0.90899106	0.6460232474
10317.000010962	560.753424658	6.12620935875	435.0	0.9631146	0.698950269303
10317.000002348	732.85	5.71861577111	482.0	0.92703454	0.641611889857
10317.000002444	463.953125	5.7234268159	377.0	0.95074412	0.668748009434
10317.000015584	652.8	5.64470938493	459.0	0.9359819	0.638372057847
10317.000023375	657.513888889	4.94996645546	458.0	0.85203822	0.560001395389
10317.000015624	781.0	6.18430206342	543.0	0.95948068	0.680730049489
10317.000006671	644.287671233	6.56833469354	485.0	0.97520828	0.736208450685
10317.000009102	467.4	5.3912338179	377.0	0.92419354	0.629933255039
10317.000015214	779.602739726	6.36264133614	507.0	0.97182802	0.708074032545
10317.000002172	593.918032787	5.81019981684	418.0	0.94437994	0.66727462698
10317.000001189	470.0	5.67766992007	360.0	0.94961888	0.668601994837
10317.000007678	316.375	3.02431195508	257.0	0.7000539	0.377773393755
10317.000003358	529.52	5.80347830805	377.0	0.95460468	0.678101544956
10317.000009231	551.014705882	5.11547208999	418.0	0.9008132	0.587488354666
10317.000018318	531.818181818	6.30564234585	429.0	0.96761362	0.721070572983
10317.000013859	754.163934426	6.08064190422	466.0	0.95584386	0.685978589009
10317.000013757	557.7625	6.52475113217	470.0	0.96965624	0.735057587503
10317.000012298	712.758064516	5.84036493297	470.0	0.94144624	0.657956827901
10317.000017171	804.593220339	6.17608771122	484.0	0.96462216	0.692474763534
10317.000014587	499.578947368	5.25301437688	321.0	0.9367984	0.630884388681
10317.000016764	647.615384615	6.17739133879	424.0	0.96811346	0.707773560833
10317.000016727	620.327868852	5.98115168311	417.0	0.96412802	0.687180370582
10317.000002013	572.09375	5.87397820782	451.0	0.94019174	0.666211763434
10317.000013454	569.358490566	6.34270407517	416.0	0.97518476	0.729009599589
10317.000016766	709.857142857	6.10300890972	447.0	0.96281626	0.69319832872
10317.000001234	641.109090909	4.6692533256	383.0	0.8502863	0.544125880874
10317.000026623	901.5	6.5808061891	619.0	0.96455482	0.70961302939
10317.000006761	630.042253521	6.85855770176	493.0	0.98085132	0.766709604041
10317.000009532	599.305084746	6.63342347135	446.0	0.97940786	0.753721045209
10317.000005846	476.693548387	6.22817634855	380.0	0.9724296	0.726753942329
10317.000004821	818.1	6.85692167892	609.0	0.97363554	0.741264915913
10317.000002712	634.0	5.6304631437	445.0	0.93492728	0.639995426871
10317.000013734	796.982758621	6.68751345073	513.0	0.97922056	0.742824709731
10317.000009659	605.714285714	5.86618964982	433.0	0.95473234	0.66979220625
10317.000017292	743.042857143	6.88338679477	518.0	0.9812745	0.76339504791
10317.000015862	601.815384615	5.96454099729	411.0	0.96431994	0.686922114233
10317.000002446	537.661764706	4.45862526146	382.0	0.84147084	0.519809065263
10317.000006678	470.953125	5.7400900003	384.0	0.95046484	0.668621441249
10317.000014224	608.758064516	6.62845047091	445.0	0.98102046	0.753433222161
10317.000017218	680.130434783	6.51525709411	467.0	0.97744888	0.734752711104
10317.000009661	600.620689655	6.22937120576	440.0	0.966378	0.709385722597
10317.000006729	498.08	5.82690528168	388.0	0.96362974	0.677553992536
10317.000013686	519.575	5.5567130312	332.0	0.9540055	0.663484999295
10317.000010845	669.039473684	6.48834495645	471.0	0.97665544	0.730703769992
10317.000017205	722.333333333	6.35874719231	489.0	0.96206426	0.71177158891
10317.000014551	500.2	5.83682443737	366.0	0.96470846	0.685419231327
10317.000005238	603.295774648	5.64500080611	448.0	0.93265298	0.64094167387
10317.000022448	711.777777778	5.84477281229	452.0	0.94993162	0.662659208753
10317.000001004	341.234042553	5.27284921114	274.0	0.94518954	0.651127231545
10317.000014122	559.470588235	5.86288991765	445.0	0.9556902	0.666414580786
10317.000016728	804.258064516	6.77466481414	575.0	0.97600354	0.738993760989
10317.000010773	534.85	4.45213878958	375.0	0.84904614	0.52067250982
10317.000005553	471.3125	6.31978698709	386.0	0.9713361	0.735504054274
10317.000014054	656.12195122	6.35511003932	501.0	0.97153058	0.708590271649
10317.000026081	648.317073171	5.41097209301	383.0	0.94163884	0.630561194946
10317.000016769	566.524590164	5.64492540145	393.0	0.9469904	0.654986412475
10317.000004738	690.033707865	6.42381241842	517.0	0.97073652	0.712646752865
10317.000036427	692.130434783	6.31390039429	474.0	0.97008308	0.710325432684
10317.000043092	645.684210526	6.34827911849	447.0	0.96557374	0.721056865603
10317.000036069	377.348837209	5.20888771793	280.0	0.9412522	0.640756104453
10317.000028711	619.2	5.7206999965	405.0	0.9514801	0.660453307846
10317.000027901	943.941860465	6.8779065701	616.0	0.97739356	0.742210532194
10317.000031057	640.611111111	5.70479463839	408.0	0.94776378	0.657808446131
10317.000021275	923.1	5.39912623901	463.0	0.9206455	0.609735346176
10317.000031439	765.1	5.69966029146	421.0	0.9433005	0.653804983674
10317.000036437	687.833333333	6.19335209383	493.0	0.96393712	0.692347099497
10317.000043117	753.846153846	6.05913552498	492.0	0.96056608	0.677565076508
10317.000040144	467.285714286	4.59761028023	304.0	0.85537116	0.557426125864
10317.000039994	580.878787879	5.68813958714	407.0	0.94124788	0.656155849047
10317.000036067	591.041666667	6.61657863654	452.0	0.9793929	0.750163762519
10317.000036877	736.032967033	6.53050840976	549.0	0.97016872	0.717586057641
10317.000038417	605.661764706	5.84417099756	450.0	0.94683352	0.663071940496
10317.000031891	533.974683544	6.17263694697	439.0	0.96291962	0.703187823014
10317.000028719	740.444444444	5.84913887806	434.0	0.9596952	0.667591699561
10317.000023341	726.633802817	5.33152674766	435.0	0.93399694	0.60828349765
10317.000035492	731.254237288	6.35006570323	482.0	0.96316852	0.712458717222
10317.000027775	751.838235294	5.9659964352	485.0	0.95001314	0.668695673603
10317.000036094	442.790697674	4.12133012781	293.0	0.81229692	0.502922807964
10317.000039831	567.428571429	5.6035948582	420.0	0.93497956	0.643038441692
10317.000043164	492.6875	5.29732123979	326.0	0.94078088	0.634506375334
10317.000036422	641.850746269	6.34855056155	452.0	0.97005188	0.719775708475
10317.000036939	529.0	5.56186453652	396.0	0.94665422	0.644528298156
10317.000036147	730.590163934	6.07915128498	481.0	0.94175276	0.682292282054
10317.000035412	678.875	6.08642965932	427.0	0.96300352	0.696539871459
10317.000031272	432.625	3.86623346067	218.0	0.8213725	0.497701045576
10317.000037565	618.484375	5.71695532788	432.0	0.93557588	0.653001575002
10317.000014232	585.841463415	6.18206286206	482.0	0.96354766	0.693609291986
10317.000009677	667.294117647	5.4050947163	402.0	0.9427584	0.624790477418
10317.000036045	726.58490566	6.30149152814	426.0	0.97110824	0.72143114106
10317.000018424	570.131147541	4.84137840642	377.0	0.88306104	0.565685956395
10317.000014978	665.761904762	6.29729521741	451.0	0.96996098	0.714223308842
10317.000017133	645.884057971	5.84076153563	445.0	0.95328582	0.663899323526
10317.000026136	580.559322034	5.98856963378	418.0	0.96236058	0.687759577036
10317.000013197	699.338235294	6.30555871249	478.0	0.97316868	0.708420746936
10317.000001936	585.018867925	4.84876197457	351.0	0.91397782	0.573456455113
10317.000009495	398.772727273	4.778793007	284.0	0.92081334	0.586373164336
10317.000033748	551.428571429	5.11818535836	388.0	0.87001276	0.59514386393
10317.000006717	561.873015873	6.0064149247	414.0	0.95988138	0.690909752791
10317.000022553	846.5625	6.48936788794	559.0	0.97147534	0.711030789618
10317.000034127	512.5	5.55560961991	405.0	0.94120692	0.641393667351
10317.000005085	394.225806452	5.75133363222	338.0	0.96079992	0.684610900066
10317.000009648	674.692307692	6.08432991871	475.0	0.95753124	0.684264273827
10317.000013001	811.88	5.96625318577	508.0	0.94983718	0.663751526911
10317.000034147	911.987012987	5.62285145028	511.0	0.94243934	0.624957128197
10317.000028856	572.327868852	5.42244990541	394.0	0.93978594	0.628904815113
10317.000005163	423.085714286	4.3775828451	273.0	0.88022854	0.540926011849
10317.000009628	519.129411765	6.02192417748	425.0	0.96205702	0.689692377072
10317.000016762	570.216666667	5.75736508922	401.0	0.94576116	0.665786963671
10317.000014291	575.139240506	6.46529892296	469.0	0.96804826	0.728612119599
10317.000011191	526.529411765	6.05166883937	407.0	0.9678157	0.698090798338
10317.000013764	698.897058824	5.87415471836	454.0	0.9496518	0.665509822647
10317.000016333	746.417910448	6.10165908394	467.0	0.9667128	0.688109538794
10317.000034126	610.12987013	6.04242622721	447.0	0.95671592	0.686317163235
10317.000006036	523.024096386	6.4596066229	437.0	0.97377766	0.736432124255
10317.000013902	682.563380282	6.15047124749	492.0	0.95677118	0.68777872754
10317.000015295	509.56	4.79597125239	334.0	0.88704774	0.572058732641
10317.000006795	785.8	6.25913825537	531.0	0.96067112	0.691421287335
10317.000002141	526.727272727	5.07379395177	342.0	0.91084536	0.602742082116
10317.000006017	487.02	4.87635253407	327.0	0.88941924	0.58377431116
10317.000014451	457.277777778	5.32624823699	338.0	0.9337601	0.63401079344
10317.000013984	617.296875	6.09867917878	411.0	0.97053986	0.702370492116
10317.000015587	457.382978723	4.87829570494	313.0	0.89351458	0.588454115125
10317.000003508	564.044776119	6.14967500171	435.0	0.95903718	0.70162750681
10317.000036114	422.06122449	5.20289579491	319.0	0.9330035	0.62554258596
10317.000010712	577.383561644	6.36423953459	446.0	0.97307668	0.723135089248
10317.000013986	556.593220339	5.93456205409	401.0	0.95858038	0.686278182724
10317.000014259	608.891891892	5.76714500075	437.0	0.94714972	0.657487536273
10317.000006899	636.35443038	6.51304034403	493.0	0.9761905	0.728084649925
10317.000003879	426.775862069	5.44031953782	329.0	0.94744462	0.650604654256
10317.000003287	629.486486486	6.79265834617	498.0	0.98001722	0.758109026948
10317.000013952	496.545454545	5.97330743584	381.0	0.9625706	0.696705533271
10317.000010169	362.926829268	3.92311774295	247.0	0.8459234	0.493575300266
10317.000001805	494.135135135	6.20738279755	404.0	0.96915946	0.716935917992
10317.000005009	542.56	5.85330304281	380.0	0.95821154	0.683010695901
10317.000033803	621.4	5.56373896822	363.0	0.94568094	0.654263050495
10317.000014237	656.4	5.93451916328	456.0	0.95113724	0.671866077101
10317.000017185	817.095890411	6.42770126093	539.0	0.97201358	0.708353653876
10317.000035361	332.88372093	5.45063313419	283.0	0.94847748	0.669227973928
10317.000044399	578.630434783	5.4916510593	361.0	0.93029174	0.646391804229
10317.000005987	553.486486486	6.20276012521	422.0	0.97176204	0.71123604846
10317.000003922	652.23880597	6.13738557316	460.0	0.96890514	0.693843477051
10317.000015542	400.022727273	4.86540211281	292.0	0.91236344	0.594078918032
10317.000017114	356.090909091	5.02973563674	232.0	0.94565398	0.640079893278
10317.000014222	471.037037037	5.35929110973	284.0	0.94899698	0.657602135519
10317.000001882	643.875	6.3999885085	483.0	0.96297914	0.717819099672
10317.000012004	713.032967033	6.47733885047	536.0	0.96532392	0.714457878628
10317.000001732	544.076923077	6.34652331767	451.0	0.96637394	0.719806635564
10317.000001151	515.109589041	6.05480379899	414.0	0.96793606	0.696475859294
10317.000002262	529.815384615	6.38141361074	449.0	0.96633816	0.72429053134
10317.000027295	648.584415584	6.04071995558	475.0	0.96186978	0.679359750214
10317.000029188	798.660377358	5.8374039846	467.0	0.94992832	0.658308389299
10317.000014392	589.232142857	5.50210682217	387.0	0.9474736	0.640063444184
10317.000002512	510.255319149	5.33899599948	348.0	0.93254064	0.632361924737
10317.000012242	644.131147541	6.09390959461	451.0	0.96273978	0.691155825507
10317.000031519	598.117647059	5.73642478204	379.0	0.9546493	0.669669459997
10317.000015329	648.380952381	6.31640899047	449.0	0.97082068	0.716912506059
10317.000014318	607.493150685	6.33600454384	444.0	0.9745841	0.72045769044
10317.000013609	544.722222222	4.63956685583	346.0	0.88369946	0.550061808371
10317.000014317	606.622222222	5.51980474649	381.0	0.93213184	0.643810577434
10317.000029154	520.264150943	5.80746862158	381.0	0.94886216	0.677362678284
10317.000009529	382.288461538	5.0412601932	289.0	0.92951876	0.616673519613
10317.000011955	590.677966102	5.52247237424	391.0	0.9457728	0.641325800847
10317.000003266	418.084745763	5.39054500885	344.0	0.93085408	0.639731264774
10317.000016405	642.166666667	6.42727918528	445.0	0.97691798	0.730566772362
10317.000010984	585.451612903	6.08821849729	410.0	0.96936546	0.701449675267
10317.000010843	542.671641791	6.08547221043	427.0	0.963986	0.696430299614
10317.000008955	403.208333333	5.77963217256	316.0	0.96650238	0.696024178364
10317.000027648	471.725490196	4.62350377417	327.0	0.86696428	0.553504430217
10317.000014357	525.357142857	5.37743564575	359.0	0.92523846	0.633545828422
10317.000017093	554.4	4.99206117582	357.0	0.90356564	0.588701714006
10317.000014379	527.25	5.92826330239	432.0	0.9504881	0.677137576117
10317.000005915	382.446808511	4.48976730687	275.0	0.8640805	0.554067362905
10317.000001363	420.850746269	5.11798446641	357.0	0.86890276	0.603551543442
10317.000013604	361.451612903	2.53796596945	192.0	0.54651668	0.334604946196
10317.000014095	457.904761905	5.42833887611	361.0	0.93448956	0.638939678105
10317.000012275	541.75862069	5.7766564378	374.0	0.95870888	0.67587782497
10317.000011389	629.088235294	6.18672311168	449.0	0.9657666	0.702193157058
10317.000002205	352.264150943	3.91845117109	275.0	0.80605338	0.483563124467
10317.000011155	536.580645161	5.61930319815	395.0	0.9344281	0.651459874242
10317.000006929	465.352941176	5.22403152194	330.0	0.93291194	0.62441194448
10317.000013648	528.0	4.97276574159	324.0	0.90066588	0.596265609078
10317.000012155	705.979166667	6.92377381407	551.0	0.98295604	0.760360573309
10317.000006654	523.057692308	6.29276267977	397.0	0.97190924	0.728919979227
10317.000002071	522.095890411	5.47207572649	409.0	0.92925038	0.63071724603
10317.000004159	412.217391304	5.01033511835	311.0	0.89034134	0.60505661338
10317.000002568	298.20754717	4.76403614283	243.0	0.90301644	0.60115442992
10317.000008957A	668.123076923	6.46676322888	465.0	0.97291554	0.729793455079
10317.000002749	691.015151515	6.35900371672	481.0	0.96785622	0.713701461614
10317.000017661	607.609375	6.2281609924	433.0	0.97223652	0.711121518566
10317.000002201	243.527777778	3.68791780847	191.0	0.81947914	0.486697782607
10317.000001939	509.651162791	4.94172583267	338.0	0.88177284	0.588239108792
10317.000009447	509.272727273	5.17126619655	347.0	0.92293296	0.612796984081
10317.000029245	654.570093458	6.20883337794	509.0	0.96901474	0.690520857784
10317.000014958	537.20754717	5.94115847639	379.0	0.9597772	0.693570044027
10317.000015364	721.442307692	5.86525247942	432.0	0.9558341	0.669940359367
10317.000016484	578.052631579	5.37239763858	382.0	0.94006822	0.626341266863
10317.000010908	664.0	5.97499856513	433.0	0.94769974	0.68221583518
10317.000001524	542.067567568	5.37550707743	427.0	0.92594376	0.615180856154
10317.000014949	457.115384615	5.28661998802	346.0	0.9336337	0.626775697203
10317.000015933	507.4	6.195575933	403.0	0.96938454	0.715867878508
10317.000014012	612.125	5.76260657152	431.0	0.95482004	0.658467412449
10317.000004774	491.47826087	5.50374769292	388.0	0.92996302	0.639977147898
10317.000008954B	586.25	5.73472132247	400.0	0.94339698	0.663444786281
10317.000016703	696.818181818	6.31240728638	474.0	0.97057556	0.710157455292
10317.000003365	383.375	5.02528860778	281.0	0.91472996	0.617780333849
10317.000017216	726.38028169	6.87302246053	507.0	0.983594	0.764872396901
10317.000004163	537.404255319	5.36148701808	359.0	0.94050668	0.631666831222
10317.000013697	576.524590164	5.44666898553	403.0	0.92086454	0.629335418333
10317.000017161	532.625	4.70112340769	327.0	0.89775328	0.562796692779
10317.000001072	511.542372881	5.12248232239	365.0	0.91709236	0.601812873419
10317.000011956	630.508196721	5.43870399592	406.0	0.94096132	0.627639141506
10317.000007641	481.833333333	6.03079467706	391.0	0.96396734	0.700357369654
10317.000017079	462.75	4.58776147149	265.0	0.91852002	0.569918979631
10317.000009193	417.019607843	4.97616381378	318.0	0.89367606	0.598608670487
10317.000012984	579.545454545	6.08727355028	430.0	0.96574622	0.69583211698
10317.000015581	561.549019608	5.15451717907	354.0	0.9319654	0.608733738078
10317.000014802	507.716981132	5.60390634885	373.0	0.9503789	0.655962246982
10317.000017353	769.114285714	6.63923605882	518.0	0.97680658	0.736317757569
10317.000001059	486.5	5.18163458409	323.0	0.93464486	0.621642702213
10317.000017088	589.017857143	5.60274283589	400.0	0.94700524	0.648176313081
10317.000004602	557.571428571	5.45527383294	318.0	0.947452	0.656243310808
10317.000014399	493.245901639	5.49771589535	360.0	0.94663214	0.647410622038
10317.000005008	548.982758621	5.6789062827	386.0	0.94030632	0.660917623221
10317.000010104	650.638888889	6.4099518894	465.0	0.97189742	0.723382126527
10317.000010565	605.509090909	5.5452574345	380.0	0.93540398	0.647065445199
10317.000027194	478.763157895	4.93272304822	321.0	0.9174277	0.592417560954
10317.000015224	667.181818182	6.75081063213	464.0	0.97800562	0.762116179279
10317.000013933	504.11627907	5.79322876233	349.0	0.95820498	0.685825936266
10317.000018033	597.2	5.45672391488	383.0	0.9354507	0.635892829073
10317.000006084	394.75	5.44043745758	281.0	0.95467484	0.668816366811
10317.000002059	656.844827586	6.23415751277	432.0	0.97017044	0.712077398051
10317.000003047	398.454545455	5.1874507286	324.0	0.92730214	0.622007677213
10317.000008982	409.477272727	5.55605936003	308.0	0.95198216	0.672094208877
10317.000010765	494.098360656	5.24884297578	365.0	0.8954746	0.616658306378
10317.000012072	634.065217391	5.17649674076	361.0	0.91744662	0.609296736395
10317.000017183	501.304347826	5.91357756056	416.0	0.94705078	0.67968720572
10317.000012228	600.25	6.2033620205	414.0	0.97106032	0.71356430979
10317.000011224	630.442622951	5.39706741283	414.0	0.89980132	0.620817335922
10317.000026111	371.488372093	4.45636725319	272.0	0.8859251	0.55102166658
10317.000006637	628.272727273	6.38040424202	487.0	0.96981586	0.714668786468
10317.000012113	354.073170732	4.29169554121	267.0	0.86263456	0.532422458009
10317.000013079	508.305084746	5.49674128933	355.0	0.94788768	0.648837585273
10317.000004162	437.318181818	5.8536105521	353.0	0.9642232	0.691628013807
10317.000012906	623.638888889	5.31517619592	417.0	0.94090838	0.610665795073
10317.000012976	658.590909091	6.07008307249	408.0	0.96762196	0.699929123992
10317.000009533	271.965517241	3.86276501484	198.0	0.81829102	0.506302851891
10317.000014309	509.948275862	5.69621344187	372.0	0.9415921	0.667069622182
10317.000002371	515.714285714	5.83035855285	412.0	0.9480464	0.67119762839
10317.000002329	637.098591549	5.98839452323	469.0	0.93452946	0.674866990461
10317.000010761	598.417910448	6.10830871749	449.0	0.9522047	0.693293122253
10317.000009129	566.659574468	6.0101541263	391.0	0.95852852	0.697960378442
10317.000014323	563.846153846	5.73633254925	412.0	0.94474208	0.66037324597
10317.000006894	697.5	5.88935116032	438.0	0.952615	0.671167416408
10317.000014241	354.72	4.88900942532	285.0	0.91365136	0.599524031063
10317.000001685	467.0	5.01674214113	319.0	0.9221041	0.603161388534
10317.000011302	578.784313725	5.3473055035	388.0	0.91576686	0.62178601128
10317.000012231	412.634146341	5.28545456936	287.0	0.945485	0.647338006034
10317.000001579	528.088235294	5.75639123617	399.0	0.95273536	0.666230098644
10317.000017662	591.6875	6.14992666557	452.0	0.96434614	0.697256449305
10317.000003432	390.363636364	4.73981267926	269.0	0.8708979	0.58723097084
10317.000011116	815.507042254	6.50793215529	521.0	0.97563326	0.721089364921
10317.000006841	580.721311475	6.22661640079	428.0	0.96462486	0.712307946764
10317.000013563	568.868421053	5.34525929451	439.0	0.86920662	0.608932823855
10317.000017217	714.40625	6.79277325189	503.0	0.9814538	0.756904328847
10317.000006728	319.960784314	4.45616635362	267.0	0.87319494	0.552826504235
10317.000013286	531.568965517	5.43837205508	387.0	0.9342693	0.632649139834
10317.000022964	576.6	5.53485017494	392.0	0.94566404	0.642488287486
10317.000002466	522.411764706	5.54272252421	401.0	0.92269732	0.640965501175
10317.000017644	614.655737705	5.83262949011	419.0	0.95526758	0.66958547805
10317.000017173	475.590163934	5.60175489468	370.0	0.94369356	0.65660584052
10317.000013332	742.478723404	6.96390648696	573.0	0.97800994	0.760053378762
10317.000002173	334.666666667	4.74706371063	263.0	0.90990196	0.59051020628
10317.000011329	551.458333333	5.80586769718	390.0	0.95541518	0.674525954687
10317.000007039	456.1875	6.19319879809	395.0	0.96370666	0.717993026518
10317.000002886	557.346153846	5.88732786792	429.0	0.9591912	0.673234961043
10317.000009126	465.428571429	5.24073375403	354.0	0.9126397	0.618915669021
10317.000022636	475.8	5.0125046633	325.0	0.91175178	0.600710319794
10317.000014233	583.318181818	6.55338776005	438.0	0.97764974	0.746842939383
10317.000023088	640.641791045	5.96035835614	446.0	0.96074216	0.677244193653
10317.000004974	526.720588235	6.26739782776	432.0	0.9664312	0.715874170423
10317.000002414	384.272727273	3.81470376755	171.0	0.8498463	0.514259856191
10317.000006027	564.517857143	5.76723156812	403.0	0.95384706	0.666374824904
10317.000017098	601.12987013	6.31749491605	456.0	0.97313594	0.715223998705
10317.000014559	462.381818182	5.29701795372	339.0	0.93768628	0.630211636169
10317.000016313	591.0	5.7328559759	359.0	0.9502927	0.675419889283
10317.000022899	526.2	5.99952959134	431.0	0.95657468	0.685539551744
10317.000003837	596.333333333	5.505514811	395.0	0.94131914	0.638268101922
10317.000010285	459.028571429	4.84901771553	275.0	0.93516378	0.598401269976
10317.000005848	440.181818182	4.68161176214	321.0	0.8665567	0.5622592216
10317.000005907	565.147540984	5.71055314715	394.0	0.94802298	0.662319511264
10317.000014132	766.148148148	6.15475866458	518.0	0.95017106	0.682587282352
10317.000003382	638.358208955	6.20397904758	476.0	0.9606827	0.697482423212
10317.000003221	308.026315789	4.41981928162	235.0	0.860293	0.561138801783
10317.000014607	414.418604651	3.9036617605	285.0	0.78361044	0.47869390933
10317.000017125	780.413793103	6.88705559537	589.0	0.97591916	0.748420226376
10317.000013826	548.217391304	5.10861117095	399.0	0.89389544	0.59125767946
10317.000004872	410.466666667	5.42520222704	296.0	0.94380266	0.660848169228
10317.000014293	583.125	5.58570703389	370.0	0.95569534	0.654724801574
10317.000016721	634.327868852	6.64710292249	431.0	0.9815118	0.759534874944
10317.000016763	582.338235294	6.25060317942	418.0	0.96915326	0.717852920111
10317.000012173	431.875	5.26545933454	282.0	0.94676128	0.646897980806
10317.000012951	529.046875	5.81106172296	406.0	0.94529466	0.670610092729
10317.000004705	627.012195122	5.38425139275	460.0	0.8777424	0.60870018074
10317.000007651	364.019230769	4.1619273251	263.0	0.86891328	0.51772226224
10317.000001827	495.590361446	5.26748862446	393.0	0.90130874	0.611192040909
10317.000014666	608.851851852	6.47166924701	487.0	0.96955682	0.724891375491
10317.000017146	467.234042553	5.01047156939	342.0	0.896787	0.595219690596
10317.000004161	492.381818182	5.90061970933	369.0	0.96029154	0.691953751988
10317.000023299	458.654545455	5.04388101314	331.0	0.92612406	0.602564731904
10317.000013733	480.4	5.65158145409	390.0	0.9412413	0.656600972436
10317.000012034	385.096774194	4.82906356846	238.0	0.93148368	0.611675115657
10317.000014391	696.08	6.49923840769	500.0	0.97250188	0.724893461781
10317.000014646	536.075	5.56591331407	428.0	0.93338946	0.636725314267
10317.000001793	530.764705882	5.90286747345	424.0	0.95212456	0.676320035704
10317.000013214	398.642857143	4.7594144243	303.0	0.89830954	0.577376437019
10317.000023154	554.611111111	5.53575609015	377.0	0.9448233	0.646819813563
10317.000009222	450.057692308	5.85265264475	351.0	0.96220218	0.692185233317
10317.000027198	406.078947368	4.57789386966	281.0	0.88999214	0.562780175202
10317.000007734	535.015625	5.96319831723	404.0	0.96187236	0.688733271197
10317.000006818	351.25	3.76447399813	206.0	0.79280318	0.489751348461
10317.000026639	747.941860465	6.13164263277	528.0	0.95170264	0.677949517884
10317.000005041	371.65	4.80512407823	267.0	0.92666912	0.596117769353
10317.000013312	461.467741935	5.51569454347	370.0	0.9345928	0.646518335746
10317.000001285	686.444444444	6.06705360867	482.0	0.94801442	0.680705591621
10317.000017215	754.846153846	6.75311843719	507.0	0.98182472	0.751528736487
10317.000016698	739.278688525	6.61550303844	501.0	0.97678996	0.737623906762
10317.000014979	581.2	6.08164285651	425.0	0.96781164	0.696531971274
10317.000014538	470.948275862	4.28522041247	333.0	0.82404928	0.511400753702
10317.000004278	387.454545455	4.33254944004	255.0	0.8501977	0.541951200214
10317.000009556	431.0	5.68960350682	340.0	0.95222362	0.676577358577
10317.000022663	665.059701493	5.85690910671	443.0	0.9494375	0.666226889543
10317.000001141	416.578125	5.39169455482	354.0	0.93693122	0.636743707879
10317.000002359	401.264150943	5.5485700973	324.0	0.95151788	0.66530814048
10317.000014236	475.418604651	5.62139529504	336.0	0.94761064	0.669826343768
10317.000001799	483.770833333	5.07227755456	330.0	0.8965924	0.60627327333
10317.000023213	580.12244898	5.64453713934	370.0	0.94989512	0.661620531853
10317.000013652	622.0	5.82852202599	417.0	0.95358372	0.669644599898
10317.000010205	538.981132075	5.37809656202	342.0	0.93616686	0.638891754459
10317.000005989	644.766666667	5.91433958145	422.0	0.96385322	0.678164466826
10317.000011072	339.5	3.89138597491	206.0	0.88249086	0.506262370132
10317.000013178	323.294117647	3.62015206035	228.0	0.70306628	0.462173227737
10317.000003423	322.468085106	4.3356075558	265.0	0.82731686	0.538594922521
10317.000013306	516.086956522	5.5890623189	385.0	0.94076474	0.650744908411
10317.000002489	420.693548387	5.6818172329	324.0	0.9653785	0.681285302605
10317.000004759	317.052631579	4.02376862863	263.0	0.84936204	0.50053603401
10317.000002687	467.529411765	4.89340857599	348.0	0.87970406	0.579585612339
10317.000004158	478.095238095	5.26101785834	359.0	0.9256846	0.619829996486
10317.000004157	500.226415094	5.31326710264	354.0	0.92625828	0.627481650062
10317.000001321	508.52173913	5.88336511924	398.0	0.95746428	0.681211164978
10317.000003022	521.42	6.00703281273	381.0	0.96611118	0.700639142405
10317.000003757	456.055555556	5.69144218209	353.0	0.95597388	0.672467158016
10317.000002087	503.971014493	5.55042915324	397.0	0.93018462	0.64293203303
10317.000009214	464.25	4.86006285572	355.0	0.87921154	0.573683803112
10317.000013829	537.118644068	5.48955438156	395.0	0.92804774	0.636417769419
10317.000016757	567.142857143	5.6968011875	388.0	0.9454592	0.662425456169
10317.000014593	509.060606061	6.07690589397	408.0	0.95918182	0.700715849874
10317.000006047	436.068965517	5.42580663756	349.0	0.93516558	0.642329013726
10317.000010098	592.31884058	5.50212719632	426.0	0.92229274	0.629915296048
10317.000009117	479.017241379	5.95852658961	366.0	0.96230132	0.699710734616
10317.000026135	572.220588235	6.09763189058	425.0	0.96693508	0.698363199067
10317.000009624	521.147058824	5.85126900031	394.0	0.9602431	0.678639971417
10317.000009075	549.833333333	5.79511316591	396.0	0.96158982	0.671557964405
10317.000001765	670.542372881	6.28252970097	444.0	0.97409222	0.714377145276
10317.000016353	650.11627907	5.84511749408	487.0	0.94464118	0.654711342387
10317.000008949A	580.172413793	6.00656091007	410.0	0.96040498	0.692041555624
10317.000005571	310.565217391	3.28534612212	180.0	0.70950496	0.438522496354
10317.000006626	515.046875	5.57804518859	382.0	0.95010582	0.650316697511
10317.000014608	530.695652174	5.08945168288	354.0	0.89655198	0.60104968905
10317.000015264	577.47826087	5.42449048832	400.0	0.93337408	0.627554458245
10317.000007732	418.058823529	5.28145075323	321.0	0.9382149	0.6342995832
10317.000027644	565.0	5.6926803406	428.0	0.92445846	0.651227116622
10317.000007697	617.076923077	6.29783633443	468.0	0.96863562	0.70998617684
10317.000004881	363.25	5.10803202201	274.0	0.92736482	0.630774485663
10317.000004642	308.777777778	3.13845206714	221.0	0.7455982	0.402990669594
10317.000001353	448.402985075	5.67699275571	370.0	0.95209732	0.665424794564
10317.000028759	422.936170213	5.27638258584	300.0	0.94217176	0.641207782586
10317.000004631	522.642857143	6.28880127795	429.0	0.96720334	0.719144742463
10317.000009433	362.365853659	5.02245108612	269.0	0.92918444	0.622247971994
10317.000009061	552.896551724	6.40317908612	458.0	0.96757088	0.724406772332
10317.000013995	747.5	6.41563888724	505.0	0.97423584	0.714425297265
10317.000015155	522.269230769	5.51682884361	356.0	0.95112494	0.65089692692
10317.000022965	743.55	6.14226357154	481.0	0.9622397	0.68937567643
10317.000016701	737.355932203	6.54461821052	491.0	0.97454232	0.732094660567
10317.000022638	437.382978723	4.48102636597	288.0	0.87360536	0.548478274302
10317.000013972	495.971014493	5.8177963092	389.0	0.95662812	0.67620280983
10317.000017163	573.0	5.48932223805	420.0	0.94149106	0.629925129712
10317.000001026	590.084507042	6.51627330342	455.0	0.97290988	0.73799296976
10317.000010919	506.956521739	5.10078645479	391.0	0.88642334	0.592355332247
10317.000014311	514.096774194	5.44772354979	383.0	0.94039672	0.634843982235
10317.000005039	427.434782609	5.11933114335	311.0	0.92494194	0.618219159237
10317.000004249	605.083333333	5.54564314488	366.0	0.94740728	0.651225765374
10317.000017176	409.057692308	5.1565079023	300.0	0.92794852	0.626640116431
10317.000002258	526.529411765	5.14460776407	357.0	0.91605254	0.606691164615
10317.000013118	647.0	6.28431239136	430.0	0.96982336	0.718355493461
10317.000013431	785.842105263	6.64732912072	524.0	0.97816222	0.735859387918
10317.000014197	805.828947368	6.52583103366	528.0	0.97420048	0.72153324452
10317.000015541	492.571428571	4.64599538902	311.0	0.89415306	0.561058326331
10317.000022661	698.794117647	5.99888694849	480.0	0.95540448	0.673510793031
10317.000014258	611.638554217	6.34359455087	477.0	0.97174902	0.712936022798
10317.000014324	574.8	5.32563352268	366.0	0.93844376	0.625390000095
10317.000002369	622.549019608	4.00714885337	370.0	0.76121014	0.469695192029
10317.000002372	479.0	5.17441199242	366.0	0.88612312	0.607632031505
10317.000013056	661.873239437	5.88792020147	440.0	0.95728244	0.670502108279
10317.000013852	672.054545455	5.92076243105	432.0	0.96055156	0.676280812242
10317.000012017	638.513888889	5.88610564723	446.0	0.95223316	0.668807248595
10317.000021237	293.139534884	2.2995702734	214.0	0.46493498	0.297045802487
10317.000016489	398.8	4.23438527329	291.0	0.8131824	0.517342671194
10317.000012355	569.779661017	6.11247371792	421.0	0.96569096	0.701158591038
10317.000018409	596.34375	5.6209740037	405.0	0.93867068	0.648939968243
10317.000004077	306.071428571	4.61795403794	217.0	0.92521468	0.594978233041
10317.000004294	509.285714286	6.05129282224	415.0	0.96095012	0.695793425005
10317.000022993	716.739130435	6.33378153034	491.0	0.97030372	0.708510029219
10317.000008963	305.0	3.95584215198	230.0	0.81510124	0.504218618122
10317.000013372	398.518518519	4.84018431874	305.0	0.91697416	0.586499520471
10317.000016407	653.93220339	5.99415562275	419.0	0.96072808	0.688128667349
10317.000006657	511.857142857	5.62824157351	339.0	0.95356122	0.669618899122
10317.000005805	553.067567568	5.91798478814	438.0	0.95183316	0.674430587084
10317.000012988	288.0	3.9123432243	213.0	0.8223701	0.505816432212
10317.000011093	718.109756098	6.69949781226	526.0	0.97847498	0.741183522078
10317.000004979	519.223880597	5.61292151832	396.0	0.92572844	0.650444959623
10317.000014188	531.75	5.6297953981	368.0	0.9378773	0.660497973397
10317.000011223	837.5	6.78069982478	591.0	0.97594494	0.736471084869
10317.000013608	466.5	5.11180019625	324.0	0.91732754	0.612936706833
10317.000009594	502.15625	4.98698375189	365.0	0.89968788	0.585893875768
10317.000022994	782.409090909	6.6205369717	554.0	0.97880892	0.726434526134
10317.000002494	386.127659574	4.49247787477	285.0	0.83437462	0.550898599416
10317.000005887	474.529411765	5.13407278969	346.0	0.9201826	0.608689873593
10317.000028817	747.472727273	5.95778875838	448.0	0.95405702	0.676456076893
10317.000027879	701.890625	5.91530593391	464.0	0.94549326	0.667793929245
10317.000002325	656.101694915	4.56747253267	401.0	0.8609373	0.528186700348
10317.000026127	578.372881356	5.64331081307	394.0	0.95200122	0.654520632819
10317.000031851	687.678571429	5.71129147159	449.0	0.93802054	0.648231659461
10317.000036428	506.813953488	5.50829482116	349.0	0.9443567	0.65209429973
10317.000026648	405.096774194	4.57207139606	258.0	0.85526744	0.570707988961
10317.000027761	777.114285714	6.65001991727	526.0	0.97490882	0.735709649035
10317.000030744	499.2	5.41140327068	342.0	0.9384152	0.642848429704
10317.000021239	395.058823529	5.03451359719	288.0	0.9360569	0.616225191333
10317.000036165	660.068965517	6.08011782154	438.0	0.96610296	0.692907734427
10317.000027762	368.454545455	4.60354502583	236.0	0.88396656	0.58401033727
10317.000023342	784.441860465	5.35882507758	380.0	0.9362848	0.625311011351
10317.000029227	603.170212766	5.54563699667	359.0	0.95162572	0.653362572171
10317.000030751	430.055555556	4.57630469847	317.0	0.8696414	0.550808613114
10317.000026658	735.548387097	6.26637897781	464.0	0.97122736	0.707427457934
10317.000036106	308.0	3.94372286909	227.0	0.85431386	0.503890428264
10317.000030756	447.471698113	4.32150592364	315.0	0.84782024	0.520713050458
10317.000038402	524.014285714	5.61561805136	387.0	0.95521378	0.653268274743
10317.000033785	979.714285714	6.51283479426	547.0	0.97309658	0.716058329058
10317.000028955	929.28	6.52991219378	572.0	0.9725588	0.712882523531
10317.000035491	637.514705882	6.10830953982	462.0	0.95792136	0.690068088379
10317.000036399	352.020408163	4.15112226436	251.0	0.87894642	0.520742593485
10317.000002326	589.736842105	5.15654412801	330.0	0.9155111	0.616345390001
10317.000036934	358.75	4.50304337278	235.0	0.89913728	0.571704905014
10317.000036101	563.381818182	5.72597749434	389.0	0.95078236	0.665530703536
10317.000043083	585.353846154	4.8669583832	418.0	0.87078944	0.55894770267
10317.000036085	605.777777778	4.79221947303	347.0	0.88922266	0.56787980516
10317.000036124	375.135135135	3.43959654548	257.0	0.67591698	0.429647496501
10317.000033728	449.06122449	4.98644399234	346.0	0.89550278	0.591187170053
10317.000036081	470.133333333	5.54222201006	327.0	0.94242054	0.663489116838
10317.000037612	406.238095238	4.57062996989	286.0	0.87232392	0.560135053759
10317.000028718	514.063829787	5.06516338514	310.0	0.93335592	0.612021175263
10317.000030771	339.576923077	3.64241271469	199.0	0.81578826	0.47696631636
10317.000034241	507.0	5.86503166426	390.0	0.95883878	0.681399626885
10317.000009144	335.136363636	4.3802156553	209.0	0.88757908	0.568316018527
10317.000004765	437.333333333	5.92632909999	359.0	0.96427254	0.69821404225
10317.000006675	677.850746269	6.63709889936	488.0	0.97704424	0.743174796044
10317.000031829	533.2	3.85932631388	258.0	0.76924718	0.481739712386
10317.000033666	461.942307692	4.96843467155	320.0	0.92414782	0.59702927193
10317.000031926	859.404494382	5.72526182163	484.0	0.96512948	0.641927302765
10317.000027821	424.434782609	5.15047808343	308.0	0.92513922	0.623032669112
10317.000013063	457.2	4.90603094462	323.0	0.90536404	0.588578427147
10317.000014234	411.317073171	4.81854209811	273.0	0.91060742	0.595414148009
10317.000022526	491.3	5.10140491475	345.0	0.93056436	0.605116378211
10317.000033713	523.260869565	3.75293757882	253.0	0.74242254	0.47011657265
10317.000014018	526.081967213	5.80886650118	380.0	0.95872266	0.677825481159
10317.000010207	493.0	5.54687666673	353.0	0.94961812	0.655386151454
10317.000006777	370.693548387	5.344407747	321.0	0.93891234	0.641860686537
10317.000014678	355.023809524	2.25781664405	220.0	0.58273406	0.290157084002
10317.000002711	266.303030303	3.40855000371	191.0	0.73381924	0.449829365748
10317.000013755	449.763157895	4.81567244249	292.0	0.90921878	0.58800678914
10317.000016381	385.53125	3.95990270996	237.0	0.82300138	0.501968765496
10317.000001221	462.063829787	5.53718991853	363.0	0.93419102	0.651141038062
10317.000009497	362.403846154	4.36166388423	271.0	0.88723086	0.539666351352
10317.000002161	533.381818182	5.44159343333	359.0	0.95181986	0.641104616916
10317.000023343	354.681818182	4.15020946776	200.0	0.89431364	0.542947089103
10317.000036151	549.15625	6.04851559724	412.0	0.96403822	0.696312119974
10317.000038424	687.567164179	5.690975237	428.0	0.93809704	0.651032057418
10317.000036191	505.25	5.55354909367	374.0	0.9459374	0.649773917267
10317.000005799	248.111111111	1.77695732796	112.0	0.41407966	0.261034917131
10317.000016723	514.222222222	5.59557022852	342.0	0.95086774	0.664726569945
10317.000004927	258.317073171	3.48068832884	206.0	0.79999636	0.452831339377
10317.000016717	575.212765957	6.0520291119	377.0	0.96815718	0.707143211891
10317.000002382	623.283783784	6.27364437437	462.0	0.96775632	0.708746299179
10317.000001575	453.263888889	5.38175704345	370.0	0.92441066	0.63081894396
10317.000012154	389.786885246	4.98352840778	307.0	0.92725288	0.603179762645
10317.000006034	554.308823529	5.6986489823	405.0	0.95278868	0.657907524064
10317.000001782	579.75	5.79649275592	465.0	0.94461136	0.654151439594
10317.000014556	365.926829268	3.6873521486	250.0	0.79200314	0.462898820358
10317.000010979	516.404255319	4.87147147106	338.0	0.90370568	0.57987636985
10317.000005228	278.909090909	0.92971248371	107.0	0.2053454	0.137909521115
10317.000002067	363.333333333	4.53574393532	284.0	0.8697882	0.556550266997
10317.000012156	694.514285714	6.00496454841	472.0	0.96216048	0.676033531353
10317.000008991	470.8	5.21563707327	320.0	0.93661346	0.626734215173
10317.000001405	325.651162791	4.98265524645	254.0	0.93456714	0.623714095851
10317.000010776	479.275862069	6.43191482421	399.0	0.97285684	0.744413482683
10317.000013965	565.384615385	5.22208356815	323.0	0.93404872	0.626495382452
10317.000003281	280.785714286	4.56309072563	197.0	0.9172633	0.598669601534
10317.000002272	541.818181818	4.68801040394	352.0	0.89142888	0.55417557766
10317.000002126	399.133333333	4.87525686505	316.0	0.90091708	0.587112908313
10317.000012202	458.411764706	4.87004449127	304.0	0.92769864	0.590456752115
10317.000001794	391.909090909	4.96379601431	327.0	0.90017206	0.594242639092
10317.000002276	521.0	5.19105789031	398.0	0.87087946	0.601051697669
10317.000009198	430.066666667	5.14675273266	335.0	0.9032514	0.613583944522
10317.000014594	351.96875	3.73433989957	224.0	0.74768566	0.478310508086
10317.000016737	726.150684932	6.091503736	493.0	0.95867926	0.680961598711
10317.000015605	510.936170213	5.49534077999	338.0	0.95033908	0.65413875079
10317.000009219	567.018518519	4.8203646067	371.0	0.86614264	0.564757947928
10317.000007005	241.12195122	3.54766202099	195.0	0.77068914	0.466347834874
10317.000006703	305.870967742	2.94465761451	209.0	0.67582948	0.382057922052
10317.000017746	358.322580645	4.8981592578	232.0	0.93019826	0.623335594834
10317.000026105	287.8	4.27226145624	202.0	0.89425042	0.557866737666
10317.000001301	280.717948718	3.31625256438	217.0	0.69502748	0.427266723502
10317.000009097	362.903225806	4.04470734081	245.0	0.80042166	0.509624777128
10317.000016414	465.121212121	4.52243115726	263.0	0.9045706	0.562567076902
10317.000003732	334.666666667	5.20566450748	281.0	0.93532572	0.639954718692
10317.000013814	324.243243243	4.08268705821	216.0	0.87632792	0.526466316509
10317.000018426	305.736842105	5.01710093307	251.0	0.92890406	0.629376343379
10317.000002132	542.467532468	5.01325609214	425.0	0.85768434	0.574169386587
10317.000003225	250.56097561	4.04728280647	213.0	0.85728896	0.523262411286
10317.000009392	257.875	2.74355534014	178.0	0.65384698	0.366994805991
10317.000009149	357.071428571	5.26006594921	291.0	0.93565714	0.642656818686
10317.000013912	324.913043478	4.06472839155	201.0	0.84021754	0.531264008612
10317.000007677	321.960784314	4.86307644928	260.0	0.92577472	0.606189664027
10317.000017208	393.142857143	5.32389587104	302.0	0.94613516	0.646228977514
10317.000013117	545.078431373	3.85516402759	346.0	0.70499134	0.457063894643
10317.000005026	265.055555556	3.79523550391	170.0	0.84916364	0.512219632709
10317.000009033	352.081081081	5.62892395435	273.0	0.95319274	0.695550830988
10317.000013524	736.246153846	6.33519877321	510.0	0.965008	0.704352882915
10317.000002274	198.447368421	3.84998921068	170.0	0.83562988	0.519609404317
10317.000008999	369.032258065	3.08980221601	225.0	0.66387302	0.395429836132
10317.000016761	447.014285714	5.12162736633	355.0	0.91782534	0.604558984701
10317.000004025	151.285714286	2.96190172525	116.0	0.76572948	0.431891212202
10317.000001128	354.872340426	5.44428455891	302.0	0.94012734	0.660842084259
10317.000003559	476.0	5.65372231268	359.0	0.95753216	0.666096708957
10317.000017117	239.526315789	3.00860447278	140.0	0.71732752	0.422006598087
10317.000014561	534.238095238	6.01156836096	397.0	0.95450718	0.696347932981
10317.000002056	445.875	6.08365545408	361.0	0.96398506	0.716073359871
10317.000002243	410.285714286	4.88068153182	266.0	0.90473008	0.605898250111
10317.000003189	453.1875	4.82643844865	319.0	0.89498872	0.580281233212
10317.000016315	377.25	3.2322015906	251.0	0.66765998	0.40546746922
10317.000011315	458.21875	5.62813054665	354.0	0.95077732	0.664666122361
10317.000013913	326.545454545	3.3959347765	197.0	0.75458606	0.445540762113
10317.000013498	460.517241379	4.07266515443	250.0	0.86850902	0.511269827162
10317.000002589	503.35	5.57844848837	370.0	0.9580946	0.653873996162
10317.000004086	575.304347826	6.5748553605	450.0	0.97431706	0.745974425489
10317.000013551	419.025	3.17612908228	258.0	0.67791394	0.396459740938
10317.000006766	408.166666667	5.6407154765	334.0	0.94919778	0.672818992622
10317.000011962	409.558139535	3.36375395595	265.0	0.72255086	0.41786549589
10317.000002199	226.451612903	4.11856443172	182.0	0.88195758	0.548571801587
10317.000010556	488.069767442	4.02465461495	302.0	0.77756556	0.488523536085
10317.000028914	438.081081081	4.73075137339	279.0	0.91497494	0.582309297438
10317.000038479	295.333333333	4.66360272288	226.0	0.91146108	0.596354986924
10317.000042999	527.318181818	6.07175489534	354.0	0.97054546	0.717056889274
10317.000041554	669.8125	6.26888996476	448.0	0.97151536	0.711778964314
10317.000037489	493.338235294	5.96895257223	383.0	0.96721788	0.695584786213
10317.000031493	373.222222222	5.23884185559	303.0	0.92508488	0.635536974725
10317.000039813	391.2	4.77466468167	282.0	0.8902429	0.586600474025
10317.000009455	358.483870968	5.09919736631	235.0	0.9392925	0.647392419886
10317.000023819	403.695652174	4.62017610531	285.0	0.86205072	0.566557836548
10317.000008950B	321.8	3.74070191177	236.0	0.78590602	0.474549194775
10317.000001067	154.75	2.02306279618	103.0	0.63634806	0.302559281638
10317.000009526	315.882352941	5.40985721741	257.0	0.95304808	0.675757048581
10317.000010876	268.193548387	5.0739446961	213.0	0.94042648	0.655996791764
10317.000001622	298.075	4.35384374329	223.0	0.89288018	0.558120703912
10317.000002271	321.0	3.45048075466	205.0	0.7806626	0.449311764592
10317.000002465	427.47826087	6.07367591398	372.0	0.96738002	0.711273328946
10317.000001747	303.875	4.30924699026	224.0	0.86683762	0.551947110549
10317.000002038	329.794117647	3.79694969435	212.0	0.83968718	0.491328775532
10317.000023378	410.571428571	4.61634644776	297.0	0.86526768	0.561987716799
10317.000010178	297.142857143	4.77408672838	256.0	0.89713894	0.596760841048
10317.000011259	332.3125	3.75141632742	247.0	0.74743796	0.471973201303
10317.000005025	295.256410256	4.30606725211	226.0	0.87655828	0.550635384792
10317.000001225	219.4375	2.3891805674	130.0	0.63264896	0.340224356088
10317.000015394	357.5	3.53136591131	179.0	0.83476968	0.47186702832
10317.000042586	558.22972973	6.33912186457	436.0	0.97185304	0.722968590733
10317.000001208	241.0	4.15102439156	184.0	0.89814632	0.551736586448
