	chao1	shannon	observed_otus	simpson	equitability
10317.000002503	224.217391304	5.24219757912	142.0	0.923126	0.733200418351
10317.000013618	310.176470588	6.40508477333	195.0	0.978196	0.841962227111
10317.000031796	394.033333333	6.17979290396	205.0	0.96612	0.804715009855
10317.000026504	294.75	5.72326136213	156.0	0.958502	0.785579325643
10317.000007104	221.142857143	5.44004870693	134.0	0.953334	0.769881126646
10317.000007077	209.8	5.54294834967	139.0	0.959672	0.778619782499
10317.000016408	458.730769231	6.30428699877	211.0	0.972102	0.816501231844
10317.000005802	177.5	4.48472372602	104.0	0.893768	0.66931782311
10317.000006952	279.136363636	5.74431913149	153.0	0.967374	0.791513318015
10317.000013023	287.571428571	5.76852103648	139.0	0.967746	0.810306052199
10317.000002645	255.857142857	4.56947348269	143.0	0.881792	0.638206088875
10317.000002027	292.037037037	5.75485238827	166.0	0.960196	0.780314795852
10317.000027353	367.529411765	6.23525387392	210.0	0.961062	0.808277861995
10317.000023798	336.5	5.75125594979	177.0	0.94669	0.770160650723
10317.000041962	350.888888889	6.1932766064	189.0	0.97331	0.81897356088
10317.000040352	238.066666667	4.10934454439	124.0	0.764382	0.590915809819
10317.000028811	235.285714286	4.73191581418	130.0	0.912688	0.673834800478
10317.000027772	346.434782609	6.71926292653	230.0	0.981194	0.856449104249
10317.000027617	271.12	5.25937685239	151.0	0.931506	0.726593364393
10317.000039924	204.44	5.46782354293	136.0	0.957638	0.771478265975
10317.000039952	106.25	4.35230945703	77.0	0.897684	0.694504181492
10317.000026028	479.076923077	5.91692625644	171.0	0.968064	0.797660272238
10317.000001441	247.076923077	4.83895383487	146.0	0.890128	0.673028082291
10317.000016347	307.034482759	5.95905674246	181.0	0.95816	0.794557225866
10317.000001595	253.277777778	6.01912268454	172.0	0.969706	0.810518192303
10317.000002146	342.882352941	5.74088572633	157.0	0.962376	0.787002631659
10317.000012158	303.87804878	6.30440362254	204.0	0.970878	0.821696313948
10317.000014313	140.0	3.92263055222	77.0	0.861366	0.625939710369
10317.000007749	192.416666667	5.43524698922	135.0	0.945574	0.76803569553
10317.000018083	210.428571429	4.71973880153	112.0	0.908028	0.693329326232
10317.000017335	244.666666667	5.63293170174	150.0	0.963986	0.779232671743
10317.000002578	203.166666667	5.78596488213	139.0	0.966716	0.81275639495
10317.000007719	268.1875	5.00184185507	130.0	0.929294	0.712272838485
10317.000009676	205.1	4.24474419508	97.0	0.837468	0.643151553146
10317.000006716	352.275862069	5.73793139503	185.0	0.954682	0.761869708116
10317.000006802	310.555555556	5.60900477464	172.0	0.94051	0.755292863897
10317.000002898	270.434782609	5.56456509586	153.0	0.956864	0.766744897265
10317.000001647	257.043478261	5.55949089668	149.0	0.94885	0.770101277027
10317.000002878	212.617647059	5.4058485127	157.0	0.926094	0.74107327835
10317.000009527	216.0	5.30643903117	129.0	0.943834	0.756848813745
10317.000017667	260.043478261	5.7477021203	152.0	0.964182	0.793013190273
10317.000009213	234.157894737	5.44797226876	141.0	0.949504	0.763069274224
10317.000031434	224.12	4.93460632337	133.0	0.914354	0.699420096713
10317.000027217	280.214285714	4.41050031594	127.0	0.81879	0.631091616465
10317.000001546	274.757575758	6.26136788185	179.0	0.977516	0.836654464541
10317.000009074	276.136363636	5.75933365003	150.0	0.967536	0.796718509153
10317.000027277	362.454545455	5.17716777571	168.0	0.91724	0.700344354769
10317.000001333	91.5454545455	4.19330744973	62.0	0.905538	0.704260865974
10317.000023984	326.64	5.67530407111	170.0	0.952774	0.765960943352
10317.000021327	244.555555556	4.98060288151	129.0	0.926968	0.710375330889
10317.000028933	282.724137931	5.86560096519	171.0	0.959622	0.79074111455
10317.000015568	299.5	5.81715987922	163.0	0.963372	0.79158730016
10317.000006944	291.066666667	2.64960099771	111.0	0.54199	0.389967445301
10317.000002028	294.833333333	5.3406714599	173.0	0.906904	0.718350843698
10317.000003896	322.157894737	5.75812237074	160.0	0.958184	0.786421594985
10317.000011025	301.625	6.11591662891	182.0	0.972998	0.814608939377
10317.000017293	381.434782609	5.7284508866	179.0	0.956418	0.765445202968
10317.000031284	114.333333333	3.62463810204	73.0	0.809658	0.585580102887
10317.000020034	301.923076923	5.80790570525	185.0	0.9592	0.771160740656
10317.000037584	226.607142857	5.72263019377	150.0	0.96434	0.791641129593
10317.000031847	241.6	5.24627122822	145.0	0.9333	0.730687695686
10317.000013935	322.2	5.88943242439	176.0	0.963944	0.789528307984
10317.000014019	290.857142857	6.03753662113	178.0	0.968138	0.807617965097
10317.000023052	180.75	5.13969757837	117.0	0.93845	0.748096758782
10317.000015385	276.785714286	6.18217654178	175.0	0.973696	0.829687476169
10317.000017354	292.073170732	6.5076173059	205.0	0.976954	0.847403368663
10317.000023475	330.857142857	6.34481141829	191.0	0.976528	0.837330387692
10317.000003475	378.9375	5.6139647169	195.0	0.940732	0.737967787037
10317.000017269	260.533333333	5.42802243709	163.0	0.934104	0.738634267477
10317.000014801	263.583333333	5.32237798812	121.0	0.950368	0.769256134367
10317.000009716	400.117647059	6.37761898884	214.0	0.975556	0.823825639254
10317.000013155	325.5	5.49803080444	168.0	0.939786	0.743749285913
10317.000015604	169.384615385	5.41997190045	126.0	0.953486	0.776802989112
10317.000009236	230.5	5.43725314501	150.0	0.933758	0.752163441609
10317.000041289	328.875	5.3234765657	162.0	0.933064	0.725284108478
10317.000030735	263.256410256	5.95812501915	176.0	0.964598	0.798737132232
10317.000022541	218.052631579	4.97887441078	128.0	0.904022	0.711267772968
10317.000034132	138.117647059	3.31037073656	85.0	0.77511	0.516487567936
10317.000026633	249.823529412	5.63555041668	166.0	0.950994	0.764138343821
10317.000028715	142.588235294	4.74511468995	99.0	0.912256	0.715773032269
10317.000026126	162.882352941	4.31266326403	102.0	0.89281	0.646341179256
10317.000033665	234.555555556	4.5373137972	119.0	0.877374	0.658075956894
10317.000028755	298.903225806	5.88007314817	181.0	0.956672	0.784025863558
10317.000026501	141.714285714	5.29903810625	115.0	0.933964	0.774091857093
10317.000016485	193.176470588	4.23976718871	109.0	0.840792	0.626426081984
10317.000001001	146.4	4.27898463651	97.0	0.869898	0.648339567328
10317.000013049	327.157894737	5.8782252908	165.0	0.961408	0.797986446945
10317.000002334	267.25	5.68955017747	160.0	0.96024	0.777056275853
10317.000006797	162.04	4.61259743585	115.0	0.900414	0.673815519638
10317.000013156	332.103448276	6.39672700168	194.0	0.976506	0.841684258032
10317.000001529	368.454545455	5.93967500628	174.0	0.967752	0.7980276902
10317.000002418b	329.323529412	6.22517540629	198.0	0.97148	0.815950245386
10317.000005849	110.1875	3.89475071541	83.0	0.818648	0.610937509855
10317.000003282	192.076923077	4.37577621769	124.0	0.868922	0.629228169925
10317.000011341	248.307692308	5.52555755906	150.0	0.956252	0.764379049418
10317.000013355	371.620689655	6.05370539765	194.0	0.964544	0.796549318835
10317.000006794	241.916666667	5.30883603427	147.0	0.933118	0.737371894164
10317.000009593	290.730769231	4.83824659598	163.0	0.84861	0.658378769012
10317.000028723	253.625	5.39211119029	153.0	0.942078	0.742982365993
10317.000002774	212.588235294	4.43247942152	122.0	0.841742	0.639539374475
10317.000001531	236.9	6.0644260516	173.0	0.967208	0.815699973949
10317.000018027	283.965517241	6.1449090982	175.0	0.974284	0.824685947825
10317.000001399	229.8	5.06342619802	129.0	0.936776	0.722188286524
10317.000001948	226.545454545	4.91129934537	106.0	0.92977	0.729987724817
10317.000001032	252.066666667	5.32149105681	126.0	0.952434	0.762688485363
10317.000016697	319.902439024	6.6553002848	211.0	0.983202	0.861962801169
10317.000011162	267.24	4.19381069721	144.0	0.778578	0.584916954691
10317.000005999	201.291666667	4.68076385704	130.0	0.903936	0.666550653806
10317.000001362	366.25	6.23051331811	188.0	0.973912	0.824732283972
10317.000010947	244.235294118	5.52912704616	133.0	0.960372	0.783686138252
10317.000002851	252.714285714	5.25363734035	141.0	0.936616	0.735849786778
10317.000035452	271.307692308	6.24584906616	173.0	0.974938	0.840102406593
10317.000005928	348.6875	5.90942171634	194.0	0.949718	0.777564406205
10317.000027807	361.75	6.10332944604	192.0	0.96853	0.804661782502
10317.000031313	344.03030303	6.14185453668	200.0	0.967004	0.803502104722
10317.000014458	305.75	5.18682233866	127.0	0.940344	0.742174324802
10317.000016759	271.972972973	5.85328707361	180.0	0.955874	0.781286952419
10317.000014308	268.25	5.86368138139	176.0	0.957422	0.786076162525
10317.000010546	182.0	4.22824350119	97.0	0.87807	0.640651414995
10317.000015305	290.024390244	6.48688854712	205.0	0.975574	0.844704128804
10317.000014295	178.714285714	4.89682591495	118.0	0.915542	0.711474629706
10317.000011055	304.692307692	5.89786854961	195.0	0.953172	0.775287559021
10317.000002818	284.0	3.60312143811	123.0	0.685838	0.518993721272
10317.000009667	218.055555556	4.60831672394	113.0	0.906978	0.675688533884
10317.000012254	266.652173913	5.11280495441	146.0	0.921232	0.711116789087
10317.000026037	370.1	6.06796892836	195.0	0.966686	0.797647621189
10317.000007037	232.322580645	5.62172820836	161.0	0.934522	0.766851991617
10317.000015594	297.375	6.31971723909	195.0	0.97773	0.830740480358
10317.000004286	229.303030303	5.4475941895	154.0	0.947984	0.749656558506
10317.000001351	203.357142857	4.99479312857	138.0	0.912244	0.702648370832
10317.000010115	224.081081081	5.35770101284	155.0	0.93385	0.736339940663
10317.000010981	247.689655172	5.88741228894	162.0	0.964382	0.80211615859
10317.000013028	365.176470588	5.80160299362	165.0	0.959174	0.787584743768
10317.000017095	311.869565217	6.05651066063	171.0	0.972024	0.816477632641
10317.000011048	259.090909091	6.07321115231	175.0	0.97009	0.815063626726
10317.000002079	231.647058824	5.12419264248	124.0	0.94686	0.736849006524
10317.000014937	263.823529412	6.16460801557	180.0	0.971058	0.822841550189
10317.000013653	205.866666667	4.75169681508	114.0	0.909912	0.695415381373
10317.000021178	229.090909091	5.5459352763	158.0	0.947142	0.759323899158
10317.000006741	281.037037037	5.60700613625	164.0	0.952872	0.762074958183
10317.000014548	327.291666667	5.82129989417	175.0	0.959254	0.781255531054
10317.000013215	318.777777778	5.88875369389	177.0	0.96058	0.788573211908
10317.000010867	372.666666667	5.6808127206	160.0	0.96245	0.775862948527
10317.000026613	263.5	5.63924535674	159.0	0.958456	0.771138467718
10317.000006909	303.903225806	6.05000779169	186.0	0.96586	0.802477828532
10317.000011163	220.913043478	5.01966770681	136.0	0.90751	0.708246070455
10317.000012276	308.576923077	5.69217210129	168.0	0.952002	0.770011861741
10317.000015003	256.636363636	5.26400232638	150.0	0.91628	0.728196756864
10317.000001613	279.111111111	5.65341395959	165.0	0.955214	0.767467644663
10317.000006029	230.090909091	5.72217134504	159.0	0.95752	0.78247817995
10317.000005024	361.730769231	5.95638268453	190.0	0.957744	0.786855521785
10317.000026632	302.730769231	6.10362869715	175.0	0.972174	0.819145855022
10317.000033799	118.1875	5.06412446525	91.0	0.95332	0.778162917737
10317.000029152	203.8125	4.0617275154	111.0	0.786758	0.597803784062
10317.000022999	201.8	5.19106107845	122.0	0.939008	0.748991171591
10317.000037575	398.689655172	6.5551289377	214.0	0.978652	0.846755395226
10317.000027681	277.777777778	6.1221384009	175.0	0.96871	0.821629975183
10317.000021296	322.193548387	6.14380712256	193.0	0.96893	0.809198799862
10317.000028712	287.565217391	5.4441122501	157.0	0.946102	0.746318751516
10317.000027363	302.791666667	5.55841440499	161.0	0.950828	0.758215445272
10317.000033801	265.454545455	5.41230131802	146.0	0.940328	0.752772376252
10317.000011225	310.954545455	5.68732324418	160.0	0.95881	0.776752130104
10317.000011409	253.352941176	5.05861007363	131.0	0.933842	0.719224490341
10317.000009475	213.055555556	4.71526815289	118.0	0.900814	0.685095554001
10317.000012928	188.0	5.45917196572	135.0	0.950726	0.771416450076
10317.000028841	262.5	5.75595504512	156.0	0.964862	0.79006688611
10317.000017357	329.15	5.62794677732	159.0	0.95227	0.769593443753
10317.000014534	189.941176471	5.3865567184	143.0	0.948458	0.752325909926
10317.000016715	311.956521739	6.33449539064	178.0	0.9785	0.847340993246
10317.000008954A	250.130434783	5.69510273091	154.0	0.954324	0.783716805086
10317.000015912	244.1875	5.0899446336	126.0	0.932596	0.729502713006
10317.000016725	261.137931034	6.23326306567	168.0	0.978784	0.84320825381
10317.000018358	273.214285714	4.53541441318	120.0	0.867868	0.656650680997
10317.000010102	313.2	5.37982395232	138.0	0.95424	0.756813032722
10317.000018415	256.260869565	5.35136001115	142.0	0.949948	0.74846843136
10317.000008949B	280.24137931	5.94057387775	174.0	0.962734	0.798148458477
10317.000010869	309.0	5.8844661122	166.0	0.956816	0.797889444114
10317.000014571	376.807692308	6.27349720024	194.0	0.975772	0.825469624522
10317.000011949	240.214285714	4.86130427468	118.0	0.90933	0.706313583287
10317.000010827	249.043478261	5.68966628465	150.0	0.960802	0.787081060995
10317.000014162	395.214285714	5.65132588992	158.0	0.957568	0.773753496274
10317.000010821	205.875	5.25231979105	123.0	0.931474	0.756544302069
10317.000016736	362.681818182	5.54077604541	164.0	0.952756	0.753073310516
10317.000001929	234.916666667	5.42193905141	140.0	0.949988	0.760516736188
10317.000003196	341.322580645	5.88081298939	188.0	0.957076	0.778442494337
10317.000028833	95.1666666667	3.78013477195	53.0	0.876768	0.659948894531
10317.000004291	388.789473684	6.12214544481	178.0	0.973412	0.818935760797
10317.000035347	241.441176471	5.87578366919	162.0	0.968262	0.800531845594
10317.000031035	207.0	4.74673413748	123.0	0.883404	0.683719729189
10317.000016765	278.516129032	5.93073615158	174.0	0.961728	0.796826706382
10317.000004918	291.565217391	5.79231910388	161.0	0.964158	0.790122054333
10317.000001347	321.8	5.80085459368	186.0	0.95452	0.769429950877
10317.000005938	375.789473684	5.37194393525	165.0	0.935808	0.729257257423
10317.000003982	217.285714286	4.90638114401	143.0	0.880866	0.685261077082
10317.000001934	264.785714286	5.32482848033	163.0	0.916058	0.724591843456
10317.000015355	236.46875	5.73278625151	161.0	0.952444	0.782001262164
10317.000002418a	304.222222222	6.12848984803	172.0	0.975394	0.825245268039
10317.000026083	301.884615385	5.52880412417	171.0	0.933096	0.745337564082
10317.000016741	206.956521739	5.24367815192	130.0	0.94368	0.746710837645
10317.000009476	190.142857143	4.60293755291	122.0	0.886888	0.664133890626
10317.000003729	275.7	5.45307013531	165.0	0.942956	0.740270378719
10317.000017219	358.7	6.21824192424	197.0	0.972628	0.815822572653
10317.000003366	221.333333333	4.32590934778	124.0	0.891794	0.622057410332
10317.000004283	131.111111111	3.10671773854	65.0	0.752474	0.515863167942
10317.000003473	316.675675676	6.27692477762	206.0	0.969532	0.816616710742
10317.000016734	268.9375	5.47420922643	160.0	0.952382	0.747645859873
10317.000007068	141.3125	4.77104810284	95.0	0.930816	0.726202885918
10317.000011342	267.294117647	5.72322499436	172.0	0.946478	0.770673438587
10317.000026056	170.588235294	4.73488347188	107.0	0.919496	0.702352096574
10317.000012209	271.24137931	5.67818029234	165.0	0.952016	0.77082974749
10317.000016355	323.869565217	6.32765920521	183.0	0.977518	0.841925481507
10317.000015185	204.75	5.02611733258	131.0	0.916924	0.714604728236
10317.000003028	247.772727273	4.9987422222	138.0	0.912186	0.703203914202
10317.000012985	360.903225806	6.03555828281	198.0	0.960586	0.791096626278
10317.000016755	315.222222222	5.92010643918	183.0	0.944636	0.787698626418
10317.000014327	229.125	5.38319815198	137.0	0.95356	0.758407131592
10317.000013249	165.0	5.16046770728	118.0	0.945528	0.749779942134
10317.000008950A	164.833333333	3.53207898737	86.0	0.784148	0.549631725767
10317.000016716	248.047619048	5.8374081176	149.0	0.96842	0.808598400363
10317.000022662	313.0	5.75606648536	159.0	0.959832	0.78711317008
10317.000022443	323.0	5.11363142221	143.0	0.934068	0.714207166817
10317.000017074	240.307692308	5.19005061702	142.0	0.941226	0.72590687898
10317.000002511	248.884615385	4.83656409005	145.0	0.896138	0.673624697669
10317.000013821	221.0	4.86389071413	125.0	0.926464	0.698254570536
10317.000004819	154.8125	4.80093234656	101.0	0.920852	0.721054349053
10317.000003594	283.315789474	5.44411764064	145.0	0.951992	0.758243255227
10317.000001391	145.75	3.80948828786	94.0	0.826122	0.581194087693
10317.000017075	289.666666667	4.66104346878	124.0	0.888338	0.670249049746
10317.000010834	267.434782609	5.47531040974	150.0	0.939924	0.757428100519
10317.000014303	253.75	5.86728049235	156.0	0.967936	0.805347503966
10317.000015265	279.05	5.55697491933	144.0	0.95954	0.775039476454
10317.000003193	135.625	4.74295448972	94.0	0.920516	0.723608237992
10317.000014933	143.117647059	4.06416144473	90.0	0.863692	0.626040266843
10317.000013619	430.869565217	6.37584781205	198.0	0.976936	0.835699277088
10317.000005015	278.526315789	5.71915496697	144.0	0.966668	0.797658966561
10317.000022925	143.352941176	4.99801845097	102.0	0.940032	0.749055732334
10317.000003439	215.217391304	5.08096979129	133.0	0.938558	0.720165328283
10317.000016735	274.78125	5.89632037551	171.0	0.966052	0.794882395366
10317.000011168	246.615384615	5.77099299952	159.0	0.960162	0.789154295892
10317.000004972	256.833333333	6.15880916986	174.0	0.972046	0.82746955869
10317.000009382	226.12	5.78978496481	148.0	0.967612	0.803082379645
10317.000006001	143.043478261	4.28654493743	100.0	0.890902	0.645189301963
10317.000027308	256.076923077	5.50077345579	155.0	0.927836	0.756003216741
10317.000003895	276.516129032	5.87770543085	172.0	0.963768	0.791475341237
10317.000001322	151.526315789	4.85405816352	104.0	0.934094	0.724438748457
10317.000002019	271.789473684	5.39505838906	141.0	0.947984	0.755657901003
10317.000026106	234.636363636	5.35829658066	143.0	0.933858	0.748378892388
10317.000008957B	294.111111111	6.16289098364	180.0	0.971792	0.822612363643
10317.000001047	223.230769231	4.64176021862	109.0	0.902532	0.68582059765
10317.000017071	251.555555556	4.49641379849	125.0	0.852308	0.645500006136
10317.000015262	234.5	5.25520165718	134.0	0.945074	0.743721387535
10317.000003981	341.5	5.19720032729	144.0	0.943468	0.724861184217
10317.000014334	380.941176471	6.23790795922	211.0	0.970428	0.807904134731
10317.000011378	300.391304348	5.42320598072	156.0	0.95015	0.744393489584
10317.000016718	261.130434783	5.81124609204	150.0	0.968016	0.803899826632
10317.000016714	277.037037037	6.374049209	177.0	0.97892	0.853559975316
10317.000007748	229.636363636	5.08689652048	138.0	0.926696	0.715605123315
10317.000007073	370.105263158	5.65248320646	164.0	0.959384	0.768255963793
10317.000001247	330.272727273	6.3596953373	183.0	0.978554	0.846188042915
10317.000002036	213.647058824	4.79624321863	113.0	0.926634	0.703243015331
10317.000016742	458.0	5.46295549766	167.0	0.945352	0.739866506196
10317.000015627	336.555555556	5.76461926671	161.0	0.958802	0.786343558733
10317.000012112	211.5	5.5463075964	129.0	0.9596	0.791060879122
10317.000002437	239.25	4.82563124294	132.0	0.920388	0.685031410959
10317.000003731	331.888888889	5.41693747611	170.0	0.946656	0.73109079043
10317.000013171	271.0625	5.26079442476	137.0	0.933716	0.741162390261
10317.000001487	233.888888889	5.66154147639	152.0	0.961208	0.781125565327
10317.000014306	219.565217391	5.13157236828	140.0	0.928718	0.719788000572
10317.000002064	240.176470588	5.85472111161	165.0	0.963648	0.794795685191
10317.000003492	222.285714286	5.16898687794	148.0	0.913628	0.716973481316
10317.000002336	229.913043478	5.18937214654	145.0	0.908174	0.722762932159
10317.000006074	207.8	5.47225019605	128.0	0.960932	0.781750028007
10317.000012061	229.473684211	4.52221825597	120.0	0.89518	0.65474010242
10317.000016756	287.451612903	5.92331473728	175.0	0.964476	0.794946572896
10317.000011018	449.217391304	5.97787538495	198.0	0.960896	0.78353597592
10317.000015261	230.275862069	5.56716536981	147.0	0.95821	0.773252601391
10317.000013458	316.045454545	6.12099063808	176.0	0.97	0.820570648142
10317.000041935	225.789473684	4.14051771116	123.0	0.80963	0.596400296748
10317.000033721	221.096774194	5.95614492266	154.0	0.96838	0.819639449887
10317.000031491	319.636363636	6.32853954713	176.0	0.978802	0.848394337622
10317.000017671	242.0	5.14042121512	120.0	0.943076	0.744245350923
10317.000036943	232.2	5.68683457589	149.0	0.96004	0.787740937168
10317.000036102	330.157894737	6.00475108776	168.0	0.968004	0.812296164293
10317.000028894	225.772727273	5.17558215423	137.0	0.939436	0.72915733456
10317.000040401	245.8	5.6417476889	145.0	0.958564	0.7857686801
10317.000040358	199.391304348	5.48225398557	130.0	0.954672	0.780684539964
10317.000031506	254.137931034	5.79884581427	166.0	0.9542	0.786279974263
10317.000016446	328.517241379	5.6963207759	181.0	0.943616	0.759525043803
10317.000028793	277.4	5.25435248042	130.0	0.946244	0.748230884556
10317.000042026	339.5	6.23659855828	190.0	0.97185	0.823872855833
10317.000037582	261.166666667	5.56551646503	142.0	0.955876	0.778421442326
10317.000029202	192.1	4.42997024991	127.0	0.861822	0.633877538973
10317.000022618	298.161290323	6.04343042138	183.0	0.965886	0.804107475207
10317.000021229	169.3	3.18786855088	79.0	0.711342	0.505707396597
10317.000034121	137.8	4.43459346496	85.0	0.912252	0.691889995343
10317.000036071	205.4	4.63905147598	110.0	0.902512	0.684088688988
10317.000036166	199.193548387	5.61929792067	144.0	0.961442	0.783731757242
10317.000031593	190.5625	4.6664092168	114.0	0.876654	0.682933459653
10317.000012263	174.571428571	4.52862944306	94.0	0.918518	0.690909764981
10317.000034194	413.956521739	5.83488502759	190.0	0.94784	0.770805327008
10317.000036131	250.4	5.71766935317	151.0	0.960644	0.789907384165
10317.000002347	157.0	4.74228886851	115.0	0.918938	0.692761048985
10317.000016767	340.0	5.9174795034	179.0	0.964192	0.790703523379
10317.000036109	154.363636364	4.03199246433	87.0	0.826722	0.625799755489
10317.000004973	259.71875	6.10847458648	173.0	0.969144	0.821624753712
10317.000040395	252.5	5.221579079	143.0	0.940522	0.72928392612
10317.000031379	261.541666667	5.66042464925	158.0	0.950768	0.774999256469
10317.000004737	299.0	5.46875025922	170.0	0.927904	0.738083643629
10317.000006666	236.894736842	4.73299686329	124.0	0.91439	0.680595808925
10317.000003969	156.12	4.82308519324	111.0	0.931126	0.709860168719
10317.000001749	302.103448276	6.00349354838	179.0	0.96372	0.802196864148
10317.000009507	298.0	6.17575541216	178.0	0.975174	0.826106959162
10317.000017356	244.769230769	3.91390799591	104.0	0.806034	0.584127036515
10317.000040348	304.5	5.72038173912	168.0	0.954714	0.773827936756
10317.000026595	234.193548387	5.93825718208	165.0	0.963478	0.806135953514
10317.000012335	251.037037037	5.322334097	151.0	0.936996	0.735291032855
10317.000022554	286.774193548	6.07132576635	177.0	0.970172	0.813021754514
10317.000003718	335.344827586	6.13141553037	191.0	0.968906	0.809168343184
10317.000006113	248.043478261	5.02744360919	140.0	0.913622	0.705182217797
10317.000006662	272.884615385	5.99605023717	169.0	0.96931	0.810180774973
10317.000013756	334.558823529	6.37922006757	206.0	0.972308	0.82992514539
10317.000001216	465.166666667	5.94875154766	179.0	0.966388	0.794882146316
10317.000010945	332.44	5.1103500265	165.0	0.912382	0.693745111586
10317.000016722	279.625	5.98297331986	164.0	0.96968	0.81317445206
10317.000016358	198.136363636	4.72397680129	123.0	0.913816	0.680441761794
10317.000035392	321.0	5.83729067053	159.0	0.967466	0.798220169286
10317.000043118	331.0	6.21390134887	193.0	0.971474	0.818430887178
10317.000006685	125.0	4.63743504097	92.0	0.916194	0.710874683525
10317.000005992	251.3	4.30297440994	134.0	0.829726	0.608961236401
10317.000012947	328.12	5.76895531855	175.0	0.958808	0.774230555539
10317.000012122	309.954545455	5.51413903409	159.0	0.948996	0.754030806702
10317.000004758	219.0	5.41554076025	135.0	0.949496	0.765251077406
10317.000042014	372.081081081	6.33353997068	213.0	0.974072	0.818846509004
10317.000014612	301.37037037	5.83337088703	166.0	0.967734	0.790961315032
10317.000027267	286.529411765	6.06222246557	184.0	0.967086	0.805764942321
10317.000006625	195.555555556	4.84243869008	119.0	0.917502	0.702330192953
10317.000008951B	174.3	4.07544939046	84.0	0.879066	0.637554289143
10317.000006778	390.285714286	6.27601054352	199.0	0.97532	0.821830436268
10317.000012971	299.5625	6.13998934311	188.0	0.970012	0.8127496365
10317.000017652	372.090909091	6.49334796967	216.0	0.975542	0.837323296806
10317.000015254	305.6	5.8891603104	178.0	0.962468	0.787770238838
10317.000001438	224.666666667	5.67287381489	150.0	0.962028	0.784758071515
10317.000006803	224.75	5.67249068316	155.0	0.959976	0.779603311765
10317.000013299	263.294117647	5.62853312563	168.0	0.953616	0.761403062629
10317.000036039	205.4	5.03007158572	117.0	0.927206	0.732140401714
10317.000011026	288.375	5.63048148779	146.0	0.95304	0.783118063824
10317.000012993	330.136363636	5.66953446596	164.0	0.960224	0.770573481833
10317.000009218	299.884615385	5.75331891281	169.0	0.957978	0.777383142415
10317.000009419	291.913043478	5.89967887657	168.0	0.960106	0.798082460365
10317.000010693	362.333333333	6.10449123515	194.0	0.969594	0.803231742509
10317.000008951A	124.769230769	3.87651421325	79.0	0.857962	0.614950672955
10317.000001669	356.4	5.03093585295	135.0	0.931656	0.710903906419
10317.000036068	265.333333333	5.40601246715	147.0	0.943432	0.750869235185
10317.000042981	275.387096774	6.02941894381	176.0	0.96644	0.808294686789
10317.000004075	364.136363636	5.98473986638	178.0	0.962728	0.800555547044
10317.000028776	424.525	6.52199533273	240.0	0.974064	0.82484957315
10317.000004011	195.4375	4.58856550243	106.0	0.913514	0.682018393858
10317.000004285	265.777777778	5.93294681061	178.0	0.964354	0.793627389928
10317.000011964	357.03030303	6.16093351247	204.0	0.968484	0.802996867074
10317.000012011	327.25	5.98376419972	181.0	0.965432	0.797851621195
10317.000026116	214.0	4.8164461615	115.0	0.905394	0.703594063487
10317.000015607	261.6	5.97268587202	165.0	0.964792	0.810809749873
10317.000011031	241.44	5.41226569845	153.0	0.933906	0.74575946825
10317.000018035	336.0	6.09528241545	195.0	0.955296	0.801238038059
10317.000022498	327.565217391	6.09724384201	176.0	0.969026	0.817387188962
10317.000018398	177.0	5.51119142604	130.0	0.9552	0.78480529257
10317.000023929	324.8	5.22682198912	189.0	0.87546	0.69117355619
10317.000009558	205.034482759	5.35061533094	144.0	0.941816	0.746258200729
10317.000012391	338.794117647	6.26879812166	199.0	0.974326	0.820885984731
10317.000040145	187.75	6.17908335804	151.0	0.979166	0.85365264593
10317.000002051	267.24	5.57075279438	165.0	0.929048	0.756246147312
10317.000016726	383.125	6.48205525706	201.0	0.977872	0.847211013426
10317.000005927	281.6	5.56673842695	182.0	0.928566	0.741461200489
10317.000018369	230.333333333	5.69533526083	161.0	0.94621	0.77689262551
10317.000002191	338.170731707	6.36927499438	215.0	0.973002	0.822033617132
10317.000013539	294.451612903	5.96305874121	182.0	0.963956	0.794249047421
10317.000026622	342.659574468	6.15824924742	222.0	0.962416	0.790084767481
10317.000004289	288.0	5.93489033959	180.0	0.95562	0.792179219652
10317.000014543	246.166666667	4.43271660863	127.0	0.887474	0.634270511163
10317.000018025	208.315789474	5.48977978967	133.0	0.950646	0.778109145858
10317.000011073	277.0	5.56984874525	163.0	0.95265	0.757933703405
10317.000001111	211.954545455	4.74097683736	126.0	0.890394	0.67948783614
10317.000013053	130.285714286	4.01234383606	95.0	0.85634	0.61072024642
10317.000010225	349.657894737	6.77189693363	222.0	0.984208	0.868813911106
10317.000003226	312.675675676	6.12034996006	192.0	0.96907	0.806905763803
10317.000013167	248.171428571	5.95079257184	171.0	0.966168	0.802225787032
10317.000018299	226.789473684	4.65406094124	124.0	0.901464	0.669244975769
10317.000010879	237.5	4.98937724145	137.0	0.915022	0.702924019382
10317.000013685	316.791666667	5.83071922573	175.0	0.957022	0.782519665356
10317.000020032	213.034482759	5.87622678555	152.0	0.967576	0.810745799354
10317.000013055	270.111111111	5.14840231405	156.0	0.918478	0.706673723617
10317.000003579	287.0	5.74582562041	182.0	0.943546	0.765314702356
10317.000001284	224.0	4.62954547327	128.0	0.868728	0.661363639038
10317.000013684	239.027777778	5.74140878756	164.0	0.960818	0.780342263834
10317.000006665	300.129032258	6.59389311258	193.0	0.98351	0.868479476435
10317.000002638	335.882352941	5.54703011888	150.0	0.957762	0.767349460041
10317.000002443	345.794117647	6.36871452884	206.0	0.975544	0.828558393552
10317.000017349	391.15625	6.75389931362	227.0	0.98115	0.862947354711
10317.000005814	233.027777778	5.92322867102	164.0	0.968626	0.805054271761
10317.000001482	196.714285714	4.41560977369	118.0	0.879876	0.641557282867
10317.000020071	339.473684211	5.79794833939	156.0	0.965692	0.795830918488
10317.000004026	309.222222222	5.92032313662	177.0	0.957876	0.792800730691
10317.000013134	378.875	5.99430938867	161.0	0.97348	0.817675263318
10317.000004822	256.441176471	5.98745800437	177.0	0.965938	0.801790877171
10317.000009101	322.117647059	6.48882704908	199.0	0.980288	0.849698311951
10317.000013159	313.5	6.00019586349	180.0	0.96632	0.800896091573
10317.000018073	253.416666667	5.66359857283	170.0	0.954486	0.764381124123
10317.000021267	206.777777778	5.16086081479	139.0	0.930912	0.72494782048
10317.000016772	329.53125	6.10109034082	190.0	0.970564	0.805971825157
10317.000009596	337.5	5.60294879429	142.0	0.957706	0.783656918299
10317.000009003	255.275862069	5.44146460812	157.0	0.931256	0.745955793377
10317.000006635	290.0	5.25004986803	171.0	0.915644	0.707758729025
10317.000017265	340.555555556	5.69345279608	165.0	0.951248	0.772903034986
10317.000001734	292.9375	6.11905380243	184.0	0.96974	0.81331872299
10317.000001286	313.476190476	5.44082928329	163.0	0.935902	0.740376997094
10317.000014397	287.636363636	6.15612530682	182.0	0.972486	0.819964530444
10317.000010746	157.4	4.47222002518	100.0	0.906116	0.673136187393
10317.000010873	230.0	5.10900130339	137.0	0.923122	0.719777150015
10317.000016731	368.7	6.05815557362	197.0	0.96175	0.794819520665
10317.000016458	380.774193548	6.33609445959	208.0	0.969242	0.822822422032
10317.000009174	294.125	5.96750256964	169.0	0.966564	0.80632344048
10317.000004719	252.171428571	5.8336606818	175.0	0.958002	0.7829144275
10317.000018345	281.0625	5.45193544884	147.0	0.942612	0.757247717357
10317.000013222	221.64	5.13945033792	141.0	0.923818	0.719856204437
10317.000003809	243.5	5.7831519095	163.0	0.959272	0.78695956472
10317.000004847	189.352941176	5.18450325564	123.0	0.93451	0.746776006251
10317.000002261	278.833333333	5.97901036708	182.0	0.962288	0.796373722727
10317.000014134	180.25	5.26168643163	125.0	0.943046	0.755361667346
10317.000016729	298.0	6.36271147641	193.0	0.97695	0.838030619756
10317.000014877	318.272727273	5.93742237312	171.0	0.963754	0.800423351799
10317.000001652	244.615384615	6.02999005298	157.0	0.972366	0.826635168648
10317.000017083	312.142857143	5.57714579086	154.0	0.959632	0.767484466432
10317.000002606	233.903225806	5.35136723863	156.0	0.921564	0.734532847723
10317.000011357	385.666666667	5.89807355243	173.0	0.966438	0.793324611781
10317.000004813	257.027777778	6.02861593597	182.0	0.964198	0.802980931803
10317.000013453	200.9	5.24193464866	132.0	0.929408	0.744128531119
10317.000016768	328.857142857	6.22545484075	189.0	0.972656	0.823228678944
10317.000013174	180.25	3.8747004779	94.0	0.807652	0.591143177029
10317.000016166	237.884615385	5.21464145949	145.0	0.925124	0.726282379639
10317.000003595	331.473684211	4.4342790706	148.0	0.866304	0.615064533428
10317.000012184	280.5	6.01838843726	174.0	0.966602	0.8086032684
10317.000011358	363.322580645	6.61054822178	210.0	0.981892	0.856927382807
10317.000013471	349.676470588	6.061402716	207.0	0.961368	0.787861570376
10317.000001436	368.576923077	5.84020373407	182.0	0.957556	0.777885386315
10317.000009385	616.058823529	6.36604973139	210.0	0.975172	0.825232968904
10317.000006053	265.625	5.10227008336	150.0	0.9187	0.705823496455
10317.000002185	246.4	5.31008233768	147.0	0.934596	0.737544999737
10317.000016488	176.5	4.12681196395	94.0	0.841792	0.629606533276
10317.000001516	219.75	4.75784337279	120.0	0.881998	0.688854602072
10317.000011352	263.416666667	6.03114725417	180.0	0.962178	0.805027431348
10317.000004009	332.473684211	5.34554624065	149.0	0.944556	0.74046564026
10317.000013801	233.047619048	5.43651145691	143.0	0.949806	0.759302954088
10317.000003996	379.451612903	6.18004336919	210.0	0.96099	0.801120907423
10317.000017339	239.162162162	5.87662482475	172.0	0.955296	0.791329829849
10317.000010183	301.3125	6.57376557534	216.0	0.978878	0.847693222307
10317.000012318	205.391304348	4.78854546203	131.0	0.885266	0.680827167793
10317.000007666	286.652173913	6.00403752737	166.0	0.968804	0.814102430673
10317.000006026	211.285714286	5.35230999179	127.0	0.957434	0.765853695176
10317.000002349	318.8125	5.47029077884	150.0	0.948162	0.75673370893
10317.000015908	211.588235294	5.2939822825	121.0	0.949204	0.76515203451
10317.000001423	246.714285714	4.58650331572	116.0	0.894814	0.668783322522
10317.000011036	247.24	5.4856396345	145.0	0.953494	0.76402633595
10317.000005845	238.181818182	5.9066040447	165.0	0.96486	0.801838946616
10317.000009118	260.7	5.60688772575	158.0	0.95818	0.767669227633
10317.000005576	221.666666667	5.7904344769	147.0	0.967244	0.804263610837
10317.000013584	240.882352941	4.87910492456	126.0	0.905364	0.699284675125
10317.000002801	275.025641026	6.41054948801	194.0	0.975174	0.84350302709
10317.000013265	294.885714286	6.08253176358	188.0	0.965302	0.805143983743
10317.000010833	256.75	4.62995576643	119.0	0.897528	0.671512420687
10317.000013238	177.111111111	4.75338365612	86.0	0.939014	0.739680644599
10317.000012983	336.59375	5.49024984223	185.0	0.91589	0.728983105028
10317.000004915	264.772727273	5.8364247422	155.0	0.964616	0.802133720799
10317.000001099	402.384615385	6.92695914666	243.0	0.985022	0.874084925481
10317.000010881	260.5	4.90358986145	145.0	0.906024	0.682959881521
10317.000015856	323.666666667	6.12575829966	197.0	0.968454	0.803688881257
10317.000017324	393.545454545	4.06415778899	164.0	0.720906	0.552379077503
10317.000003061	320.64	5.80482822455	171.0	0.958118	0.782548347099
10317.000028859	368.125	6.06132134759	186.0	0.968508	0.803978467552
10317.000014922	353.166666667	6.08272316859	190.0	0.964702	0.803545468146
10317.000012903	258.365853659	6.18949630356	187.0	0.972324	0.820138182196
10317.000014684	298.5	6.12555870136	180.0	0.9682	0.817629313149
10317.000012991	285.285714286	6.51569443808	195.0	0.979222	0.856502106435
10317.000014121	223.235294118	4.77805238373	126.0	0.887972	0.684801589748
10317.000004736	278.516129032	5.40339437565	174.0	0.90202	0.725975466382
10317.000011248	298.161290323	6.1551631014	183.0	0.970152	0.818974045511
10317.000010962	311.869565217	5.90452838047	171.0	0.961764	0.795988915744
10317.000016773	275.434782609	5.78634362848	158.0	0.963712	0.792239502798
10317.000002348	342.44	5.41855370684	175.0	0.924582	0.727204426973
10317.000016354	347.615384615	6.60434595618	197.0	0.983406	0.866478753046
10317.000004922	170.894736842	4.64065642714	114.0	0.882696	0.679164514213
10317.000003091	157.043478261	4.85594974219	108.0	0.92531	0.718879439611
10317.000001965	259.441176471	6.40531558294	180.0	0.979702	0.854970793017
10317.000005454	169.357142857	5.06232222882	122.0	0.936814	0.73041611336
10317.000014369	436.972972973	6.8452911716	244.0	0.98208	0.863134268636
10317.000003086	297.206896552	5.88023010034	177.0	0.960922	0.787431802725
10317.000001528	301.615384615	6.23774217623	177.0	0.975086	0.835306864348
10317.000002444	217.090909091	5.5931427934	156.0	0.951484	0.767719149249
10317.000015584	252.0	5.33000995242	157.0	0.931168	0.730676773461
10317.000023375	315.666666667	4.74245109712	164.0	0.850908	0.644569157533
10317.000015624	322.6875	5.88882817943	189.0	0.957846	0.778714546437
10317.000020431	313.885714286	6.44109662017	202.0	0.976204	0.841070612202
10317.000006671	310.666666667	6.28472406108	192.0	0.974174	0.828576813727
10317.000009102	276.24	5.14636218003	153.0	0.91598	0.709120456503
10317.000015214	301.037037037	6.09682347714	175.0	0.972	0.818232551143
10317.000002172	271.0	5.53104083553	157.0	0.942034	0.758235558219
10317.000016745	254.25	5.15142988449	162.0	0.924532	0.701844027121
10317.000001189	160.620689655	5.45983254788	128.0	0.950154	0.779976078269
10317.000007678	206.2	2.94793186178	96.0	0.708176	0.447676332471
10317.000003358	351.894736842	5.63004700571	164.0	0.952718	0.765206552692
10317.000009231	276.375	4.84740662729	148.0	0.901516	0.672368122998
10317.000006653	171.222222222	4.97651139972	124.0	0.924738	0.715612729006
10317.000018318	300.125	6.02702316163	175.0	0.96478	0.808864904131
10317.000013859	252.275862069	5.89653757907	169.0	0.955564	0.79673471644
10317.000015928	312.0	6.39038630073	193.0	0.975966	0.841675661695
10317.000013757	352.24137931	6.147321446	195.0	0.965952	0.808078681018
10317.000012298	339.434782609	5.66135213336	173.0	0.944682	0.761484227593
10317.000001731	475.285714286	6.28461484366	195.0	0.977886	0.826126194665
10317.000017171	314.576923077	5.86924446496	174.0	0.963462	0.788564963341
10317.000014587	167.454545455	5.01817929364	114.0	0.935444	0.73441534742
10317.000017343	260.666666667	6.06633814835	172.0	0.972312	0.816876094339
10317.000002171	267.894736842	5.90980124275	155.0	0.965504	0.81221827907
10317.000016764	248.774193548	5.94136958649	164.0	0.968272	0.807519890144
10317.000016727	264.12	5.72792122003	159.0	0.9612	0.783264446464
10317.000002013	360.451612903	5.60845843163	191.0	0.939248	0.740153231249
10317.000013454	285.0	6.17853197975	177.0	0.974726	0.827377924331
10317.000016766	287.12	5.94952063931	167.0	0.967204	0.805763665993
10317.000001234	230.84	4.59593291759	137.0	0.85502	0.647493962253
10317.000001922	287.088235294	6.02977585207	187.0	0.962226	0.798974450235
10317.000026623	343.634146341	6.19325272909	213.0	0.963276	0.800709145292
10317.000006761	380.375	6.58847352823	213.0	0.981056	0.851806189466
10317.000004076	223.03030303	5.93275233219	160.0	0.968592	0.810271864911
10317.000009532	350.555555556	6.33308430738	175.0	0.979708	0.849940259688
10317.000005846	241.677419355	6.06463109177	166.0	0.972462	0.822318463273
10317.000004821	383.636363636	6.39188525781	215.0	0.971134	0.82495175093
10317.000002712	253.689655172	5.39386357276	158.0	0.935838	0.738502942343
10317.000010832	277.619047619	5.2248642569	149.0	0.93266	0.72374875889
10317.000013734	313.902439024	6.377312053	205.0	0.977012	0.830435390204
10317.000009659	288.058823529	5.54282835202	146.0	0.953184	0.770926787799
10317.000001116	279.315789474	4.88893475325	141.0	0.912914	0.684767783287
10317.000017292	329.135135135	6.6252159303	211.0	0.98077	0.858066418832
10317.000015862	295.5	5.73609274459	159.0	0.9624	0.78438186139
10317.000002446	254.12	4.29146167109	134.0	0.842344	0.607331942099
10317.000006678	275.0	5.59576071238	161.0	0.952574	0.763309802228
10317.000014224	371.037037037	6.41964076994	195.0	0.980684	0.843875644302
10317.000017218	266.037037037	6.26830216721	174.0	0.976534	0.842180539286
10317.000009661	307.7	5.96554494615	183.0	0.964568	0.793744438244
10317.000006729	259.730769231	5.65101175939	153.0	0.962762	0.778656436982
10317.000003476	340.5	6.5002220955	207.0	0.97596	0.844899345564
10317.000001811	234.5	4.41567411016	134.0	0.840276	0.624910610543
10317.000016749	318.15625	6.20176527502	193.0	0.971838	0.816832448913
10317.000003214	196.882352941	2.72594488197	103.0	0.526354	0.407678855462
10317.000013686	192.045454545	5.37886863928	127.0	0.95424	0.769653930655
10317.000010845	329.533333333	6.30388792979	190.0	0.97689	0.83276197803
10317.000001311	214.8125	4.75814283935	122.0	0.898622	0.686527653207
10317.000003593	308.391304348	5.84596889914	164.0	0.965402	0.794553527515
10317.000001435	224.5	5.15124051529	136.0	0.918996	0.726810232472
10317.000017205	350.59375	6.10779952124	199.0	0.961188	0.7998035552
10317.000014551	224.037037037	5.67744831615	147.0	0.963192	0.788570374348
10317.000002781	186.052631579	3.7012354147	105.0	0.766414	0.551251127913
10317.000007675	257.129032258	5.81039594587	170.0	0.956892	0.784193464207
10317.000003216	159.8	5.50662155892	127.0	0.952794	0.787933896823
10317.000005238	281.538461538	5.31191456947	160.0	0.92885	0.725480297079
10317.000022448	314.857142857	5.55238851052	175.0	0.943294	0.745165910237
10317.000001004	139.12	5.05237443304	111.0	0.94137	0.743606887248
10317.000014122	253.666666667	5.57302194396	165.0	0.949718	0.75655419107
10317.000016728	367.405405405	6.43660266979	217.0	0.973966	0.829293330292
10317.000010773	192.214285714	4.21366050566	129.0	0.84664	0.600987580655
10317.000005553	236.7	6.00106058783	163.0	0.968202	0.816612135036
10317.000014054	402.24137931	6.17023359752	203.0	0.972166	0.80495279844
10317.000001779	292.619047619	6.01164272679	164.0	0.966746	0.817071047954
10317.000026081	248.555555556	5.14430978272	143.0	0.939146	0.718491931034
10317.000016769	269.454545455	5.41888945405	150.0	0.946216	0.749623096949
10317.000003372	283.965517241	6.09465260402	175.0	0.97314	0.81794120614
10317.000004738	357.583333333	6.20550624134	203.0	0.97162	0.809554376793
10317.000041976	368.433333333	6.47068637908	210.0	0.976662	0.838797049466
10317.000036427	282.935483871	6.03453031192	181.0	0.96712	0.804620575246
10317.000043092	346.444444444	6.0878725912	188.0	0.962368	0.80585094844
10317.000036069	188.5625	5.04567899496	112.0	0.93842	0.741209919672
10317.000028711	327.272727273	5.58810810864	165.0	0.949946	0.758602182489
10317.000027901	539.689655172	6.5575141408	237.0	0.976278	0.831249532898
10317.000031057	306.272727273	5.42970027562	159.0	0.943798	0.742484230751
10317.000021275	325.652173913	5.1942005261	163.0	0.918572	0.706816256785
10317.000031439	245.137931034	5.52745442193	157.0	0.941008	0.757743906394
10317.000036437	303.75	5.91019521425	190.0	0.9612	0.780754022276
10317.000043117	371.260869565	5.64929260622	173.0	0.951566	0.759862152248
10317.000040144	179.636363636	4.44090704836	117.0	0.8463	0.646385924127
10317.000039994	291.6	5.54037953278	162.0	0.940186	0.754835525331
10317.000036067	263.451612903	6.37307893565	181.0	0.97854	0.849761319313
10317.000036877	400.033333333	6.34018557109	211.0	0.971656	0.821150643986
10317.000038417	271.527777778	5.61897390261	177.0	0.94363	0.75244653255
10317.000031891	309.111111111	5.95524378579	180.0	0.960796	0.794895963552
10317.000028719	243.5	5.63476451045	143.0	0.960792	0.786992425619
10317.000023341	245.24	5.16882632397	143.0	0.934498	0.721916090505
10317.000036901	300.3	5.31163959282	154.0	0.939384	0.730947518972
10317.000035492	322.117647059	6.162538424	199.0	0.96448	0.806971499872
10317.000041632	259.307692308	5.24774696096	161.0	0.904116	0.715837738746
10317.000027775	294.243243243	5.69744899885	186.0	0.947022	0.755714150822
10317.000036094	183.0	3.89927156587	106.0	0.805292	0.579565646206
10317.000039831	272.333333333	5.47754388529	167.0	0.93919	0.741842260784
10317.000043164	205.714285714	5.21352574584	127.0	0.940748	0.745995273719
10317.000036422	284.75	6.21317606934	186.0	0.97071	0.824120598201
10317.000036939	265.772727273	5.3728793897	143.0	0.94944	0.75041563416
10317.000020388	340.733333333	6.64463520093	224.0	0.981602	0.85107379737
10317.000036147	336.096774194	5.9304885563	189.0	0.949934	0.784223544237
10317.000035412	270.551724138	5.76815106826	167.0	0.958746	0.781200172674
10317.000031272	141.0	3.75770891059	75.0	0.819908	0.603277940379
10317.000037565	447.0	5.38216750299	172.0	0.924904	0.724747592602
10317.000018298	235.5	5.45685059073	138.0	0.954434	0.767648845258
10317.000001764	307.5	6.02936738702	180.0	0.968044	0.804789857663
10317.000014232	383.607142857	5.9372114372	196.0	0.963774	0.779702911699
10317.000009677	201.0	5.15714046407	124.0	0.944298	0.741586839642
10317.000036045	270.0	5.89477419575	152.0	0.965444	0.813304794345
10317.000018424	258.25	4.57526771739	134.0	0.868804	0.647496457244
10317.000015901	170.0	5.02547970676	114.0	0.938412	0.735483769875
10317.000014978	280.717948718	6.14622671708	187.0	0.971558	0.814404752809
10317.000017133	360.333333333	5.61812878753	162.0	0.952996	0.76542828332
10317.000018401	331.923076923	6.58236443079	215.0	0.980916	0.849535441176
10317.000026136	253.620689655	5.84018334535	163.0	0.964166	0.794720286665
10317.000018408	146.272727273	4.96394601862	109.0	0.934194	0.733423586064
10317.000013197	345.8125	6.0706098211	188.0	0.971944	0.803565877679
10317.000001936	218.666666667	4.6431209933	117.0	0.910906	0.67581870582
10317.000009495	204.052631579	4.68068396937	114.0	0.92025	0.685022583368
10317.000033748	235.785714286	4.9822381886	152.0	0.87204	0.68740176821
10317.000006717	267.0	5.8702454269	172.0	0.959712	0.790470798012
10317.000001786	293.181818182	6.22736606189	185.0	0.974438	0.826855749445
10317.000022553	380.636363636	6.26776714806	212.0	0.97091	0.811054821916
10317.000009178	343.096774194	6.22207675144	196.0	0.971518	0.817112782865
10317.000034127	265.0	5.31038372736	151.0	0.936128	0.733640065539
10317.000005085	232.636363636	5.60006578822	141.0	0.96254	0.784372226181
10317.000009648	244.848484848	5.69125030454	163.0	0.953316	0.774453780994
10317.000013001	237.538461538	5.70668220636	160.0	0.95158	0.779396100645
10317.000034147	373.526315789	5.28957591699	158.0	0.936372	0.724224357133
10317.000028856	245.137931034	5.30034209905	152.0	0.94154	0.731290715755
10317.000005163	183.571428571	4.23371305623	103.0	0.879878	0.63317321804
10317.000009628	254.363636364	5.88203631086	168.0	0.964092	0.79569585212
10317.000001789	312.37037037	5.87111461876	177.0	0.952502	0.78621113279
10317.000002346	267.142857143	5.09286485475	142.0	0.934888	0.712313983926
10317.000016762	234.888888889	5.57057838367	153.0	0.94566	0.767573471945
10317.000014291	247.394736842	6.12880370005	182.0	0.965288	0.816325431604
10317.000011191	238.5	5.68561525192	141.0	0.965724	0.796354696714
10317.000011969	226.551724138	5.4372217129	148.0	0.949878	0.754179469254
10317.000013764	256.464285714	5.63327481568	160.0	0.949568	0.769370409362
10317.000016333	495.058823529	5.88986776822	180.0	0.966206	0.786169682252
10317.000038478	367.384615385	6.20825451688	192.0	0.972378	0.818495083699
10317.000034126	338.0	5.90217863621	168.0	0.961472	0.798420616791
10317.000006036	305.037037037	6.1936623524	179.0	0.971758	0.827607538285
10317.000013902	345.037037037	5.954473126	190.0	0.959316	0.786603263534
10317.000015295	204.0	4.54649141916	120.0	0.881514	0.658254442606
10317.000006795	277.84375	5.9452302918	184.0	0.95726	0.790214837935
10317.000002141	228.055555556	4.83147239989	133.0	0.900544	0.684802124374
10317.000006017	174.75	4.5694459067	111.0	0.877496	0.672529617936
10317.000021323	348.483870968	6.22988558403	192.0	0.975434	0.821346919439
10317.000017174	292.315789474	5.45152470592	154.0	0.92846	0.750197446339
10317.000014451	242.0	5.20263350884	138.0	0.934676	0.731886559647
10317.000013984	279.772727273	5.86863432294	157.0	0.968766	0.804515344247
10317.000015587	213.428571429	4.7105320928	115.0	0.889202	0.688121969026
10317.000003508	340.037037037	5.92898378291	185.0	0.95774	0.787237217234
10317.000036114	286.3125	4.93585792627	131.0	0.925426	0.701771800898
10317.000010712	284.121212121	6.13470036233	181.0	0.972338	0.817976856417
10317.000013986	278.913043478	5.56313244965	155.0	0.953418	0.764573575133
10317.000014259	249.617647059	5.67611128979	168.0	0.950046	0.767839226208
10317.000006899	314.625	6.34312197576	195.0	0.976896	0.833817083543
10317.000003879	224.157894737	5.29529662416	131.0	0.948722	0.752876177503
10317.000003287	345.75	6.65803799486	222.0	0.981368	0.854206153357
10317.000013952	265.714285714	5.71950450299	154.0	0.958258	0.78707479172
10317.000010169	122.4	3.82697574972	78.0	0.84902	0.608867279525
10317.000001805	297.315789474	5.9040000612	159.0	0.964168	0.807342343272
10317.000012959	285.6	5.64562217907	156.0	0.963626	0.774922510723
10317.000005009	256.666666667	5.6785997184	162.0	0.956126	0.773666998123
10317.000033803	258.0625	5.39811503648	136.0	0.946268	0.761642799036
10317.000014237	304.322580645	5.69844122046	178.0	0.950732	0.762258482472
10317.000017185	347.5	6.02704787921	193.0	0.968642	0.793820478617
10317.000002811	200.291666667	5.19418985013	129.0	0.942242	0.740838894662
10317.000035361	205.12	5.39992611992	139.0	0.949838	0.758529402723
10317.000044399	282.058823529	5.27421781678	140.0	0.92631	0.739796386852
10317.000005987	275.78125	5.97346138328	172.0	0.969626	0.804369569439
10317.000003922	275.5	5.81574213027	160.0	0.966482	0.794291074005
10317.000015542	236.75	4.70231713857	113.0	0.90872	0.689471224213
10317.000017114	158.105263158	5.03769795467	106.0	0.946236	0.74877489838
10317.000014222	179.25	5.23748669315	124.0	0.948916	0.753140472224
10317.000001882	325.675675676	6.12135549829	205.0	0.960916	0.797105457528
10317.000012004	295.736842105	6.05364678342	195.0	0.961646	0.795764944304
10317.000001702	369.902439024	6.08376824376	221.0	0.959868	0.78118186474
10317.000001732	289.833333333	6.25055860071	193.0	0.970842	0.823259001668
10317.000014929	314.15	5.002881562	144.0	0.925984	0.697759259823
10317.000001151	241.875	5.80732170038	162.0	0.96627	0.791204411275
10317.000002262	336.783783784	6.12862917039	203.0	0.966418	0.79952519193
10317.000016752	226.9375	4.61487286046	120.0	0.90384	0.668154909446
10317.000027295	293.833333333	5.74373631487	172.0	0.959592	0.773435435523
10317.000029188	277.7	5.60004238226	167.0	0.94923	0.758432645789
10317.000014392	241.285714286	5.26829425601	136.0	0.94616	0.743325838034
10317.000002512	229.3125	5.12495665926	126.0	0.932438	0.734520718024
10317.000012242	265.552631579	5.84565266848	176.0	0.962362	0.783659260832
10317.000031519	250.076923077	5.5506194688	149.0	0.954932	0.768872405882
10317.000016177	304.222222222	5.39506394289	172.0	0.926228	0.726484191056
10317.000015329	242.785714286	6.00300435799	159.0	0.96917	0.820880683404
10317.000014318	310.375	6.04467831961	172.0	0.972818	0.813959442502
10317.000013609	174.066666667	4.31672178432	102.0	0.87713	0.64694943189
10317.000014317	202.636363636	5.27272917927	149.0	0.92209	0.730379013085
10317.000029154	342.6875	5.49152430498	155.0	0.939938	0.754732052272
10317.000009529	223.4	4.9719669718	117.0	0.932362	0.723683119417
10317.000011955	251.107142857	5.30483366746	152.0	0.942426	0.731910419582
10317.000003266	214.666666667	5.21698013346	140.0	0.929934	0.731767853942
10317.000016405	333.615384615	6.23593713609	183.0	0.976632	0.829721419199
10317.000010984	312.25	5.88710013416	167.0	0.96926	0.797309846246
10317.000010843	316.476190476	5.81629707835	166.0	0.9612	0.788646234708
10317.000008955	273.1875	5.62604334621	135.0	0.966718	0.794996459786
10317.000027648	203.142857143	4.34154792031	116.0	0.862304	0.633065026485
10317.000015263	134.272727273	3.69056646691	77.0	0.809338	0.58890891575
10317.000014357	201.217391304	5.26424714497	139.0	0.92505	0.739470532371
10317.000017093	203.058823529	4.89905201128	122.0	0.91163	0.706858703867
10317.000010797	229.12	5.0634003588	138.0	0.931694	0.712299773263
10317.000014954	182.2	5.52624090727	138.0	0.954334	0.777410409273
10317.000014379	349.896551724	5.71757433106	186.0	0.946538	0.758383590838
10317.000005915	211.8	4.33063776851	99.0	0.864652	0.653251592378
10317.000001363	266.625	4.94331424457	151.0	0.870724	0.682928686996
10317.000013604	119.0	2.47720140136	50.0	0.559964	0.438920007538
10317.000014095	287.0	5.18573124403	145.0	0.93412	0.722255836253
10317.000012275	253.0	5.6287285483	148.0	0.95872	0.780742764095
10317.000006619	180.681818182	5.44066537285	125.0	0.956756	0.781055678803
10317.000011145	178.636363636	4.20579402189	116.0	0.815434	0.61327000248
10317.000011389	339.526315789	5.92985696869	169.0	0.964136	0.801236801619
10317.000023487	218.954545455	5.13235928339	133.0	0.926452	0.727449160301
10317.000002205	174.4	3.70741045447	96.0	0.78962	0.563011627486
10317.000011155	258.533333333	5.38065348809	161.0	0.925442	0.733967330084
10317.000006929	215.375	5.19489436445	134.0	0.93868	0.735186639232
10317.000013648	211.0	4.71801167532	109.0	0.890152	0.697086759007
10317.000012155	358.947368421	6.63108234756	218.0	0.981552	0.8536206236
10317.000013119	262.0625	5.9367735544	173.0	0.965058	0.798529983292
10317.000006654	274.0	6.10765860584	169.0	0.970764	0.825261194758
10317.000002071	233.785714286	5.27160783382	150.0	0.929212	0.729248866173
10317.000011049	359.368421053	5.98631446988	167.0	0.970122	0.810746778684
10317.000004159	193.166666667	4.88059331814	129.0	0.89505	0.696111128671
10317.000002568	166.909090909	4.72200334491	96.0	0.909728	0.71708887399
10317.000008957A	270.27027027	6.18287503641	187.0	0.96978	0.81926083229
10317.000002749	434.157894737	6.02574519389	184.0	0.965412	0.800916537816
10317.000001127	243.25	5.55628115871	157.0	0.949348	0.761695686449
10317.000017661	250.774193548	5.99706165931	166.0	0.971052	0.813156555316
10317.000002201	137.0	3.58857843176	71.0	0.817276	0.583532682243
10317.000011298	341.0	4.70814524273	132.0	0.905298	0.66835346844
10317.000001939	185.166666667	4.71330407079	121.0	0.882788	0.681225211304
10317.000001726	201.65625	5.28976024128	150.0	0.921392	0.73175998289
10317.000012381	268.464285714	6.11336591583	172.0	0.971512	0.823208721714
10317.000009447	205.333333333	5.00205472807	133.0	0.926606	0.708980083192
10317.000029245	295.111111111	5.7758571858	166.0	0.963612	0.783162888763
10317.000014958	261.884615385	5.71146011544	158.0	0.95378	0.781986797299
10317.000015364	429.375	5.56610286422	162.0	0.952676	0.758340138018
10317.000016484	227.0	5.11939115968	134.0	0.934334	0.72450135028
10317.000010908	268.785714286	5.65299695192	167.0	0.941618	0.765604461934
10317.000003125	156.8	5.05027226685	124.0	0.89894	0.726219399258
10317.000001524	372.260869565	5.29645517991	174.0	0.930882	0.711607602942
10317.000014949	258.833333333	5.1037569159	136.0	0.934042	0.720110571331
10317.000015933	260.620689655	5.9648896484	170.0	0.967202	0.805044530626
10317.000014012	372.875	5.51643885893	155.0	0.9525	0.758156203999
10317.000004774	306.333333333	5.30221566852	148.0	0.930534	0.735453216716
10317.000008954B	291.375	5.50567124313	163.0	0.933562	0.749200559277
10317.000017636	237.647058824	5.34647177313	130.0	0.94955	0.761348866291
10317.000016703	303.565217391	6.05209323495	173.0	0.970222	0.814041139604
10317.000003365	191.12	4.94626652987	125.0	0.92085	0.710080348132
10317.000017216	326.111111111	6.61023261831	197.0	0.983548	0.867251072925
10317.000004163	236.043478261	5.14939006647	137.0	0.93953	0.725467285338
10317.000018338	274.870967742	6.24937683165	178.0	0.976838	0.835955012221
10317.000003411	217.142857143	4.43179954452	82.0	0.92613	0.69709214196
10317.000013697	257.04	5.20201928827	149.0	0.920518	0.720584271377
10317.000017161	199.076923077	4.44970264611	101.0	0.89135	0.66830299062
10317.000001072	212.0	4.99300092171	128.0	0.922884	0.713285845959
10317.000002773	179.666666667	4.13725004924	106.0	0.820066	0.614937420438
10317.000010748	190.103448276	5.66946414401	137.0	0.965948	0.798737463813
10317.000011956	222.913043478	5.34385194034	138.0	0.949848	0.751752627825
10317.000007641	254.576923077	5.85374898725	159.0	0.964658	0.800470761401
10317.000005007	244.894736842	4.95837074836	132.0	0.898664	0.703874693031
10317.000012948	211.913043478	4.19302874677	127.0	0.807838	0.599973948561
10317.000017079	142.0	4.36382146401	85.0	0.910736	0.680848072382
10317.000009193	207.454545455	4.73538338665	127.0	0.88973	0.677578628724
10317.000012984	269.181818182	5.87921169827	171.0	0.96641	0.792575976197
10317.000015581	258.789473684	4.90100049337	128.0	0.926884	0.700142927624
10317.000014802	267.142857143	5.32439735704	142.0	0.948634	0.744697297408
10317.000020067	218.333333333	5.37191047586	149.0	0.935628	0.744117616958
10317.000017353	319.848484848	6.31411462176	193.0	0.974958	0.831629944136
10317.000001059	226.333333333	5.0623398773	128.0	0.936598	0.723191411043
10317.000017088	314.142857143	5.4182909466	156.0	0.946808	0.743718848161
10317.000013213	168.6	5.42102617747	129.0	0.946842	0.773192193032
10317.000004602	166.0	5.27916936919	121.0	0.946646	0.763011088404
10317.000014399	252.107142857	5.39308933078	153.0	0.946632	0.743117144582
10317.000005008	350.571428571	5.43607654087	147.0	0.93847	0.755044991009
10317.000010104	289.451612903	6.08129248815	177.0	0.969808	0.814356415502
10317.000010565	197.034482759	5.22166749774	136.0	0.925428	0.736747072217
10317.000027213	178.526315789	4.13760605209	106.0	0.862076	0.614990334686
10317.000007746	268.7	5.80493559897	166.0	0.96167	0.787105703366
10317.000027194	201.64	4.70219887403	126.0	0.912894	0.67393008817
10317.000015224	253.714285714	6.58607217854	203.0	0.978668	0.859202029722
10317.000013933	187.041666667	5.58296281121	136.0	0.956634	0.787723750553
10317.000018033	268.176470588	5.31367782444	142.0	0.93267	0.743198009052
10317.000006084	254.615384615	5.30058938601	123.0	0.952434	0.763497055992
10317.000023423	273.652173913	5.62925516428	153.0	0.952138	0.775658582164
10317.000002059	296.142857143	6.05264008765	164.0	0.971388	0.82264319489
10317.000005851	400.333333333	5.65270584529	174.0	0.954042	0.759471820314
10317.000003047	189.75	5.08455312488	126.0	0.929512	0.728729989427
10317.000008982	243.235294118	5.37957298346	132.0	0.952434	0.763667235579
10317.000010765	225.375	4.90366486717	136.0	0.885648	0.691878740955
10317.000012072	207.4375	4.91705361418	118.0	0.912852	0.714413573232
10317.000002005	210.825	5.76608873232	162.0	0.962176	0.785586725894
10317.000017183	279.035714286	5.68993659513	169.0	0.946706	0.768818982138
10317.000008976	222.666666667	5.10062115333	136.0	0.920648	0.719668133375
10317.000012228	277.636363636	6.05420055751	177.0	0.969518	0.810728488122
10317.000011224	295.869565217	5.13756010698	155.0	0.896916	0.706084698504
10317.000023828	238.785714286	5.55333983234	155.0	0.94958	0.76322771891
10317.000003149	254.666666667	5.40855151529	160.0	0.937402	0.738678589192
10317.000013029	230.043478261	5.02304250102	131.0	0.930588	0.714167553967
10317.000026111	189.0	4.30673547816	104.0	0.88757	0.642754156343
10317.000003536	266.571428571	6.00221330709	174.0	0.969308	0.806430051557
10317.000011012	288.333333333	5.97708219531	182.0	0.966382	0.79611690007
10317.000010259	179.473684211	4.97966099643	115.0	0.936032	0.727436744393
10317.000006637	302.176470588	5.9792218025	187.0	0.964728	0.792275794273
10317.000012113	222.461538462	4.14092674841	104.0	0.858174	0.618008208804
10317.000013079	219.142857143	5.31079909025	132.0	0.94539	0.75390431033
10317.000001488	141.8125	3.21695903851	88.0	0.688098	0.498025093915
10317.000004162	251.636363636	5.66405577326	145.0	0.963592	0.788875694978
10317.000012906	248.0	5.12636596422	133.0	0.944496	0.726599680606
10317.000012976	235.483870968	5.89125701993	162.0	0.967518	0.802639974607
10317.000009533	119.75	3.71172705165	69.0	0.817278	0.607630709824
10317.000014309	257.476190476	5.43563483746	149.0	0.93606	0.752944722381
10317.000013778	321.857142857	6.04796572641	182.0	0.969472	0.805558225318
10317.000010732	335.0	5.30120660246	157.0	0.945592	0.726728199443
10317.000002371	325.25	5.68721834355	179.0	0.94715	0.759935641498
10317.000006021	194.869565217	4.85674842026	123.0	0.909052	0.699566189819
10317.000002329	363.476190476	5.70872531337	177.0	0.93438	0.764465299497
10317.000010761	324.037037037	5.90259573585	179.0	0.95414	0.788714729427
10317.000009129	278.772727273	5.74695604086	156.0	0.957448	0.788831675755
10317.000014323	365.0	5.45019858086	170.0	0.942068	0.735579837512
10317.000006894	290.4	5.69755739119	159.0	0.952758	0.779112345436
10317.000014241	227.833333333	4.72323066934	113.0	0.91142	0.692537643861
10317.000001685	234.235294118	4.82638038506	123.0	0.91793	0.695191977107
10317.000011302	273.965517241	5.259929809	165.0	0.916446	0.714051008905
10317.000012231	181.5625	5.01511418891	105.0	0.942254	0.746936372183
10317.000015577	393.230769231	6.35882911103	199.0	0.976456	0.83267535423
10317.000001579	234.964285714	5.59410420983	156.0	0.951842	0.767851114018
10317.000002202	221.033333333	6.02718119853	158.0	0.972666	0.825213872971
10317.000017662	281.774193548	5.8646931838	172.0	0.962376	0.789723148516
10317.000003432	142.352941176	4.60995860951	101.0	0.876632	0.692371911204
10317.000011116	303.625	6.10860206771	184.0	0.97278	0.811929522663
10317.000006737	316.322580645	6.10488108355	190.0	0.962624	0.806472593325
10317.000006841	345.8	5.97874450127	182.0	0.963862	0.796338310754
10317.000013563	267.28125	5.22228240122	171.0	0.88255	0.704015399436
10317.000013295	283.7	6.05664423324	181.0	0.952368	0.807569158677
10317.000016699	275.025	6.51011405296	198.0	0.97951	0.853297909267
10317.000017217	416.12	6.47017359763	206.0	0.980274	0.841758037322
10317.000016702	395.636363636	6.16366201008	184.0	0.974468	0.819247857076
10317.000006728	210.076923077	4.23050442101	100.0	0.860202	0.636754363757
10317.000002498	246.7	6.07514948675	181.0	0.96089	0.810036576514
10317.000013286	253.0	5.20405667414	148.0	0.931012	0.721837899521
10317.000022964	269.461538462	5.12792697256	124.0	0.936816	0.737385995978
10317.000002466	254.55	5.24600293723	144.0	0.917688	0.731667756103
10317.000017644	213.428571429	5.57248375341	154.0	0.954794	0.766842912229
10317.000017173	273.714285714	5.35728096163	152.0	0.936864	0.739146597657
10317.000013332	442.333333333	6.75588196503	244.0	0.977614	0.85186051151
10317.000002173	157.571428571	4.64825494471	99.0	0.915702	0.701162301427
10317.000011329	220.565217391	5.5065795684	141.0	0.954466	0.771278095304
10317.000007039	373.333333333	5.9070631785	175.0	0.959964	0.792765510176
10317.000002886	213.206896552	5.65432493455	148.0	0.960766	0.784293156192
10317.000006887	276.527777778	6.03778160101	182.0	0.962726	0.804201751694
10317.000009126	210.0	4.94787949153	126.0	0.907738	0.709141606153
10317.000022636	263.0	4.84072709778	129.0	0.909572	0.69042507416
10317.000014233	268.6	6.25718272329	172.0	0.975464	0.842574689965
10317.000023088	278.25	5.80129730614	171.0	0.961216	0.782072344321
10317.000004974	352.115384615	5.9805120715	184.0	0.963826	0.794904342707
10317.000002414	124.8	3.7040672031	72.0	0.849364	0.600342338397
10317.000006027	375.9	5.63773283245	162.0	0.957166	0.768099188707
10317.000017098	298.903225806	6.09019004217	181.0	0.970908	0.812042025112
10317.000003841	185.666666667	4.59140415488	112.0	0.909994	0.674476974897
10317.000014559	232.2	5.0826522393	122.0	0.935934	0.733349424708
10317.000003761	294.055555556	5.94414477938	156.0	0.969654	0.815897956051
10317.000014799	228.607142857	5.74521425938	152.0	0.963982	0.792669938921
10317.000002208	272.387096774	5.81875893511	173.0	0.961768	0.782656342314
10317.000016313	192.913043478	5.43153401003	133.0	0.946742	0.769853518932
10317.000022899	277.24137931	5.71893394269	171.0	0.953334	0.770968947038
10317.000004793	261.888888889	6.15243878851	175.0	0.967402	0.825696480233
10317.000003837	345.368421053	5.30203652449	153.0	0.939718	0.730570921579
10317.000010285	245.75	4.71951430941	108.0	0.931806	0.69868140778
10317.000005848	208.476190476	4.5749911769	127.0	0.869762	0.654628357401
10317.000005907	260.275862069	5.61772868687	162.0	0.948148	0.765373772579
10317.000013421	338.64	5.97524137131	189.0	0.955572	0.790141473403
10317.000020072	174.454545455	5.17387828617	121.0	0.938422	0.747793114091
10317.000001477	168.142857143	5.1235684053	121.0	0.92851	0.740521705603
10317.000014132	380.12	5.95010967216	190.0	0.954908	0.786026838559
10317.000003382	378.12	5.85373258954	188.0	0.955036	0.77485786513
10317.000003221	193.333333333	4.27766655244	93.0	0.856974	0.654161594176
10317.000014607	188.176470588	3.7485163924	104.0	0.779422	0.559443342539
10317.000017125	399.363636364	6.50357744832	221.0	0.974388	0.835087162265
10317.000013826	219.09375	4.98466329201	150.0	0.895348	0.689554338741
10317.000004872	181.8	5.12896001359	123.0	0.933514	0.738775555981
10317.000001118	298.371428571	6.03825117369	189.0	0.965148	0.798473631889
10317.000014293	192.9	5.32585871473	124.0	0.95475	0.765848198271
10317.000016721	266.823529412	6.41753366816	183.0	0.980522	0.853883710932
10317.000016763	288.8	5.93816379949	161.0	0.965006	0.810016522929
10317.000012173	176.0	5.1081904093	110.0	0.945	0.753269347903
10317.000004641	184.5	5.29718812888	135.0	0.93814	0.748527082024
10317.000013509	241.2	5.70881698766	156.0	0.961972	0.783596679519
10317.000012951	330.913043478	5.71227785406	172.0	0.950318	0.769199327353
10317.000023799	264.617647059	5.83900809552	174.0	0.958854	0.784502542412
10317.000004705	271.935483871	5.32424866179	170.0	0.898336	0.718581150283
10317.000014605	253.0	5.94199000354	180.0	0.96049	0.793126870901
10317.000015455	264.37037037	5.66395464077	156.0	0.962748	0.777438838738
10317.000007651	195.428571429	4.06946956385	97.0	0.867566	0.616594440132
10317.000001827	233.444444444	4.89644528988	144.0	0.886358	0.682914436189
10317.000012872	274.625	5.11706695389	128.0	0.942636	0.731009564841
10317.000014666	355.2	6.2616087429	200.0	0.969624	0.819168831469
10317.000017146	259.0	4.87213929526	145.0	0.896578	0.678579524361
10317.000006636	273.555555556	5.95016549192	168.0	0.961112	0.804912066355
10317.000017276	110.615384615	3.236799466	70.0	0.730652	0.528087780749
10317.000004161	242.230769231	5.76297253849	152.0	0.962392	0.79512005712
10317.000023299	184.9	4.9454482783	116.0	0.934404	0.721123065493
10317.000013733	199.034482759	5.37374228394	144.0	0.937178	0.749483750926
10317.000010304	315.0	6.27542592365	198.0	0.970596	0.822536713926
10317.000012034	133.583333333	4.65361699102	84.0	0.930446	0.728001549866
10317.000015874	290.157894737	5.41883574938	148.0	0.948014	0.751629211615
10317.000023823	187.869565217	4.16335546682	116.0	0.854402	0.607081802906
10317.000014391	344.096774194	6.23989513062	197.0	0.972044	0.818663435834
10317.000018411	249.176470588	4.26732178551	123.0	0.82064	0.614665159465
10317.000002963	170.055555556	4.48940810523	102.0	0.90509	0.672830024338
10317.000014646	274.12	5.1300002565	154.0	0.920078	0.705951692371
10317.000001793	262.870967742	5.66078556952	166.0	0.95061	0.767560041165
10317.000013214	166.454545455	4.61872084095	113.0	0.900706	0.677214024208
10317.000023154	207.545454545	5.27883388273	135.0	0.943732	0.745933507851
10317.000009222	239.125	5.70322244386	147.0	0.963584	0.792150277221
10317.000010738	310.272727273	5.80323712137	163.0	0.96456	0.789692719554
10317.000027198	206.833333333	4.39251160184	115.0	0.881012	0.64166503335
10317.000007734	309.714285714	5.82443745776	173.0	0.961786	0.783420136075
10317.000006818	102.0	3.81560378613	77.0	0.807296	0.608861297789
10317.000026639	317.6875	5.82153743458	184.0	0.95135	0.773774107076
10317.000005041	180.4	4.6819906822	102.0	0.926244	0.701692479457
10317.000013312	214.0	5.35473847883	151.0	0.936616	0.739767762604
10317.000001285	335.6	5.78009501103	197.0	0.942662	0.758338456356
10317.000018306	181.333333333	5.05956342022	123.0	0.921278	0.728779668567
10317.000017215	349.785714286	6.46997669424	197.0	0.981138	0.848849738561
10317.000016698	289.25	6.23612790985	182.0	0.972392	0.83062046962
10317.000009098	260.954545455	5.10148447887	148.0	0.894052	0.707610441478
10317.000012013	241.625	4.96318601373	131.0	0.917642	0.705657261428
10317.000014909	160.461538462	4.11885276632	91.0	0.862708	0.632910685423
10317.000014979	271.24137931	5.83889052069	165.0	0.966026	0.792646635712
10317.000014538	245.0	3.9947414882	119.0	0.806666	0.579383186813
10317.000004278	229.090909091	4.29684461652	99.0	0.862674	0.64815409138
10317.000009556	203.384615385	5.48932802483	142.0	0.95034	0.76776533954
10317.000022663	259.777777778	5.66216064977	157.0	0.950596	0.776210421992
10317.000001141	246.75	5.3536559245	149.0	0.942428	0.741588994539
10317.000002359	252.777777778	5.42832355872	150.0	0.950834	0.750928165602
10317.000004823	150.052631579	4.76884908522	109.0	0.914678	0.704597992074
10317.000014236	219.565217391	5.57126185439	140.0	0.95473	0.781461732007
10317.000001799	212.375	4.87538399172	131.0	0.898658	0.693173720769
10317.000023213	200.315789474	5.36669505834	125.0	0.95013	0.770436585318
10317.000013652	221.2	5.65145130752	148.0	0.956416	0.783894564665
10317.000010205	183.0	5.24075154579	114.0	0.94043	0.766989009764
10317.000005989	257.894736842	5.48863514918	138.0	0.957668	0.772120175227
10317.000011072	125.833333333	3.77588926314	78.0	0.881662	0.600739480413
10317.000017111	196.076923077	4.58770798594	128.0	0.884414	0.655386855134
10317.000011369	332.344827586	6.06357890137	188.0	0.963486	0.802635195696
10317.000013178	187.090909091	3.54637617722	93.0	0.711602	0.542329109854
10317.000013905	164.25	4.05361459678	89.0	0.843704	0.625969960003
10317.000012914	396.037037037	5.35035835435	186.0	0.922436	0.709675772643
10317.000003423	156.666666667	4.13908450779	102.0	0.817768	0.620326837043
10317.000013306	231.772727273	5.42516541939	143.0	0.939948	0.757718283501
10317.000002489	252.714285714	5.39384082443	122.0	0.961986	0.778249205203
10317.000004759	163.75	3.82033087776	100.0	0.844034	0.575017093783
10317.000004734	256.636363636	6.07499129928	177.0	0.96694	0.813512612381
10317.000002687	199.052631579	4.73880639879	118.0	0.890278	0.688515496853
10317.000004158	208.724137931	5.01753938734	137.0	0.92164	0.706891618508
10317.000004157	191.384615385	5.1025278426	130.0	0.922266	0.726610735646
10317.000001321	229.607142857	5.67530732127	153.0	0.957522	0.782004137616
10317.000003022	233.607142857	5.87767859389	157.0	0.968114	0.805755199101
10317.000003757	316.647058824	5.55840331629	149.0	0.956596	0.769950625275
10317.000013103	191.0	3.60348675629	107.0	0.742874	0.534525610458
10317.000002087	294.3125	5.24997890728	139.0	0.925858	0.737466268318
10317.000023258	278.956521739	5.32157925464	145.0	0.951846	0.741176411556
10317.000009214	248.772727273	4.7246422386	139.0	0.882346	0.663672053235
10317.000013829	285.344827586	5.43782111096	168.0	0.932948	0.735604384926
10317.000016757	279.136363636	5.36404939542	153.0	0.934544	0.739115713764
10317.000003092	226.0	5.89056477047	154.0	0.968408	0.810614807176
10317.000014593	244.275862069	5.78913030971	161.0	0.957796	0.789687075431
10317.000006047	215.64	5.32793627635	140.0	0.939104	0.747331290354
10317.000001065	194.875	4.99370253186	112.0	0.939464	0.733574580588
10317.000010098	263.181818182	5.23872388404	147.0	0.92008	0.727633652356
10317.000009117	221.115384615	5.6963498422	146.0	0.96078	0.792279393684
10317.000006702	159.333333333	3.85706553381	77.0	0.848012	0.615477407562
10317.000026135	251.137931034	5.85706222404	163.0	0.964586	0.797017130191
10317.000009624	238.038461538	5.6581394764	153.0	0.958492	0.779638569558
10317.000020358	202.0	5.10689078915	126.0	0.926896	0.731931475467
10317.000009075	295.055555556	5.57521627074	145.0	0.960686	0.776502348545
10317.000001765	322.230769231	6.07505959694	175.0	0.973162	0.81531169977
10317.000012996	271.0	5.3857480408	137.0	0.940268	0.758766370432
10317.000016353	304.535714286	5.55264352271	174.0	0.944534	0.746027902241
10317.000008949A	246.636363636	5.78281220287	155.0	0.960516	0.794765438408
10317.000005571	69.3333333333	3.08850540495	56.0	0.71924	0.53182652798
10317.000004792	188.625	5.23630269211	129.0	0.937548	0.746845381179
10317.000011039	274.935483871	5.76511086349	173.0	0.94597	0.775440369978
10317.000006626	353.333333333	5.37524547903	155.0	0.94491	0.738751178461
10317.000017126	172.344827586	5.04208269945	123.0	0.933148	0.726261745016
10317.000014608	232.5	4.92776830136	135.0	0.901736	0.696325661419
10317.000013258	258.5	5.38401431279	152.0	0.933724	0.742835010809
10317.000015264	275.619047619	5.32413033746	147.0	0.938038	0.739496199613
10317.000007732	265.166666667	5.12773755796	131.0	0.939128	0.729052917312
10317.000027644	270.04	5.43470974261	162.0	0.919618	0.740438801948
10317.000007697	353.896551724	6.14620113523	190.0	0.97002	0.811931092644
10317.000004881	196.0	5.01395482406	112.0	0.932918	0.736549641009
10317.000006651	307.2	3.96562783701	132.0	0.746332	0.562948036384
10317.000023808	325.517241379	5.90095019147	178.0	0.967234	0.789347325712
10317.000004642	174.5	3.18861286308	87.0	0.76051	0.494900019709
10317.000002345	280.04	5.53497828523	163.0	0.93282	0.753188602036
10317.000001353	191.677419355	5.45066200825	142.0	0.949818	0.762357313782
10317.000011077	229.375	5.31815889865	140.0	0.94059	0.745959851223
10317.000028759	217.235294118	5.17548059775	120.0	0.944218	0.749321351787
10317.000004631	326.25	6.10918944341	181.0	0.968686	0.814575330666
10317.000009433	159.0	4.83721375414	104.0	0.925264	0.721924822493
10317.000009061	290.238095238	6.16191430801	197.0	0.964404	0.808432486942
10317.000013995	320.5	6.16643107965	184.0	0.973792	0.819615910079
10317.000015155	186.636363636	5.25524336145	124.0	0.948634	0.755693846836
10317.000022965	283.166666667	5.93267025361	184.0	0.96176	0.788545410839
10317.000016701	424.84375	6.39810980526	220.0	0.973976	0.822235449948
10317.000010714	247.620689655	5.802301896	157.0	0.96596	0.795422009689
10317.000002529	225.090909091	5.40475652889	154.0	0.939632	0.743761564843
10317.000021223	299.625	5.67948777232	153.0	0.95626	0.782580164575
10317.000012401	423.166666667	6.23392042688	200.0	0.971764	0.815546534643
10317.000022638	145.75	4.36817833774	97.0	0.882692	0.661853942953
10317.000013972	265.954545455	5.67426500419	153.0	0.9579	0.781860516095
10317.000017163	303.285714286	5.21786945052	149.0	0.93921	0.722779837558
10317.000001126	265.833333333	5.32889247994	143.0	0.937402	0.744272100612
10317.000009472	272.527777778	5.6991386895	178.0	0.939854	0.762351780213
10317.000001026	340.12	6.20335320177	187.0	0.969994	0.821974288198
10317.000010919	211.730769231	4.8620282003	139.0	0.88312	0.68297070458
10317.000014311	290.869565217	5.31997763229	150.0	0.940952	0.735940111388
10317.000005039	215.913043478	4.93799114751	131.0	0.921802	0.702075098629
10317.000001025	308.272727273	4.70854916152	125.0	0.870222	0.675953915467
10317.000004249	261.0	5.36097895633	135.0	0.947528	0.757541140194
10317.000017176	195.315789474	5.0515290472	120.0	0.933036	0.731375280566
10317.000002258	257.25	4.93367130586	133.0	0.915714	0.699287569415
10317.000013118	297.142857143	5.98685075939	165.0	0.967506	0.812732675175
10317.000013431	332.285714286	6.51545496852	202.0	0.979932	0.850780235463
10317.000021159	297.535714286	5.63695227511	167.0	0.954552	0.763431477186
10317.000014197	309.615384615	6.29504289389	185.0	0.975592	0.835841727961
10317.000015541	210.25	4.59287396777	114.0	0.899962	0.672171505505
10317.000022661	270.896551724	5.81302213652	170.0	0.958928	0.784547905033
10317.000014258	273.107142857	6.05389581057	174.0	0.970948	0.813373877411
10317.000014324	215.12	5.23650994858	137.0	0.940928	0.737741093218
10317.000002369	261.526315789	3.89169957544	127.0	0.76446	0.556857227056
10317.000010757	274.105263158	5.72006615779	147.0	0.96489	0.794489788399
10317.000010305	258.512195122	6.32429048977	189.0	0.977016	0.83629830082
10317.000002372	371.714285714	4.86574027356	146.0	0.87368	0.676753686229
10317.000013056	217.869565217	5.62984974245	146.0	0.954526	0.783030197238
10317.000013852	263.541666667	5.77584888541	160.0	0.962092	0.788842612296
10317.000012017	318.15	5.78646862059	168.0	0.952282	0.782767877737
10317.000021237	117.111111111	2.12879313752	62.0	0.467108	0.357528208098
10317.000016489	184.55	4.19324126676	113.0	0.820674	0.614828626913
10317.000012355	311.555555556	5.99171854607	173.0	0.968672	0.805920398789
10317.000018409	215.0	5.43439844926	150.0	0.937552	0.751768536733
10317.000004077	119.111111111	4.539009194	74.0	0.92698	0.730983699648
10317.000004294	271.730769231	5.85130994415	165.0	0.959968	0.794332609132
10317.000022993	366.085714286	6.11316227316	201.0	0.96911	0.7989963367
10317.000010847	260.785714286	5.66095297135	159.0	0.960402	0.774106874945
10317.000008963	171.153846154	3.76647247181	88.0	0.805338	0.583096577869
10317.000013372	196.0	4.74453355969	119.0	0.917864	0.688130378868
10317.000016407	296.058823529	5.81342438929	154.0	0.961314	0.799999333507
10317.000006657	219.052631579	5.37640219437	129.0	0.95385	0.766827546521
10317.000017327	279.0	5.66704773438	168.0	0.94442	0.766613148525
10317.000010764	222.5	5.09088880227	140.0	0.907702	0.714081456743
10317.000005805	338.538461538	5.73113676032	174.0	0.952674	0.770009440958
10317.000018032	299.333333333	5.85008833132	160.0	0.964342	0.798981942393
10317.000012988	159.928571429	3.86356842143	86.0	0.839458	0.601215257837
10317.000013732	158.125	4.23283648964	99.0	0.887682	0.638498836648
10317.000011093	322.96875	6.36737362176	195.0	0.977382	0.837005014789
10317.000003078	267.512195122	6.57050487075	198.0	0.981518	0.861213493868
10317.000004979	242.25	5.46624050111	156.0	0.930592	0.750300441472
10317.000014188	560.166666667	5.50000023041	146.0	0.936992	0.764970019138
10317.000012921	278.375	5.4808717036	150.0	0.956964	0.758197423156
10317.000011223	399.027027027	6.55967020427	228.0	0.97718	0.837452101639
10317.000013608	201.0	5.03917327575	131.0	0.920374	0.716460999807
10317.000009594	231.884615385	4.70117982425	139.0	0.895272	0.660376280156
10317.000022994	411.181818182	6.45877868854	216.0	0.978666	0.832865555656
10317.000002494	213.25	4.42662380657	107.0	0.845174	0.656626193601
10317.000005887	278.076923077	4.68646035344	123.0	0.902234	0.675037891507
10317.000009427	153.0	4.36377013835	93.0	0.881876	0.667328973711
10317.000004078	240.230769231	5.2091306863	150.0	0.925328	0.720606078161
10317.000014803	162.333333333	5.20861393879	124.0	0.932032	0.748988625905
10317.000002244	230.46875	5.53052114333	155.0	0.943908	0.760091614064
10317.000002506	213.55	4.10043483487	119.0	0.848334	0.594712576262
10317.000028817	270.1	5.73246099202	170.0	0.94981	0.773675062017
10317.000027879	331.037037037	5.62436998581	176.0	0.939876	0.753994442653
10317.000002325	224.444444444	4.50028998348	135.0	0.867366	0.635920199101
10317.000026127	296.636363636	5.5090993373	153.0	0.951742	0.759102235778
10317.000031851	321.53125	5.56726411614	182.0	0.939968	0.741531219611
10317.000036428	255.043478261	5.36530120704	147.0	0.944798	0.745214636175
10317.000042001	190.111111111	5.32485550883	131.0	0.948954	0.757078808948
10317.000026648	182.0	4.54017411684	104.0	0.859826	0.677593457716
10317.000027761	343.206896552	6.35221635326	202.0	0.971624	0.829464734366
10317.000030744	275.1875	5.35152554113	137.0	0.939916	0.7539449637
10317.000039842	217.64	5.66851502684	142.0	0.96515	0.792827345093
10317.000041636	214.25	4.9349977589	118.0	0.918474	0.717020732226
10317.000021239	161.105263158	4.97730071748	109.0	0.94026	0.735396744331
10317.000036165	320.75	5.95778110325	172.0	0.968042	0.802258106874
10317.000027762	128.153846154	4.47230879605	90.0	0.879664	0.688910967283
10317.000023342	381.076923077	5.1232224776	138.0	0.928474	0.72071531986
10317.000041617	287.111111111	6.01365711757	173.0	0.9648	0.808871262078
10317.000029227	272.5	5.39343502993	125.0	0.953602	0.774275344961
10317.000030751	155.045454545	4.3284330892	108.0	0.861896	0.640785370269
10317.000042989	171.125	5.13395463805	128.0	0.930412	0.733422091149
10317.000011074	312.333333333	5.76207125427	154.0	0.96506	0.792932504897
10317.000026658	342.434782609	6.0995471737	176.0	0.972996	0.817695970087
10317.000036106	147.0	3.81274688345	82.0	0.854048	0.59971933862
10317.000014136	271.0	5.82788659062	163.0	0.966918	0.793046969259
10317.000031222	251.473684211	5.38125138918	142.0	0.934744	0.752649191536
10317.000005898	293.935483871	6.42547258069	192.0	0.97886	0.847133071532
10317.000030756	194.4375	4.03957583483	105.0	0.842236	0.601642555995
10317.000038402	309.4	5.45813843427	139.0	0.955634	0.766706505716
10317.000033785	318.15625	6.27874645246	193.0	0.974632	0.82697161428
10317.000028955	333.941176471	6.21699067356	197.0	0.971482	0.81565841073
10317.000035491	346.24137931	5.90992171563	189.0	0.957946	0.781503869368
10317.000031319	166.0	5.60934829688	133.0	0.957378	0.795056519446
10317.000036399	125.0	3.97873213978	83.0	0.87674	0.624110985136
10317.000002326	273.1875	5.06665938918	135.0	0.916444	0.715951874073
10317.000036934	192.2	4.3536217684	80.0	0.894338	0.688654110433
10317.000036101	276.058823529	5.58351567567	146.0	0.954944	0.776585802608
10317.000039907	297.636363636	6.5602264403	197.0	0.981592	0.860690348962
10317.000040048	211.107142857	5.68006131885	150.0	0.956018	0.785752356235
10317.000043083	301.956521739	4.70607961177	154.0	0.8785	0.647614951315
10317.000036085	267.666666667	4.67035996104	129.0	0.89657	0.666125885083
10317.000042009	255.545454545	5.64474541559	152.0	0.950572	0.778808204844
10317.000040002	179.055555556	5.15247775931	119.0	0.94273	0.747297163782
10317.000036124	206.363636364	3.30055873325	95.0	0.671302	0.502379189135
10317.000040003	258.516129032	5.8225953819	169.0	0.958434	0.786743714991
10317.000037487	241.2	5.3050831716	158.0	0.898602	0.726347538968
10317.000033728	248.636363636	4.86430222667	142.0	0.899164	0.680346052156
10317.000036081	188.055555556	5.21813240695	120.0	0.937466	0.755496606572
10317.000037612	186.291666667	4.42273827513	115.0	0.871388	0.646080593532
10317.000043003	260.55	5.50710124273	150.0	0.936354	0.76182589141
10317.000028718	184.2	4.88587872035	109.0	0.929346	0.721889133909
10317.000030771	100.461538462	3.56775450935	67.0	0.823676	0.58814738744
10317.000034241	238.434782609	5.5940037365	148.0	0.955966	0.775926197562
10317.000009144	177.111111111	4.40519644186	86.0	0.900826	0.685498747718
10317.000004765	295.9375	5.6843219719	145.0	0.96376	0.791698321055
10317.000009566	198.454545455	4.18815282153	118.0	0.84539	0.608509375176
10317.000006675	317.103448276	6.39428790001	194.0	0.977068	0.841363319921
10317.000031829	129.625	3.62083544876	88.0	0.747384	0.560550163317
10317.000033666	235.375	4.8429243339	121.0	0.924614	0.699959540725
10317.000031926	337.5	5.54141645624	140.0	0.964422	0.777275420693
10317.000027821	167.434782609	4.81118920558	112.0	0.916676	0.706763384702
10317.000013063	164.4	4.71603052694	108.0	0.905358	0.698165665295
10317.000010852	125.0	4.43319366589	92.0	0.899592	0.679566423337
10317.000016754	262.620689655	5.91072205549	172.0	0.953892	0.795921267384
10317.000014234	194.461538462	4.71158361295	104.0	0.91	0.703175285674
10317.000022526	181.142857143	4.91547348352	118.0	0.931212	0.714183991277
10317.000033713	158.5	3.79351005393	94.0	0.755488	0.578756370502
10317.000009621	196.875	4.72126762516	114.0	0.890912	0.690962040275
10317.000001325	149.272727273	4.17907913296	112.0	0.780682	0.613906455711
10317.000014018	258.368421053	5.50670877959	142.0	0.954366	0.770196300309
10317.000013201	241.5	5.42744844682	144.0	0.943188	0.756974228563
10317.000010207	259.2	5.41215549723	129.0	0.955154	0.771926982261
10317.000006777	267.714285714	5.2217215667	146.0	0.939914	0.726265505359
10317.000014165	190.055555556	5.32887124492	122.0	0.946688	0.768875082892
10317.000002125	190.142857143	5.10014158366	122.0	0.94048	0.735872871133
10317.000014678	120.75	2.04840861119	59.0	0.570606	0.348212290632
10317.000002711	157.1	3.14650291455	71.0	0.710552	0.511647528493
10317.000021226	160.25	5.13159410903	119.0	0.94315	0.744268272955
10317.000013755	162.894736842	4.52805109961	106.0	0.899804	0.673023875682
10317.000016381	123.176470588	3.7302117364	84.0	0.813372	0.58354607409
10317.000001221	256.625	5.36169602697	156.0	0.930444	0.73595058528
10317.000009497	256.272727273	4.3620123193	106.0	0.896092	0.64834481156
10317.000002161	219.5	5.35296479145	137.0	0.953652	0.754147731214
10317.000043152	236.055555556	5.11348620219	131.0	0.931758	0.72702668403
10317.000039986	259.285714286	6.11930582691	168.0	0.971418	0.827792622656
10317.000006736	246.451612903	5.73464279413	164.0	0.959338	0.779422665382
10317.000023343	100.0	4.03474874641	71.0	0.893964	0.656083684094
10317.000036151	290.535714286	5.94194463616	169.0	0.968102	0.802870076093
10317.000038424	273.4	5.42164389791	139.0	0.938368	0.76158010616
10317.000036191	282.05	5.466614432	147.0	0.950456	0.7592865578
10317.000005799	73.2	1.80947053876	39.0	0.436058	0.342352476468
10317.000016719	271.3	5.90221370343	154.0	0.965916	0.8122178449
10317.000016723	231.636363636	5.43434933606	140.0	0.950802	0.762257484118
10317.000004927	118.153846154	3.39872014787	75.0	0.798314	0.545644417785
10317.000016717	212.035714286	5.89951332376	153.0	0.968012	0.812897622621
10317.000009694	252.277777778	5.85655666933	171.0	0.96001	0.789521853876
10317.000002382	338.5	5.96410179179	179.0	0.96326	0.796933271648
10317.000001575	232.038461538	5.24111346164	147.0	0.925826	0.727965553238
10317.000001305	247.55	5.08537162775	137.0	0.919178	0.71644810397
10317.000012154	229.625	4.90410044378	119.0	0.930066	0.711273395779
10317.000010555	292.0	5.03160448274	138.0	0.910514	0.707826851175
10317.000001404	220.115384615	5.68576784902	145.0	0.961082	0.791899699249
10317.000001155	145.0	4.67388381922	100.0	0.889446	0.703489612916
10317.000006034	257.130434783	5.42286910119	146.0	0.950756	0.754242201153
10317.000013758	196.0	5.29270922889	118.0	0.953626	0.768993712289
10317.000001782	325.090909091	5.57138077528	184.0	0.944268	0.7405243431
10317.000015538	226.789473684	4.94176010883	124.0	0.927332	0.710615560485
10317.000014556	177.875	3.65440557111	95.0	0.800024	0.55623833901
10317.000010979	229.647058824	4.63618218231	122.0	0.897768	0.668930585089
10317.000013061	273.076923077	6.03488410271	172.0	0.969414	0.812640580702
10317.000005228	67.25	0.923404249999	29.0	0.222542	0.190079839943
10317.000002067	191.0	4.51707620376	121.0	0.879464	0.652863924153
10317.000010822	161.647058824	5.09461542353	106.0	0.941312	0.757234788659
10317.000012156	336.8	5.71876163103	173.0	0.958786	0.769206133236
10317.000008991	241.769230769	5.03953411704	119.0	0.936534	0.730916217084
10317.000001405	158.136363636	4.95465874867	109.0	0.935658	0.732051390877
10317.000010776	269.078947368	6.26767762552	188.0	0.971828	0.829651718787
10317.000013965	186.2	4.94438108792	111.0	0.931586	0.727712460524
10317.000003281	118.5	4.3991440801	75.0	0.916606	0.706256563031
10317.000018434	163.0	4.73272185568	121.0	0.887872	0.684031710611
10317.000002882	173.333333333	4.71973938332	115.0	0.908196	0.689466984569
10317.000002184	198.0	3.63095289385	114.0	0.700798	0.531393434743
10317.000002272	287.75	4.66772712351	128.0	0.897352	0.666818160502
10317.000002126	202.772727273	4.66490753961	125.0	0.901028	0.669688774297
10317.000012202	275.363636364	4.69505430477	109.0	0.925086	0.69369480491
10317.000001794	260.333333333	4.74318480229	130.0	0.896546	0.675439528173
10317.000013182	340.045454545	5.95607894188	170.0	0.968732	0.803855403665
10317.000002276	304.15	4.8753519856	154.0	0.863408	0.670908930418
10317.000006839	156.8125	4.31778380775	103.0	0.873304	0.645746424486
10317.000009198	216.285714286	4.86080136704	142.0	0.89237	0.679856404121
10317.000002793	224.055555556	5.41610877804	129.0	0.952352	0.772490832308
10317.000002922	225.666666667	5.07291892412	139.0	0.924588	0.712594594098
10317.000023223	247.5	4.74250945791	143.0	0.903706	0.662373558803
10317.000002709	169.0	2.77748955855	83.0	0.582804	0.435681941808
10317.000012211	255.5	4.53649352506	116.0	0.885384	0.661491119367
10317.000014897	198.181818182	4.38642603168	115.0	0.8804	0.640776043649
10317.000014594	144.647058824	3.78905975058	94.0	0.765306	0.578077410547
10317.000003838	165.681818182	4.40326695397	110.0	0.883722	0.64931918376
10317.000016737	285.0	5.79597458702	165.0	0.959122	0.786820670947
10317.000011192	248.105263158	4.8491314795	121.0	0.933274	0.700856674457
10317.000003578	270.2	5.77320239471	140.0	0.968526	0.809787236808
10317.000013798	205.083333333	5.11724741254	115.0	0.936692	0.747535585394
10317.000015605	218.0	5.33137647638	138.0	0.94883	0.749997627327
10317.000009219	285.9375	4.59057327114	135.0	0.852674	0.648677813939
10317.000007005	108.153846154	3.31399352038	70.0	0.753986	0.540682084873
10317.000004636	215.0	5.45068213883	128.0	0.958342	0.778668876975
10317.000003088	242.260869565	5.48055653377	149.0	0.93159	0.759167280586
10317.000006703	160.615384615	2.87701364721	81.0	0.683894	0.453798377865
10317.000007865	139.9375	4.55103403363	96.0	0.91063	0.691125277195
10317.000017746	103.230769231	4.71203458562	82.0	0.92704	0.741171221596
10317.000002805	169.769230769	4.0181709673	97.0	0.799618	0.608821822861
10317.000010918	250.2	6.21003442724	167.0	0.975542	0.841045927796
10317.000014668	258.615384615	5.39453495681	127.0	0.955244	0.771895599614
10317.000026105	132.125	4.12776086131	74.0	0.89035	0.664754305774
10317.000001301	162.5	3.31753419271	92.0	0.710112	0.508546437523
10317.000026638	174.5	4.04017863008	107.0	0.854152	0.599302590702
10317.000003491	243.483870968	6.00510475604	170.0	0.965548	0.810472116777
10317.000004703	199.333333333	5.03942685761	126.0	0.926246	0.722262387758
10317.000009097	144.315789474	3.82202342898	99.0	0.791614	0.576530068906
10317.000018414	210.0	4.55766549888	104.0	0.91378	0.680203940427
10317.000012201	237.0	4.56246896184	142.0	0.869824	0.638130116434
10317.000005017	231.275862069	5.56713490443	148.0	0.957852	0.772199308615
10317.000009019	182.0	4.25460915281	98.0	0.874528	0.643204199893
10317.000005885	229.444444444	4.97805667612	140.0	0.919462	0.698254882614
10317.000016414	113.176470588	4.37276958736	84.0	0.901988	0.684066403175
10317.000004864	221.454545455	5.74247558932	141.0	0.967992	0.804318829836
10317.000009221	240.0	5.61817492567	144.0	0.96077	0.783575131475
10317.000009105	179.714285714	5.09130401536	119.0	0.941602	0.738424740166
10317.000014563	183.5	4.59817163162	117.0	0.89523	0.669276205747
10317.000002035	146.461538462	2.94963413424	77.0	0.663906	0.470677294509
10317.000003732	138.956521739	4.97388267949	110.0	0.931632	0.733463920159
10317.000014667	192.0	4.60030539144	117.0	0.871986	0.669586780208
10317.000013814	409.0	4.03283214781	79.0	0.875604	0.639748162081
10317.000018426	138.64	4.81406793104	109.0	0.92376	0.711279081661
10317.000015599	253.076923077	5.60113579011	152.0	0.959774	0.772791364113
10317.000002132	342.75	4.94033438816	160.0	0.873214	0.67473134455
10317.000003225	215.0	3.97364844465	85.0	0.858754	0.619972862359
10317.000009392	114.0	2.58787896604	66.0	0.626592	0.428145305375
10317.000009149	240.285714286	5.16010703071	135.0	0.936754	0.729156632662
10317.000013912	170.090909091	3.98308372681	88.0	0.843408	0.616630682383
10317.000012212	287.055555556	5.50718329181	149.0	0.949706	0.762855621973
10317.000007677	207.0	4.7314519449	105.0	0.925522	0.704688551
10317.000017208	174.107142857	5.08198425757	123.0	0.94073	0.732009166659
10317.000013117	213.55	3.8067123979	119.0	0.731778	0.552112112108
10317.000012055	262.272727273	4.804393521	112.0	0.911668	0.705765099074
10317.000005026	170.166666667	3.87366605581	71.0	0.866102	0.629890299639
10317.000009033	167.833333333	5.42071803344	120.0	0.94933	0.784827551328
10317.000013524	387.285714286	6.00886402948	196.0	0.964242	0.789112671722
10317.000006092	209.25	5.38057918865	135.0	0.938616	0.760310780303
10317.000002274	109.214285714	3.84145327933	76.0	0.841006	0.614836403121
10317.000008999	142.0	3.13544234787	82.0	0.676364	0.493183908773
10317.000016761	269.565217391	5.00325685268	139.0	0.919582	0.702809139951
10317.000013277	208.157894737	4.41762577221	115.0	0.882342	0.645333751029
10317.000007693	178.5625	4.71520832452	111.0	0.908068	0.693982884956
10317.000004025	90.625	2.8560731389	50.0	0.755232	0.506049949337
10317.000010737	188.894736842	5.62616024076	132.0	0.956516	0.798671985898
10317.000001128	182.107142857	5.28667882727	131.0	0.940584	0.751650913945
10317.000003559	195.0	5.5805721276	138.0	0.96209	0.785053517299
10317.000014798	327.153846154	4.9888287022	136.0	0.91409	0.703894865334
10317.000020104	271.724137931	5.38567644906	160.0	0.937426	0.735554403057
10317.000017117	69.125	2.89297002377	50.0	0.708342	0.512587480349
10317.000009766	150.789473684	4.65779493229	101.0	0.915114	0.699556471638
10317.000014561	258.6	5.75856165073	171.0	0.951666	0.776311154634
10317.000004923	116.0625	3.66243636013	81.0	0.79302	0.577685017542
10317.000014172	214.647058824	3.45482346588	107.0	0.713962	0.512473542161
10317.000002056	267.636363636	5.89254750131	161.0	0.96343	0.803794068229
10317.000002243	180.333333333	4.79611083794	98.0	0.90686	0.725067455862
10317.000010274	207.807692308	5.56644443209	142.0	0.960176	0.778551232519
10317.000003507	229.75	4.27046380529	106.0	0.84967	0.634737558823
10317.000017766	189.230769231	4.15001292067	95.0	0.863546	0.63167490552
10317.000001275	114.375	2.47427007659	75.0	0.5676	0.397229426562
10317.000003189	207.476190476	4.80546965178	126.0	0.905556	0.688731096426
10317.000009693	123.142857143	3.22979192116	61.0	0.7518	0.544585223948
10317.000022444	168.083333333	3.25532763832	78.0	0.776992	0.517918746481
10317.000016315	167.0	3.05267669589	81.0	0.67773	0.481506138867
10317.000011315	228.315789474	5.26997060375	132.0	0.941984	0.748108426992
10317.000013913	163.272727273	3.32681294287	85.0	0.75472	0.519052898477
10317.000013498	144.5	3.88647897125	83.0	0.866074	0.609639989384
10317.000002589	186.4	5.39889914809	127.0	0.957662	0.772520064943
10317.000004086	340.291666667	6.39378068333	188.0	0.977146	0.846343965087
10317.000013551	178.0	3.18311964505	84.0	0.70679	0.497960197301
10317.000006766	260.588235294	5.49614944337	142.0	0.949046	0.768719417835
10317.000011962	141.571428571	3.26129200502	83.0	0.728902	0.511572052243
10317.000002199	94.9090909091	3.8647340799	63.0	0.870176	0.646570702622
10317.000012052	193.666666667	4.93782361166	120.0	0.909668	0.714912672107
10317.000010263	266.142857143	5.22336518759	141.0	0.939152	0.731609723044
10317.000010556	202.882352941	3.85247426763	109.0	0.779954	0.56920350906
10317.000040007	153.15	5.16996987335	108.0	0.949188	0.765367279868
10317.000036451	249.12	5.71644745466	158.0	0.953868	0.7826696408
10317.000023129	203.285714286	5.57314023039	151.0	0.95187	0.769940398623
10317.000028914	174.636363636	4.71553633472	112.0	0.922584	0.692711984127
10317.000038479	175.0	4.52375729597	93.0	0.912656	0.69179498872
10317.000026549	208.363636364	4.47724640569	97.0	0.908508	0.678379626027
10317.000042999	266.714285714	5.77946748141	136.0	0.969096	0.815449422573
10317.000041554	299.535714286	6.06446831203	178.0	0.971132	0.811220513417
10317.000037489	226.322580645	5.81790301315	155.0	0.96761	0.799588172095
10317.000031493	246.0	5.13930490925	134.0	0.92753	0.727319564008
10317.000023972	337.923076923	6.41622520828	211.0	0.975648	0.830998935704
10317.000039813	203.714285714	4.6525250789	109.0	0.88479	0.687411106974
10317.000012123	414.774193548	5.96328492484	207.0	0.957612	0.775108212672
10317.000009455	133.615384615	4.95877915184	93.0	0.937958	0.758320648737
10317.000018344	193.65	4.41108969498	111.0	0.899174	0.649222800275
10317.000010548	188.090909091	5.00428401798	94.0	0.94895	0.763477943655
10317.000010161	130.666666667	4.993833864	91.0	0.947702	0.76736193136
10317.000023819	240.882352941	4.65962404762	126.0	0.872704	0.667828164945
10317.000008950B	170.666666667	3.5841133689	84.0	0.798136	0.560690768598
10317.000001067	72.0	1.97821349311	34.0	0.623856	0.38884087311
10317.000009526	149.461538462	5.25918516796	101.0	0.951146	0.789879561739
10317.000013166	98.375	3.96253616394	73.0	0.868848	0.640169382225
10317.000010876	146.4	4.93267653328	97.0	0.939304	0.74738510208
10317.000010993	259.75	4.67872340857	141.0	0.865922	0.655324568399
10317.000015613	100.333333333	2.73393376875	59.0	0.70126	0.464745820171
10317.000018335	206.12	5.51167477969	140.0	0.954744	0.773103658052
10317.000015525	195.125	5.70869429716	147.0	0.96203	0.792910291432
10317.000001622	176.25	4.24542464192	90.0	0.892406	0.653961908707
10317.000012936	143.090909091	1.72296908704	61.0	0.415024	0.290515156712
10317.000009111	138.0	2.65470249328	51.0	0.691424	0.468001310417
10317.000002271	94.9090909091	3.29035186779	63.0	0.787518	0.55047645583
10317.000002465	307.714285714	5.83231336388	161.0	0.964298	0.795577614758
10317.000001747	135.571428571	4.23429794485	88.0	0.866744	0.655521754056
10317.000002038	152.111111111	3.65943475226	74.0	0.833646	0.589332834435
10317.000013724	197.0	4.73948694524	119.0	0.912304	0.687398435744
10317.000023378	209.052631579	4.47557050901	119.0	0.860126	0.649120928594
10317.000012307	152.5	4.48965688138	103.0	0.8684	0.671450912645
10317.000020347	281.516129032	6.06215291956	177.0	0.968478	0.811793402705
10317.000020368	211.136363636	5.38705185057	136.0	0.949676	0.760081847514
10317.000010567	165.272727273	4.83442549034	114.0	0.921384	0.707522802257
10317.000020063	165.285714286	4.91229484186	116.0	0.913526	0.716288780233
10317.000010178	174.894736842	4.69891077603	113.0	0.902086	0.688971770671
10317.000011259	160.0	3.77606467822	94.0	0.763344	0.576094819014
10317.000005025	162.0	4.16109144316	84.0	0.87548	0.650951942457
10317.000013165	249.625	5.06853879719	149.0	0.904242	0.702094539395
10317.000016738	334.5	5.15197433035	156.0	0.899126	0.707164021364
10317.000001225	69.25	2.25929162876	43.0	0.621378	0.416362218008
10317.000003137	201.555555556	4.72727478291	125.0	0.873828	0.678642144191
10317.000009642	134.647058824	3.37835715851	84.0	0.754748	0.528502722107
10317.000015394	127.5	3.63699622045	75.0	0.844566	0.583898231939
10317.000001086	86.4736842105	2.66974669549	68.0	0.652304	0.438564762547
10317.000001756	143.6	3.73485415761	77.0	0.843184	0.59597596525
10317.000012999	148.315789474	4.55974709922	103.0	0.907562	0.68193325951
10317.000001248	197.833333333	5.17280410476	147.0	0.912724	0.71847771079
10317.000016739	225.55	5.07398989344	131.0	0.902254	0.721411166701
10317.000010559	182.214285714	4.98650167538	105.0	0.938862	0.742674908485
10317.000001654	163.1	3.12002911484	77.0	0.76444	0.497867462787
10317.000011375	73.0	2.59849475852	50.0	0.650738	0.460411227916
10317.000042586	307.344827586	6.24782809242	190.0	0.97393	0.825356310039
10317.000041282	131.526315789	4.89100406365	102.0	0.918288	0.733017428144
10317.000001208	105.6	4.01196466558	65.0	0.896082	0.666177289421
10317.000027729	244.84	5.64092583717	151.0	0.958746	0.779305114914
10317.000013573	237.65	5.94956064633	179.0	0.953476	0.794990259435
10317.000010544	67.0	2.16030576992	37.0	0.599214	0.414689530416
10317.000005878	58.5	0.694488068843	30.0	0.150806	0.141533228694
10317.000012987	154.5	4.52206221952	93.0	0.918422	0.691535769377
