	chao1	shannon	observed_otus	simpson	equitability
10317.000002503	236.545454545	5.22588235238	142.0	0.922488	0.73091848775
10317.000013618	289.34375	6.3450470832	183.0	0.979006	0.844239022277
10317.000031796	363.27027027	6.22181803636	210.0	0.966956	0.806536170273
10317.000026504	271.555555556	5.96103063765	166.0	0.966936	0.808271019177
10317.000007104	260.130434783	5.54143601921	149.0	0.953264	0.767600313458
10317.000007077	220.0	5.67451467409	155.0	0.959324	0.779881480583
10317.000016408	264.6	6.13901597476	181.0	0.970894	0.818552283232
10317.000005802	188.5	4.36955395119	101.0	0.886366	0.656265419401
10317.000006952	251.375	5.64051295204	137.0	0.965716	0.794658700625
10317.000013023	260.555555556	5.79002185601	145.0	0.96742	0.806419939782
10317.000002645	264.652173913	4.77059653238	144.0	0.899044	0.665362124627
10317.000002027	214.333333333	5.5688693898	142.0	0.958128	0.778890399439
10317.000027353	321.5	6.1956915054	204.0	0.96181	0.807527115514
10317.000023798	282.0	5.88114931374	167.0	0.954718	0.796503906547
10317.000041962	412.724137931	6.31325686537	206.0	0.975162	0.821343450514
10317.000040352	193.4	4.20565463873	115.0	0.79843	0.614368673014
10317.000028811	268.526315789	4.71908603881	134.0	0.910066	0.66784976974
10317.000027772	402.75	6.68759277414	236.0	0.979766	0.848394723985
10317.000027617	295.3	5.36754995182	149.0	0.939792	0.743513596698
10317.000039924	277.75	5.43095695285	139.0	0.959626	0.762888314058
10317.000039952	105.071428571	4.41321003983	80.0	0.901124	0.698079758831
10317.000026028	287.451612903	5.9168477688	175.0	0.967402	0.794078664527
10317.000001441	220.954545455	4.92660360803	135.0	0.90185	0.696161082688
10317.000016347	273.162162162	6.10072777011	192.0	0.958704	0.804318778047
10317.000001595	364.4	6.05846920058	182.0	0.969872	0.806957234571
10317.000002146	210.807692308	5.68136438053	145.0	0.96163	0.791286395037
10317.000012158	341.783783784	6.30565210435	208.0	0.971644	0.818869095163
10317.000014313	147.0	3.99844773003	84.0	0.855036	0.625508319688
10317.000007749	178.043478261	5.30298526065	129.0	0.93807	0.756356208045
10317.000018083	162.235294118	4.55688809574	104.0	0.903274	0.680087917723
10317.000017335	298.12	5.72792970991	162.0	0.965628	0.780387842757
10317.000002578	311.05	5.79258285142	157.0	0.96306	0.794089651926
10317.000007719	221.666666667	4.966946743	119.0	0.932456	0.720388400899
10317.000009676	203.0	4.19798990377	93.0	0.833982	0.641977053171
10317.000006716	311.096774194	5.74924444286	179.0	0.955712	0.768223672785
10317.000006802	367.272727273	5.58031974431	177.0	0.939142	0.747270287227
10317.000002898	256.625	5.59291978212	156.0	0.956084	0.767688538546
10317.000001647	300.3125	5.57296530102	145.0	0.952304	0.776188839044
10317.000002878	265.714285714	5.33296413544	154.0	0.920884	0.733882040649
10317.000009527	225.0	5.35049940009	132.0	0.951398	0.759540041263
10317.000017667	244.84	5.69810540459	151.0	0.962218	0.787204585789
10317.000009213	214.384615385	5.41380126952	144.0	0.948924	0.755070836645
10317.000031434	259.058823529	4.97360423054	129.0	0.917034	0.709377124625
10317.000027217	264.105263158	4.58376400738	137.0	0.838446	0.645779556053
10317.000001546	331.913043478	6.10226230466	173.0	0.973476	0.820789166293
10317.000009074	262.555555556	5.81514838907	157.0	0.967964	0.797183100979
10317.000027277	265.757575758	5.29092607902	170.0	0.921352	0.714083805892
10317.000001333	119.6	4.26154249682	70.0	0.908472	0.695275856089
10317.000023984	281.2	5.56248474802	165.0	0.94823	0.755123735595
10317.000021327	166.272727273	4.88552505198	115.0	0.925674	0.713685216927
10317.000028933	297.375	5.90719862916	169.0	0.963628	0.79817522769
10317.000015568	412.0	5.98851357427	177.0	0.970068	0.801932230366
10317.000006944	246.526315789	2.74336613517	112.0	0.557844	0.403000308722
10317.000002028	230.24137931	5.32890690897	154.0	0.91685	0.73332371594
10317.000003896	225.724137931	5.75539481102	154.0	0.959348	0.792013743459
10317.000011025	301.615384615	6.09659011774	177.0	0.971986	0.81640494759
10317.000017293	329.5	5.81657524139	187.0	0.957018	0.770724338641
10317.000031284	119.9375	3.62143836604	76.0	0.818994	0.579622340087
10317.000020034	315.206896552	5.67953242121	174.0	0.95556	0.763076116913
10317.000037584	301.15	5.70541845428	151.0	0.965568	0.788214898137
10317.000031847	221.954545455	5.26638486057	136.0	0.937252	0.743056433385
10317.000013935	319.103448276	5.95432472586	181.0	0.965574	0.793926277354
10317.000014019	319.714285714	6.01665701264	183.0	0.9683	0.800545144445
10317.000023052	218.882352941	5.21485861164	125.0	0.94031	0.748639119233
10317.000015385	327.777777778	6.20400478645	186.0	0.974398	0.82290411197
10317.000017354	334.837837838	6.41737449714	209.0	0.972752	0.832629489189
10317.000023475	311.535714286	6.21654016289	181.0	0.974816	0.828889054053
10317.000003475	403.516129032	5.74785655427	203.0	0.945686	0.7498505762
10317.000017269	204.0	5.45321106497	149.0	0.938092	0.755379383306
10317.000014801	312.230769231	5.51958334863	137.0	0.955254	0.77762163993
10317.000009716	362.15	6.47090232389	215.0	0.97872	0.835149879398
10317.000013155	282.111111111	5.63311111672	168.0	0.942842	0.762022353012
10317.000015604	198.166666667	5.52709086723	149.0	0.95287	0.765613221463
10317.000009236	258.130434783	5.39842879232	147.0	0.932668	0.749815899079
10317.000041289	290.0	5.61908312139	171.0	0.945814	0.757508067208
10317.000030735	366.666666667	5.96821760708	187.0	0.963258	0.790817685181
10317.000022541	255.541666667	5.03081793361	143.0	0.903252	0.70264082928
10317.000034132	121.0	3.31844040954	84.0	0.772308	0.519129478413
10317.000026633	327.454545455	5.67486918288	169.0	0.953468	0.766783087298
10317.000028715	155.473684211	4.69802602086	101.0	0.910758	0.705598798271
10317.000026126	213.071428571	4.32390755315	107.0	0.890388	0.641389709669
10317.000033665	291.25	4.791896492	127.0	0.899622	0.685665000894
10317.000028755	345.2	6.02002014083	190.0	0.964324	0.795262215332
10317.000026501	172.2	5.23802373969	112.0	0.935332	0.769465350297
10317.000016485	195.391304348	4.17073661808	121.0	0.82316	0.602806628061
10317.000001001	247.615384615	4.38160133656	116.0	0.86915	0.638905435823
10317.000013049	225.666666667	5.76622287251	151.0	0.96248	0.796615149355
10317.000002334	306.166666667	5.64808441734	152.0	0.957276	0.779268888501
10317.000006797	194.0	4.6986184265	124.0	0.902234	0.675652256104
10317.000013156	317.090909091	6.33819744799	193.0	0.974914	0.834801885197
10317.000001529	271.1	6.04913854771	171.0	0.97127	0.815483798791
10317.000002418b	434.285714286	6.09941822118	189.0	0.968082	0.806562112005
10317.000005849	201.0	4.07081460584	103.0	0.814814	0.608810930215
10317.000003282	195.076923077	4.35148112063	127.0	0.863554	0.622646651789
10317.000011341	269.24137931	5.70800556906	163.0	0.961268	0.776733803356
10317.000013355	333.0	6.11805200382	195.0	0.968488	0.804231149627
10317.000006794	251.954545455	5.15019106731	139.0	0.92551	0.723449037532
10317.000009593	255.24	4.76603208448	153.0	0.84845	0.656714535282
10317.000028723	313.2	5.41590134225	167.0	0.94068	0.733493803073
10317.000002774	218.25	4.40232955574	122.0	0.841156	0.635189207342
10317.000001531	223.972972973	6.08453138649	166.0	0.96987	0.825016793893
10317.000018027	348.483870968	6.21761914698	192.0	0.974772	0.819729714733
10317.000001399	185.115384615	5.11759191478	128.0	0.939136	0.731084559254
10317.000001948	230.461538462	4.90049142035	112.0	0.92677	0.719881874305
10317.000001032	164.3	5.32484327626	117.0	0.950916	0.775045211367
10317.000016697	369.0	6.71584830374	219.0	0.983604	0.86379835901
10317.000011162	241.714285714	3.90808371655	130.0	0.74321	0.55651937076
10317.000005999	313.647058824	4.98840769998	146.0	0.92008	0.693814940702
10317.000001362	329.0	6.24712035633	191.0	0.974058	0.82443801164
10317.000010947	185.5	5.63084982182	121.0	0.965438	0.813840312883
10317.000002851	260.833333333	5.20038988312	138.0	0.92947	0.731570934972
10317.000035452	252.444444444	6.31951574631	173.0	0.976592	0.850010996221
10317.000005928	337.032258065	5.90332594224	193.0	0.94895	0.777525103305
10317.000027807	437.647058824	5.91709774026	175.0	0.966896	0.794112212291
10317.000031313	398.652173913	6.14910939651	192.0	0.969048	0.810697402383
10317.000014458	192.214285714	5.29007777388	115.0	0.947208	0.772782917587
10317.000016759	269.84375	5.84785454658	176.0	0.956652	0.783954441243
10317.000014308	410.565217391	6.00249202849	191.0	0.960944	0.792154194347
10317.000010546	170.103448276	4.50006709242	117.0	0.881842	0.654996827111
10317.000015305	320.157894737	6.51257651404	210.0	0.977618	0.844227280442
10317.000014295	237.75	4.87403058705	114.0	0.917892	0.713319046106
10317.000011055	298.477272727	5.90659449873	197.0	0.953598	0.774934970089
10317.000002818	296.5	3.50047538784	124.0	0.664844	0.503361600911
10317.000009667	212.9375	4.49731756724	106.0	0.89824	0.668455817457
10317.000012254	240.285714286	4.91630640539	135.0	0.911084	0.694706021086
10317.000026037	313.607142857	6.00000378769	180.0	0.964906	0.800870453617
10317.000007037	225.75	5.46413822918	156.0	0.91949	0.750011881984
10317.000015594	346.0	6.40150529319	199.0	0.979352	0.838263710903
10317.000004286	272.217391304	5.29619542859	145.0	0.944042	0.737641014975
10317.000001351	261.4	4.89471487588	127.0	0.911828	0.700377123201
10317.000010115	239.130434783	5.19992656136	143.0	0.9209	0.726259777134
10317.000010981	293.055555556	5.85969998745	155.0	0.964234	0.80533257282
10317.000013028	281.04	5.70237581127	164.0	0.952978	0.775037105778
10317.000017095	281.529411765	6.10714239585	179.0	0.972088	0.816046596765
10317.000011048	364.037037037	6.02120130194	188.0	0.967346	0.797025678056
10317.000002079	168.454545455	5.04595224185	115.0	0.94332	0.737120674239
10317.000014937	303.6	6.06147964081	174.0	0.969488	0.814392806312
10317.000013653	187.055555556	4.96520992609	119.0	0.919932	0.720136499112
10317.000021178	229.896551724	5.40123727978	149.0	0.939454	0.748179968991
10317.000006741	246.125	5.62573672706	164.0	0.951062	0.764620722155
10317.000014548	317.565217391	5.75659793493	166.0	0.960208	0.780551478879
10317.000013215	367.714285714	5.90686259315	177.0	0.960386	0.790998205989
10317.000010867	337.473684211	5.57220953387	154.0	0.960118	0.766805176217
10317.000026613	247.2	5.7405171757	162.0	0.961348	0.782102791398
10317.000006909	276.78125	5.91068143161	173.0	0.96459	0.795020443609
10317.000011163	212.565217391	5.05622308345	133.0	0.912416	0.716657785095
10317.000012276	363.1	5.84558939593	188.0	0.951834	0.773779951589
10317.000015003	221.476190476	5.31771029669	140.0	0.923498	0.74589692737
10317.000001613	298.4	5.80374630117	172.0	0.958242	0.781516212104
10317.000006029	284.375	5.62802345058	156.0	0.95615	0.772506895503
10317.000005024	375.666666667	5.96299703937	196.0	0.954698	0.78308919991
10317.000026632	258.137931034	6.00830322216	165.0	0.97122	0.815644910365
10317.000033799	149.272727273	4.97005955949	92.0	0.950658	0.761862858508
10317.000029152	281.4	4.10756627499	125.0	0.775648	0.589677501791
10317.000022999	248.043478261	5.24840054641	140.0	0.9339	0.736175087163
10317.000037575	305.512195122	6.54343088695	210.0	0.979582	0.848226942215
10317.000027681	279.275862069	6.18842272725	181.0	0.970252	0.825139985598
10317.000021296	380.333333333	6.23379376795	197.0	0.971946	0.817862947617
10317.000028712	259.730769231	5.36499323568	153.0	0.942624	0.739245766103
10317.000027363	328.0	5.60254509735	167.0	0.9483	0.758771596942
10317.000033801	416.5	5.33480642107	139.0	0.938956	0.749382017153
10317.000011225	288.375	5.69848021204	160.0	0.958762	0.778275904679
10317.000011409	218.0	5.26236409016	134.0	0.940424	0.744735022206
10317.000009475	184.833333333	4.80554377773	114.0	0.914306	0.703295935946
10317.000012928	221.8125	5.37128990006	129.0	0.949102	0.766098388254
10317.000028841	256.545454545	5.78583321336	153.0	0.965226	0.797233569263
10317.000017357	273.724137931	5.67120872966	162.0	0.952776	0.772660030849
10317.000014534	318.15	5.26559910175	148.0	0.944802	0.730374250959
10317.000016715	336.64	6.30393849254	187.0	0.976752	0.835302325485
10317.000008954A	272.3	5.48158516492	155.0	0.93906	0.753366058577
10317.000015912	224.047619048	5.18098329953	134.0	0.932224	0.73321793143
10317.000016725	267.333333333	6.25947332806	170.0	0.979286	0.844802681085
10317.000018358	278.0	4.57753160659	118.0	0.867778	0.665083395109
10317.000010102	206.2	5.43654351775	139.0	0.95528	0.763673060673
10317.000018415	220.5	5.26422288144	132.0	0.947644	0.747292498439
10317.000008949B	278.714285714	5.68177630321	157.0	0.955144	0.778899479329
10317.000010869	223.2	5.78650797837	150.0	0.955608	0.800477675001
10317.000014571	267.666666667	6.16760299866	179.0	0.972794	0.824125443788
10317.000011949	277.625	4.90100249231	131.0	0.904176	0.696816115174
10317.000010827	256.5	5.65894036393	150.0	0.960648	0.782830584943
10317.000014162	227.5	5.54865557415	145.0	0.955666	0.772803040342
10317.000010821	193.833333333	5.23497375299	123.0	0.927562	0.754045778222
10317.000016736	338.625	5.64367201786	168.0	0.956452	0.763450985001
10317.000001929	213.032258065	5.50745531358	148.0	0.951818	0.763921345249
10317.000003196	280.121212121	5.90957544343	177.0	0.961562	0.791361488472
10317.000028833	117.666666667	3.98351425708	66.0	0.889122	0.659042772264
10317.000004291	398.142857143	6.07936337824	181.0	0.971846	0.810598440258
10317.000035347	360.25	6.09182023232	187.0	0.970788	0.807195630561
10317.000031035	207.565217391	4.81731202832	128.0	0.882168	0.688187432618
10317.000016765	314.714285714	5.87704574836	168.0	0.96186	0.795020750901
10317.000004918	296.0	6.1035871241	177.0	0.972522	0.817341928838
10317.000001347	387.272727273	5.65862113269	180.0	0.94659	0.755303268755
10317.000005938	317.6	5.41247758552	175.0	0.938288	0.726388972785
10317.000003982	255.730769231	4.86304931603	149.0	0.876654	0.673630114361
10317.000001934	308.75	5.2363960513	160.0	0.921678	0.715166276347
10317.000015355	212.0	5.70026182663	153.0	0.952432	0.785442634483
10317.000002418a	260.137931034	6.15782323386	167.0	0.97669	0.83397478961
10317.000026083	320.615384615	5.44043299624	170.0	0.928044	0.734261836517
10317.000016741	274.055555556	5.23882369031	136.0	0.94099	0.739167711726
10317.000009476	186.2	4.48846350628	111.0	0.882088	0.660610653597
10317.000003729	354.689655172	5.59691031473	184.0	0.944704	0.743917621389
10317.000017219	284.516129032	6.18800557	180.0	0.974494	0.825964616556
10317.000003366	229.043478261	4.2868433641	121.0	0.892354	0.619587816248
10317.000004283	89.0	3.14781354037	62.0	0.759408	0.52867144049
10317.000003473	366.56097561	6.30037418622	223.0	0.967026	0.807647100597
10317.000016734	279.615384615	5.50333685418	155.0	0.95583	0.756355519457
10317.000007068	200.272727273	4.8643311383	102.0	0.93159	0.729019942374
10317.000011342	331.454545455	5.83920914168	173.0	0.952508	0.785407012011
10317.000026056	251.5	4.47388552538	112.0	0.897462	0.657213495786
10317.000012209	281.4	5.44785188998	150.0	0.943116	0.753629620997
10317.000016355	280.551724138	6.17828404566	177.0	0.974158	0.827344723047
10317.000015185	236.117647059	4.99672595795	132.0	0.90688	0.70931947777
10317.000003028	261.333333333	4.98551527423	143.0	0.902216	0.696313528516
10317.000012985	321.303030303	5.85218827389	186.0	0.956372	0.776238890905
10317.000016755	340.434782609	5.79594878931	174.0	0.942156	0.778717290081
10317.000014327	293.15	5.39140427685	143.0	0.953068	0.753002955395
10317.000013249	239.066666667	5.10645523975	125.0	0.94129	0.733076855536
10317.000008950A	165.272727273	3.54716166717	87.0	0.782148	0.550549864274
10317.000016716	235.1875	5.91517299136	164.0	0.966946	0.8039593859
10317.000022662	278.625	5.7309234366	163.0	0.957542	0.779852420218
10317.000022443	290.333333333	4.89959018479	132.0	0.92314	0.695530389381
10317.000017074	211.64	5.26214778019	136.0	0.942872	0.742458605859
10317.000002511	224.444444444	4.88477680614	145.0	0.891734	0.680339645656
10317.000013821	191.25	4.80755483983	105.0	0.927786	0.716023092569
10317.000004819	138.0	4.71279586102	93.0	0.918086	0.720703686385
10317.000003594	277.545454545	5.35907928842	148.0	0.946252	0.743340585844
10317.000001391	128.052631579	3.73249084673	87.0	0.820022	0.579314539873
10317.000017075	277.076923077	4.7032868973	122.0	0.889968	0.678612774979
10317.000010834	176.933333333	5.31396653472	131.0	0.935338	0.755530633315
10317.000014303	208.956521739	5.80481999964	142.0	0.967246	0.811891651917
10317.000015265	251.714285714	5.44732396781	140.0	0.952696	0.764077391073
10317.000003193	189.0	4.69043853543	95.0	0.922728	0.713933275715
10317.000014933	155.571428571	4.01456051547	88.0	0.86094	0.621503679037
10317.000013619	354.107142857	6.45162675522	198.0	0.978324	0.845631824083
10317.000005015	228.038461538	5.67182362304	143.0	0.964552	0.792168372343
10317.000022925	195.25	5.20655850814	121.0	0.949502	0.752516465434
10317.000003439	316.15	5.07731431787	146.0	0.937356	0.706180557855
10317.000016735	306.034482759	5.82647725384	171.0	0.964054	0.785466850702
10317.000011168	237.652173913	5.6098347867	150.0	0.955988	0.776037555635
10317.000004972	232.724137931	6.07313332318	161.0	0.972204	0.828427524708
10317.000009382	342.75	5.82167359657	160.0	0.96807	0.795101170228
10317.000006001	152.272727273	4.28056506113	101.0	0.890928	0.642900135002
10317.000027308	240.230769231	5.37739080066	150.0	0.924264	0.743882372887
10317.000003895	332.045454545	5.59551082975	162.0	0.956108	0.762346754709
10317.000001322	164.5	4.89439180124	107.0	0.937412	0.726012870954
10317.000002019	229.65	5.37425288447	132.0	0.949354	0.762912011084
10317.000026106	256.541666667	5.48061735647	153.0	0.937652	0.755177685866
10317.000008957B	325.576923077	6.19866157231	185.0	0.973336	0.823044431465
10317.000001047	160.714285714	4.7247225578	107.0	0.909712	0.700844870609
10317.000017071	299.111111111	4.41575190685	109.0	0.851716	0.652427844006
10317.000015262	240.4	5.37539495572	141.0	0.951606	0.752903745683
10317.000003981	242.235294118	5.18685783255	131.0	0.94429	0.737458536394
10317.000014334	300.588235294	6.12268685336	188.0	0.970296	0.810459308054
10317.000011378	261.785714286	5.60111794906	160.0	0.95628	0.764978551616
10317.000016718	256.9	5.69633492776	143.0	0.965034	0.795591800442
10317.000016714	256.085714286	6.41828862097	181.0	0.980148	0.855789401223
10317.000007748	210.5	5.0940933347	131.0	0.929148	0.724269439444
10317.000007073	313.615384615	5.57027114026	163.0	0.956204	0.75799118206
10317.000001247	348.428571429	6.52548403799	207.0	0.98053	0.848182894705
10317.000002036	168.125	4.86775943688	115.0	0.929052	0.71108998781
10317.000016742	274.0	5.46647751949	140.0	0.95391	0.766763993868
10317.000015627	266.37037037	5.6971160843	158.0	0.959338	0.780022878661
10317.000012112	218.724137931	5.66320425519	147.0	0.95935	0.786591942514
10317.000002437	177.652173913	4.77223802249	120.0	0.91825	0.690938701928
10317.000003731	280.206896552	5.37562062397	160.0	0.947252	0.73418101821
10317.000013171	234.65	5.3899262611	137.0	0.94557	0.75935501532
10317.000001487	219.454545455	5.56267214547	139.0	0.960574	0.781390390599
10317.000014306	228.434782609	5.12118744408	138.0	0.934742	0.720429039137
10317.000002064	329.64	6.01290576492	180.0	0.967898	0.802592587923
10317.000003492	311.565217391	5.32707585961	160.0	0.923278	0.727550966163
10317.000002336	242.8	5.19160857027	142.0	0.911814	0.726124782247
10317.000006074	237.055555556	5.57744063077	132.0	0.964248	0.791755903527
10317.000012061	302.461538462	4.62701217557	122.0	0.900566	0.667607492567
10317.000016756	242.65625	5.84572963083	165.0	0.963064	0.793575065115
10317.000011018	317.0	6.12783820893	200.0	0.965028	0.801668432372
10317.000015261	312.681818182	5.66987514273	158.0	0.958874	0.776293174483
10317.000013458	324.25	6.03970847607	179.0	0.965404	0.807035963447
10317.000041935	220.9375	4.15769495611	114.0	0.822532	0.608482640214
10317.000033721	254.666666667	6.03808226907	160.0	0.97177	0.824657411384
10317.000031491	220.294117647	6.15352299866	161.0	0.975758	0.839393366611
10317.000017671	224.230769231	5.03489761155	110.0	0.939174	0.742461368257
10317.000036943	256.689655172	5.75896873889	161.0	0.960656	0.785572778226
10317.000036102	259.75	5.98096698139	162.0	0.966412	0.81486228997
10317.000028894	285.714285714	5.04415951449	139.0	0.931496	0.708554750343
10317.000040401	221.115384615	5.69650281536	146.0	0.963	0.792300670024
10317.000040358	257.833333333	5.3771206071	135.0	0.945146	0.75982206027
10317.000031506	381.333333333	5.89934326126	182.0	0.956052	0.78576247007
10317.000016446	248.823529412	5.58192512604	165.0	0.940394	0.757762824337
10317.000028793	239.375	5.30590242947	125.0	0.949574	0.761709265265
10317.000042026	312.848484848	6.05184975298	186.0	0.965286	0.802722147736
10317.000037582	231.55	5.46568421521	137.0	0.953244	0.770028107978
10317.000029202	207.142857143	4.41932694137	120.0	0.869182	0.639843194299
10317.000022618	308.884615385	6.00121050623	178.0	0.964192	0.80275876095
10317.000021229	142.6	3.20640294611	76.0	0.705674	0.513194645618
10317.000034121	113.058823529	4.29801719745	82.0	0.905978	0.676049082152
10317.000036071	258.5	4.68559332579	119.0	0.906262	0.679581895656
10317.000036166	260.954545455	5.65591602803	148.0	0.962504	0.784513851632
10317.000031593	149.0	4.69584452813	110.0	0.88781	0.69246356579
10317.000012263	191.714285714	4.55210183937	97.0	0.921066	0.68972150818
10317.000034194	378.75	5.76915045519	174.0	0.952714	0.775116787922
10317.000036131	304.391304348	5.74623271908	160.0	0.958358	0.784797753354
10317.000002347	219.235294118	4.82502473911	122.0	0.921928	0.696177694249
10317.000016767	280.387096774	6.04431221806	181.0	0.965634	0.805924856199
10317.000036109	140.214285714	4.1887371938	90.0	0.838174	0.645229818303
10317.000004973	340.037037037	6.15380961112	185.0	0.96893	0.817089088287
10317.000040395	154.052631579	5.13121985812	113.0	0.937072	0.752358535809
10317.000031379	246.916666667	5.55605739177	152.0	0.94687	0.766571876093
10317.000004737	260.666666667	5.63052583624	172.0	0.932448	0.758190829741
10317.000006666	240.0	4.5355658545	114.0	0.906092	0.663784408223
10317.000003969	168.5	4.87594675721	104.0	0.933986	0.727705488344
10317.000001749	379.607142857	6.00928084189	192.0	0.964584	0.792262432585
10317.000009507	294.885714286	6.12290960398	183.0	0.973452	0.814682562599
10317.000017356	248.111111111	3.97770950147	95.0	0.827824	0.605448542344
10317.000040348	303.607142857	5.64072395486	170.0	0.955182	0.761293877389
10317.000026595	241.0	5.81777718313	170.0	0.959062	0.785189664477
10317.000012335	286.75	5.29551562835	148.0	0.937542	0.734523875776
10317.000022554	418.833333333	6.06816082102	176.0	0.971874	0.813488363625
10317.000003718	293.129032258	6.1483643366	186.0	0.967152	0.815523918602
10317.000006113	226.047619048	4.80892945038	127.0	0.904584	0.688102220362
10317.000006662	260.6	5.99970285601	164.0	0.969684	0.815448243144
10317.000013756	314.0	6.33964942839	194.0	0.972748	0.83417396489
10317.000001216	290.333333333	6.06142530591	184.0	0.969282	0.805658987234
10317.000010945	310.037037037	5.17719826633	165.0	0.916078	0.702819957607
10317.000016722	281.12	5.95345821674	161.0	0.971172	0.812102812748
10317.000016358	244.541666667	4.67401273096	132.0	0.912826	0.663508124584
10317.000035392	250.464285714	5.72218042407	154.0	0.963646	0.787443031666
10317.000043118	356.6875	6.3437631596	202.0	0.973988	0.828360926554
10317.000006685	168.0	4.90959102303	102.0	0.933314	0.735803065813
10317.000005992	265.05	4.10953807129	130.0	0.816612	0.585206896121
10317.000012947	232.903225806	5.65794057869	155.0	0.959674	0.777603606473
10317.000012122	258.5	5.4512276962	149.0	0.95023	0.75510464685
10317.000004758	304.0	5.40558336893	146.0	0.9462	0.751838007264
10317.000042014	399.78125	6.31684363237	209.0	0.97436	0.819585998799
10317.000014612	339.047619048	5.8554924166	165.0	0.96854	0.794900392122
10317.000027267	366.689655172	6.12352349126	196.0	0.967432	0.804170298884
10317.000006625	240.882352941	4.81406828396	126.0	0.912404	0.689963472406
10317.000008951B	115.714285714	3.97145103114	78.0	0.86751	0.631853124566
10317.000006778	361.689655172	6.15838517046	191.0	0.973716	0.812727550495
10317.000012971	367.0	6.29391497779	211.0	0.971586	0.815157897077
10317.000017652	447.5	6.61655369063	229.0	0.978206	0.844033892917
10317.000015254	344.875	5.94973833209	178.0	0.965462	0.795873526929
10317.000001438	380.058823529	5.73226110399	160.0	0.965302	0.782889565385
10317.000006803	244.916666667	5.60883072355	150.0	0.955794	0.775898658369
10317.000013299	323.64	5.54629146281	167.0	0.95006	0.751152977302
10317.000036039	208.0	5.04262045555	121.0	0.929792	0.728822103086
10317.000011026	296.5	5.5360085207	154.0	0.9409	0.761823467594
10317.000012993	290.90625	5.786691424	174.0	0.963232	0.777473512627
10317.000009218	263.541666667	5.83347140691	160.0	0.96322	0.796712468534
10317.000009419	336.272727273	5.8769551346	174.0	0.959608	0.789600933808
10317.000010693	344.6875	6.00145083946	190.0	0.96788	0.792809156472
10317.000008951A	119.176470588	3.81616538534	80.0	0.850462	0.603639479611
10317.000001669	214.37037037	4.93193202072	130.0	0.924246	0.702317530502
10317.000036068	239.916666667	5.38355881546	145.0	0.942586	0.749808771666
10317.000042981	349.0	5.9562218909	169.0	0.965602	0.804799205578
10317.000004075	297.375	5.96307544261	169.0	0.963148	0.80572525116
10317.000028776	396.571428571	6.50511303429	235.0	0.9743	0.825887010518
10317.000004011	203.052631579	4.5638275923	113.0	0.91049	0.669165371972
10317.000004285	429.956521739	5.89069619202	188.0	0.962286	0.779750732658
10317.000011964	306.483870968	5.84668457645	183.0	0.9611	0.777929494558
10317.000012011	317.555555556	6.0172133615	179.0	0.965922	0.804030128559
10317.000026116	206.772727273	4.9082912819	129.0	0.89714	0.700061644429
10317.000015607	233.333333333	5.9644688813	161.0	0.96412	0.813604761923
10317.000011031	209.0	5.50945805926	150.0	0.941524	0.762151922071
10317.000018035	357.0	6.05724541712	196.0	0.952676	0.795466346206
10317.000022498	295.206896552	6.06641669716	175.0	0.968046	0.814151767559
10317.000018398	242.260869565	5.66237293477	149.0	0.957844	0.78435250801
10317.000023929	296.103448276	5.16239774964	173.0	0.87902	0.694372010485
10317.000009558	235.875	5.36433489223	156.0	0.938458	0.736312797988
10317.000012391	271.028571429	6.18721310136	183.0	0.973246	0.823238452106
10317.000040145	213.035714286	6.14462155911	154.0	0.978246	0.845576173828
10317.000002051	252.774193548	5.55071394069	168.0	0.927576	0.750876027534
10317.000016726	316.615384615	6.45302322898	192.0	0.977878	0.850765343713
10317.000005927	302.677419355	5.5788126067	182.0	0.936138	0.743069419724
10317.000018369	285.5	5.70735947504	167.0	0.947252	0.77296696197
10317.000002191	317.75	6.28910372106	204.0	0.971502	0.819702172488
10317.000013539	376.24	6.0070466242	190.0	0.964818	0.793548375955
10317.000026622	367.357142857	6.22917982788	222.0	0.965902	0.799184946594
10317.000004289	284.34375	5.90285720618	178.0	0.957862	0.789602419707
10317.000014543	274.045454545	4.33934458479	134.0	0.880344	0.614108379873
10317.000018025	248.476190476	5.35579330267	140.0	0.93979	0.751238699592
10317.000011073	229.5	5.27585133256	147.0	0.943418	0.732790477103
10317.000001111	238.0	4.91560333846	134.0	0.901234	0.695661094272
10317.000013053	142.25	4.09567348891	91.0	0.86294	0.629348913933
10317.000010225	352.785714286	6.52690070623	200.0	0.981344	0.853875392758
10317.000003226	382.454545455	6.20609040687	188.0	0.972168	0.821499426205
10317.000013167	241.275862069	5.7275918021	158.0	0.958634	0.784195473492
10317.000018299	169.7	4.7217884902	122.0	0.910172	0.681282273476
10317.000010879	239.066666667	4.87705744663	125.0	0.915548	0.700144771547
10317.000013685	339.333333333	5.88086166691	202.0	0.952628	0.767915809084
10317.000020032	245.37037037	6.04739048589	161.0	0.971972	0.824915980694
10317.000013055	276.433333333	5.26079619856	163.0	0.926152	0.71587846062
10317.000003579	269.533333333	5.77112568859	172.0	0.949912	0.777123611831
10317.000001284	259.714285714	4.71382941789	138.0	0.873576	0.663123471903
10317.000013684	230.0	5.67391828032	150.0	0.959856	0.784902557838
10317.000006665	331.675675676	6.71523760562	211.0	0.984422	0.869725597547
10317.000002638	297.3125	5.49899974674	142.0	0.956284	0.769118075762
10317.000002443	369.96875	6.36781671949	209.0	0.975028	0.826199559455
10317.000017349	324.375	6.77567550846	222.0	0.981766	0.869298690838
10317.000005814	355.476190476	5.96365749968	169.0	0.970228	0.805803898175
10317.000001482	174.105263158	4.34556772961	107.0	0.877942	0.644602686385
10317.000020071	274.136363636	5.6651480047	148.0	0.961082	0.785794389309
10317.000004026	268.363636364	5.83398331284	175.0	0.95192	0.782957726641
10317.000013134	301.5	6.11417760912	174.0	0.974976	0.821473065398
10317.000004822	240.965517241	5.95822521279	167.0	0.967458	0.806942555766
10317.000009101	343.64	6.38550018145	187.0	0.97921	0.846109643562
10317.000013159	292.0	6.06436224319	187.0	0.965294	0.803557314259
10317.000018073	227.756756757	5.65924581306	168.0	0.953254	0.765557739123
10317.000021267	201.44	5.00647453266	133.0	0.924614	0.70960653644
10317.000016772	307.483870968	6.05507242227	184.0	0.96958	0.80481458884
10317.000009596	326.647058824	5.57046458621	150.0	0.95509	0.770591271507
10317.000009003	263.275862069	5.54932324239	165.0	0.937668	0.753337022329
10317.000006635	242.75	5.08995267626	154.0	0.909894	0.700440648388
10317.000017265	300.75	5.68985067708	162.0	0.952336	0.775199857605
10317.000001734	272.941176471	5.98587963541	180.0	0.965052	0.798985185433
10317.000001286	255.307692308	5.41103219184	157.0	0.933062	0.741783895025
10317.000014397	318.8	6.12335716191	176.0	0.97362	0.82088790071
10317.000010746	153.2	4.3188341144	93.0	0.900964	0.660457138166
10317.000010873	218.5	4.9515394125	130.0	0.913234	0.705109664481
10317.000016731	301.451612903	6.13498340702	189.0	0.964788	0.81126510668
10317.000016458	427.7	6.32430016726	213.0	0.967336	0.817651919436
10317.000009174	310.076923077	5.97524384226	176.0	0.964354	0.801032055489
10317.000004719	268.0	5.90637327188	177.0	0.961222	0.79093268013
10317.000018345	228.142857143	5.47160860504	141.0	0.944928	0.766379893494
10317.000013222	303.15	5.29265770252	153.0	0.930958	0.729278607846
10317.000003809	247.230769231	5.70798936617	157.0	0.955102	0.782492957847
10317.000004847	183.111111111	5.35988793742	134.0	0.937514	0.758536694479
10317.000002261	312.675675676	5.96695186034	192.0	0.960102	0.786681787784
10317.000014134	319.090909091	5.33301082515	130.0	0.944646	0.759431998884
10317.000016729	341.325	6.39752623451	210.0	0.975774	0.829313277606
10317.000014877	330.454545455	5.84181552105	172.0	0.956714	0.786642506565
10317.000001652	220.033333333	6.04752196578	157.0	0.971976	0.829038571566
10317.000017083	252.307692308	5.59866442394	154.0	0.95892	0.770445697364
10317.000002606	224.405405405	5.51427798513	161.0	0.936256	0.75219485868
10317.000011357	321.035714286	5.84349270662	178.0	0.963042	0.781661459786
10317.000004813	301.21875	5.99089374526	187.0	0.961526	0.793822383114
10317.000013453	240.285714286	5.27451658722	149.0	0.931254	0.730626605026
10317.000016768	289.0	6.2372896328	181.0	0.975014	0.831655706891
10317.000013174	155.882352941	3.84797400704	95.0	0.805634	0.585701457755
10317.000016166	233.125	5.18183181953	141.0	0.925664	0.725792359178
10317.000003595	206.724137931	4.27476067045	135.0	0.854146	0.604051442605
10317.000012184	292.724137931	5.97485533156	181.0	0.962428	0.796663747698
10317.000011358	386.25	6.62248060425	213.0	0.981498	0.856202873723
10317.000013471	387.5625	5.99445354134	207.0	0.959904	0.779159511734
10317.000001436	369.454545455	5.83984920052	175.0	0.960972	0.783744966137
10317.000009385	322.096774194	6.15692251954	190.0	0.970194	0.813347418776
10317.000006053	279.04	5.39868333226	162.0	0.934674	0.73553047135
10317.000002185	206.0	5.15925923957	130.0	0.93307	0.734689406328
10317.000016488	135.461538462	4.15471449729	87.0	0.84428	0.644847265845
10317.000001516	209.0	4.93133467829	125.0	0.898882	0.707936748651
10317.000011352	319.823529412	6.13074504634	194.0	0.9647	0.806686230967
10317.000004009	197.6	5.40155314396	136.0	0.947838	0.76212789611
10317.000013801	228.142857143	5.52435473856	141.0	0.952802	0.773767771374
10317.000003996	377.96875	6.33203836043	217.0	0.964628	0.815821241243
10317.000017339	273.0	5.73127567262	162.0	0.952002	0.780843705303
10317.000010183	407.823529412	6.54802429152	225.0	0.97706	0.838009682032
10317.000012318	216.666666667	4.85629920796	142.0	0.883224	0.679226709252
10317.000007666	326.533333333	6.01504088738	187.0	0.964576	0.79702199618
10317.000006026	164.5	5.30651540322	115.0	0.956874	0.775184152447
10317.000002349	272.916666667	5.40635197482	151.0	0.948296	0.746898269649
10317.000015908	180.0	5.46321173803	129.0	0.954736	0.779209051283
10317.000001423	163.230769231	4.58320914594	118.0	0.888596	0.665908301951
10317.000011036	291.6	5.80673179219	162.0	0.96335	0.79112404067
10317.000005845	286.9375	5.97310712984	178.0	0.96467	0.798999480787
10317.000009118	269.615384615	5.6750160306	160.0	0.959478	0.775071259517
10317.000005576	258.464285714	5.87877630302	162.0	0.966994	0.800939569707
10317.000013584	173.0	4.88558624824	124.0	0.9013	0.702537867811
10317.000002801	275.5	6.21216323178	183.0	0.968792	0.826558186922
10317.000013265	325.0	6.01773928518	187.0	0.965544	0.797379546934
10317.000010833	182.4	4.79733218199	123.0	0.913868	0.691007873055
10317.000013238	160.571428571	4.87578557736	93.0	0.944852	0.745628867291
10317.000012983	326.6	5.61232075981	184.0	0.92166	0.745965912501
10317.000004915	313.882352941	5.82601081744	155.0	0.96531	0.800702474688
10317.000001099	397.8125	6.93971562433	254.0	0.98479	0.86869314492
10317.000010881	216.2	4.80130347261	133.0	0.902366	0.680526047895
10317.000015856	327.5	6.24578477777	194.0	0.971996	0.821823211327
10317.000017324	263.965517241	4.0224446222	155.0	0.711008	0.552827906473
10317.000003061	294.625	5.82529507407	175.0	0.957984	0.781791709648
10317.000028859	294.0	6.0266905122	174.0	0.969694	0.80971869739
10317.000014922	261.365853659	6.06504749204	190.0	0.963986	0.80121045973
10317.000012903	380.807692308	6.23531292035	198.0	0.973002	0.817278996232
10317.000014684	275.24	6.18123992533	173.0	0.970992	0.831412107784
10317.000012991	344.59375	6.53933064534	208.0	0.977806	0.849215224675
10317.000014121	207.8	4.79537516242	128.0	0.88588	0.685053594632
10317.000004736	307.483870968	5.55826871091	184.0	0.91637	0.738781543021
10317.000011248	288.7	6.23121345086	193.0	0.972146	0.820711058393
10317.000010962	336.785714286	6.05138426743	184.0	0.967554	0.804324374913
10317.000016773	287.111111111	5.93388459473	173.0	0.965812	0.798141401701
10317.000002348	354.444444444	5.44089397164	182.0	0.925398	0.724699360116
10317.000016354	300.757575758	6.49693079367	190.0	0.982206	0.858263503273
10317.000004922	212.588235294	4.72976150992	122.0	0.885628	0.682432658974
10317.000003091	201.071428571	4.86539017161	110.0	0.926884	0.717465283829
10317.000001965	220.363636364	6.43225438836	172.0	0.98078	0.86614934975
10317.000005454	204.714285714	5.14644290128	126.0	0.940074	0.737600176245
10317.000014369	424.775510204	6.75932082356	251.0	0.980306	0.847931241649
10317.000003086	281.7	5.86782409244	179.0	0.957682	0.78406848419
10317.000001528	293.965517241	6.33818188698	185.0	0.974998	0.841569627061
10317.000002444	236.451612903	5.48961884961	154.0	0.948688	0.755439673213
10317.000015584	264.181818182	5.40507323957	166.0	0.936178	0.732887368248
10317.000023375	266.75	4.7225844516	148.0	0.857418	0.655054442007
10317.000015624	420.384615385	5.90552280702	194.0	0.95811	0.777051385937
10317.000020431	334.034482759	6.47494099941	199.0	0.977136	0.847879962829
10317.000006671	345.785714286	6.25226849092	193.0	0.973878	0.82348421074
10317.000009102	241.75	5.147969944	144.0	0.925096	0.717994950151
10317.000015214	449.65	6.13514100447	187.0	0.971766	0.812935842297
10317.000002172	394.913043478	5.76437252305	184.0	0.949538	0.766175989076
10317.000016745	227.875	5.0802820742	148.0	0.92251	0.704669524381
10317.000001189	305.25	5.46691805573	141.0	0.94986	0.765722912531
10317.000007678	291.5	2.85016611818	92.0	0.696396	0.436903356998
10317.000003358	230.03030303	5.66170103619	161.0	0.953716	0.77230462851
10317.000009231	305.64	4.84937794403	156.0	0.897152	0.665629404986
10317.000006653	160.84	5.1117368666	123.0	0.9305	0.736294733366
10317.000018318	294.0	5.98546787237	175.0	0.964852	0.803287919579
10317.000013859	349.142857143	5.76292702735	171.0	0.949176	0.776899650644
10317.000015928	262.275862069	6.3083003493	179.0	0.975536	0.842925659456
10317.000013757	381.848484848	6.30953235358	210.0	0.969426	0.817906603975
10317.000012298	356.4	5.441794579	174.0	0.929798	0.731134742866
10317.000001731	302.730769231	6.14562449943	175.0	0.975194	0.824781959227
10317.000017171	293.0	5.84386217585	173.0	0.96285	0.786032871708
10317.000014587	200.0	5.08344640804	123.0	0.936438	0.732219774857
10317.000017343	231.184210526	6.16239764672	173.0	0.97442	0.828877713591
10317.000002171	281.25	6.02748699932	180.0	0.965912	0.804538866662
10317.000016764	402.8125	5.90196898343	169.0	0.96538	0.797468602785
10317.000016727	250.105263158	5.66483453954	144.0	0.962682	0.790082816543
10317.000002013	350.677419355	5.61331548107	191.0	0.934832	0.74079422037
10317.000013454	263.857142857	6.18376219488	170.0	0.975916	0.834584414317
10317.000016766	313.103448276	5.83745188514	175.0	0.96255	0.783423231141
10317.000001234	218.772727273	4.43812154331	130.0	0.841894	0.63199787614
10317.000001922	278.82	6.21852504435	204.0	0.96669	0.810503167796
10317.000026623	405.028571429	6.29165302898	221.0	0.965318	0.807875160352
10317.000006761	316.666666667	6.39140984925	198.0	0.97513	0.837739034564
10317.000004076	273.730769231	5.91201500888	167.0	0.966728	0.800684151843
10317.000009532	284.363636364	6.48401407011	191.0	0.980164	0.855701085059
10317.000005846	242.888888889	6.00628748866	161.0	0.97154	0.819309178991
10317.000004821	395.813953488	6.54142210131	238.0	0.97269	0.828571639958
10317.000002712	241.916666667	5.38151124409	147.0	0.935438	0.747466132671
10317.000010832	241.0	5.40204681325	145.0	0.94493	0.752383734323
10317.000013734	355.193548387	6.44694206408	205.0	0.97844	0.839502411692
10317.000009659	308.6875	5.70656185338	175.0	0.953498	0.765856955029
10317.000001116	203.033333333	4.81619787016	140.0	0.900354	0.675551504789
10317.000017292	380.0	6.58473646111	202.0	0.981062	0.859826929035
10317.000015862	239.44	5.73834542096	151.0	0.963318	0.792763824021
10317.000002446	285.25	4.3295775407	140.0	0.843572	0.607294945425
10317.000006678	240.125	5.50700489352	158.0	0.947996	0.753993730562
10317.000014224	285.555555556	6.32126755348	180.0	0.97892	0.843752202853
10317.000017218	379.4	6.36509894872	197.0	0.977204	0.835089959959
10317.000009661	287.0	5.95614706631	179.0	0.963716	0.795870347906
10317.000006729	271.0	5.47286092615	137.0	0.95961	0.771039192579
10317.000003476	379.162162162	6.52268699632	223.0	0.975882	0.836145455012
10317.000001811	197.8	4.32492867112	127.0	0.833542	0.618847303171
10317.000016749	324.027777778	6.24020329699	200.0	0.972206	0.816368484972
10317.000003214	143.041666667	2.5910628847	98.0	0.499076	0.391712251295
10317.000013686	183.652173913	5.31630959214	126.0	0.95115	0.761945865786
10317.000010845	297.535714286	6.19045412616	176.0	0.976124	0.829882817169
10317.000001311	258.473684211	4.82871857806	135.0	0.896958	0.682329292298
10317.000003593	319.0	5.91854474261	178.0	0.965444	0.791700880892
10317.000001435	195.0	5.28234522671	140.0	0.927948	0.740936390679
10317.000017205	348.6875	5.99451411434	194.0	0.956626	0.788760902766
10317.000014551	267.25	5.64201824203	143.0	0.963954	0.788005534827
10317.000002781	191.666666667	3.63092360523	103.0	0.760422	0.543023004406
10317.000007675	285.136363636	5.73767920104	159.0	0.955254	0.784598801338
10317.000003216	232.375	5.5586561077	143.0	0.95387	0.776362569415
10317.000005238	348.583333333	5.52739594118	194.0	0.932084	0.727297280371
10317.000022448	334.5	5.67918981033	177.0	0.951838	0.760510149102
10317.000001004	172.476190476	5.14184650404	121.0	0.945124	0.743163483322
10317.000014122	278.166666667	5.54016448813	144.0	0.95804	0.772694900856
10317.000016728	340.75	6.40119048842	206.0	0.974532	0.832783457932
10317.000010773	198.033333333	4.30002625031	135.0	0.851824	0.607621633112
10317.000005553	257.884615385	6.07794461479	165.0	0.969496	0.825098935129
10317.000014054	327.8	6.06482777827	192.0	0.96979	0.799585730014
10317.000001779	283.625	6.01244269574	168.0	0.965304	0.813336650996
10317.000026081	258.454545455	5.19114836802	139.0	0.942008	0.729202323069
10317.000016769	208.391304348	5.41744065881	139.0	0.947636	0.760989675778
10317.000003372	249.025641026	6.02986316709	174.0	0.971602	0.810144960855
10317.000004738	368.625	6.12439834643	198.0	0.969232	0.802741128958
10317.000041976	347.783783784	6.43381713494	214.0	0.97586	0.831085005754
10317.000036427	334.25	6.11142784738	188.0	0.96821	0.808968954812
10317.000043092	349.5	6.20333541654	190.0	0.9685	0.819478697813
10317.000036069	167.894736842	5.07043229011	111.0	0.941278	0.746264636997
10317.000028711	287.315789474	5.5567583625	149.0	0.954072	0.769722766098
10317.000027901	390.027027027	6.58279028349	228.0	0.97669	0.840403768161
10317.000031057	250.625	5.482406607	150.0	0.947332	0.758409754308
10317.000021275	266.857142857	4.95488300136	154.0	0.906368	0.681853385071
10317.000031439	256.473684211	5.56595543645	147.0	0.946852	0.773084547443
10317.000036437	289.9375	5.90538005677	181.0	0.963734	0.787400187374
10317.000043117	297.7	5.82001690363	173.0	0.960386	0.782825546272
10317.000040144	165.0	4.42423976403	109.0	0.855448	0.653681925866
10317.000039994	319.235294118	5.57986838298	156.0	0.947826	0.765897093304
10317.000036067	353.0	6.37091966118	192.0	0.977746	0.839940825096
10317.000036877	390.081081081	6.27542070804	216.0	0.970028	0.809221372494
10317.000038417	308.791666667	5.59344164448	167.0	0.949396	0.757538685587
10317.000031891	313.96875	5.95149875047	186.0	0.958718	0.789411511228
10317.000028719	310.05	5.66094409076	156.0	0.959994	0.777025608292
10317.000023341	208.64	5.13490255519	133.0	0.934138	0.727809637974
10317.000036901	284.545454545	5.33431159127	155.0	0.939162	0.733125396729
10317.000035492	306.675675676	6.10133629932	196.0	0.961934	0.801256571062
10317.000041632	231.0	5.0730381967	158.0	0.892366	0.694577010402
10317.000027775	285.12	5.59459992511	165.0	0.947324	0.75948346575
10317.000036094	212.0	4.22032971155	113.0	0.83756	0.618800435415
10317.000039831	274.5	5.30938533793	156.0	0.932112	0.728770379236
10317.000043164	241.75	5.15492847101	118.0	0.943232	0.748975129763
10317.000036422	284.25	6.06338531511	177.0	0.96844	0.811958434928
10317.000036939	297.166666667	5.29271546387	143.0	0.942444	0.73921935394
10317.000020388	352.018518519	6.78463370889	241.0	0.982926	0.857415467423
10317.000036147	338.785714286	5.82303890035	186.0	0.94145	0.772372494896
10317.000035412	262.545454545	5.81940176038	159.0	0.962926	0.795773950706
10317.000031272	106.230769231	3.73365309416	75.0	0.820082	0.59941592133
10317.000037565	290.666666667	5.49482053295	159.0	0.941786	0.751389098739
10317.000018298	235.230769231	5.3848142314	145.0	0.948434	0.749983622897
10317.000001764	224.206896552	5.97832030521	159.0	0.970002	0.817505263214
10317.000014232	354.6875	6.07812019764	200.0	0.967056	0.795164122235
10317.000009677	296.75	5.25235239823	137.0	0.947232	0.739973042787
10317.000036045	222.032258065	6.03889716041	163.0	0.968196	0.821760858976
10317.000018424	193.391304348	4.63759916296	124.0	0.884008	0.666877803842
10317.000015901	185.9	5.02933291113	117.0	0.935522	0.732032885648
10317.000014978	268.275862069	5.9210872543	170.0	0.96617	0.799132790446
10317.000017133	252.333333333	5.50057750901	155.0	0.947928	0.755976286638
10317.000018401	332.825	6.63566454379	214.0	0.982586	0.857158540552
10317.000026136	236.666666667	5.71818443609	150.0	0.962094	0.791026124864
10317.000018408	198.5	4.9813752628	111.0	0.936562	0.733157251601
10317.000013197	296.0	6.03487099928	180.0	0.971654	0.805524470606
10317.000001936	204.866666667	4.69523792192	113.0	0.915054	0.688433243144
10317.000009495	213.071428571	4.56888911961	107.0	0.916448	0.677729213661
10317.000033748	338.882352941	4.97794992217	153.0	0.878484	0.68591482639
10317.000006717	247.161290323	5.82264770803	167.0	0.95991	0.788580836581
10317.000001786	270.27027027	6.30180509842	187.0	0.974514	0.835019640451
10317.000022553	362.894736842	6.16057824508	208.0	0.96848	0.800029410083
10317.000009178	279.216216216	6.2011239019	185.0	0.973654	0.823371374085
10317.000034127	345.055555556	5.43206103438	156.0	0.944696	0.745608941166
10317.000005085	231.8	5.60821213174	146.0	0.96012	0.780020720368
10317.000009648	343.166666667	5.94761923599	180.0	0.9592	0.793878251418
10317.000013001	260.84375	5.64976538257	167.0	0.948906	0.765166799587
10317.000034147	319.05	5.33063453112	153.0	0.93975	0.73451145876
10317.000028856	307.555555556	5.24999367415	145.0	0.9421	0.731206148759
10317.000005163	143.576923077	4.17194176281	102.0	0.876304	0.625251171649
10317.000009628	236.46875	5.81075294778	161.0	0.96289	0.7926365889
10317.000001789	384.666666667	5.7748277945	172.0	0.94842	0.777622127038
10317.000002346	201.44	5.04891027025	133.0	0.934186	0.71562128326
10317.000016762	286.5	5.67424669445	168.0	0.94917	0.767586991998
10317.000014291	307.176470588	6.17087610347	192.0	0.966168	0.813567120851
10317.000011191	224.3125	5.66867445092	151.0	0.962658	0.78313864105
10317.000011969	244.037037037	5.55195242542	152.0	0.954076	0.766005511938
10317.000013764	252.333333333	5.59494395975	155.0	0.949924	0.768945615566
10317.000016333	319.565217391	5.93475940006	168.0	0.96834	0.802827998399
10317.000038478	316.0	6.14431715145	184.0	0.971022	0.816676620374
10317.000034126	308.055555556	5.78254331507	158.0	0.955876	0.791719181399
10317.000006036	384.0	6.22968436266	190.0	0.97164	0.822959470429
10317.000013902	339.096774194	5.93088015335	192.0	0.95467	0.781926100859
10317.000015295	209.666666667	4.72216141792	121.0	0.894884	0.682505385058
10317.000006795	336.216216216	5.94566755001	197.0	0.958798	0.780061286756
10317.000002141	212.352941176	4.80298845815	125.0	0.904756	0.689511512541
10317.000006017	191.0	4.55289306119	114.0	0.87533	0.666320261522
10317.000021323	403.142857143	6.17884521526	186.0	0.97458	0.819566926507
10317.000017174	414.769230769	5.27076026656	153.0	0.91759	0.72626134648
10317.000014451	344.5	5.15193626945	130.0	0.934498	0.733646599925
10317.000013984	331.4375	6.02570398991	158.0	0.973372	0.825011620374
10317.000015587	159.576923077	4.81596442146	118.0	0.900612	0.699726019048
10317.000003508	347.12	5.84786638937	176.0	0.956128	0.78395602887
10317.000036114	239.0	5.01009478374	127.0	0.932216	0.716886654397
10317.000010712	266.4375	6.08649699598	175.0	0.9706	0.816846671585
10317.000013986	230.607142857	5.79007365803	154.0	0.961484	0.796785983131
10317.000014259	283.538461538	5.44530699201	162.0	0.940032	0.741882598401
10317.000006899	341.03030303	6.22947170166	197.0	0.9744	0.817295900004
10317.000003879	178.894736842	5.16151180989	117.0	0.942908	0.751271878649
10317.000003287	305.916666667	6.48985182995	202.0	0.979644	0.847437008571
10317.000013952	214.12	5.84536644758	148.0	0.966212	0.810791907671
10317.000010169	147.066666667	3.87232025706	84.0	0.85116	0.605777216767
10317.000001805	314.166666667	5.99505920383	160.0	0.968574	0.818781491179
10317.000012959	264.954545455	5.75582542746	152.0	0.96674	0.794133966818
10317.000005009	262.24	5.72120162215	160.0	0.958816	0.781379105068
10317.000033803	236.526315789	5.38631671265	137.0	0.94708	0.758846487265
10317.000014237	305.37037037	5.55750536571	170.0	0.9454	0.750062375384
10317.000017185	447.730769231	6.12658088086	200.0	0.971118	0.801503943658
10317.000002811	246.043478261	5.18920937895	138.0	0.940948	0.729998104459
10317.000035361	207.0	5.28367931547	122.0	0.949586	0.762354574719
10317.000044399	199.0	5.21056160436	129.0	0.927598	0.74317397148
10317.000005987	238.2	5.95434008679	155.0	0.971092	0.818339510863
10317.000003922	279.517241379	5.86131447718	165.0	0.967406	0.795690754044
10317.000015542	217.55	4.76118062848	123.0	0.90917	0.68580060219
10317.000017114	158.076923077	4.95243871324	95.0	0.943914	0.753812413618
10317.000014222	177.681818182	5.21039115892	122.0	0.948424	0.751780208245
10317.000001882	271.0	6.03443257866	192.0	0.95857	0.795578432733
10317.000012004	327.384615385	6.19689239098	208.0	0.963602	0.804745263623
10317.000001702	358.130434783	6.09609036926	223.0	0.96091	0.781459888919
10317.000001732	252.0	6.10292909221	183.0	0.96628	0.812024059439
10317.000014929	314.647058824	5.04795961776	138.0	0.935948	0.710127628941
10317.000001151	267.7	5.81930541687	165.0	0.96655	0.789987900016
10317.000002262	313.208333333	6.06379157158	208.0	0.96022	0.787460429993
10317.000016752	253.066666667	4.75406387294	127.0	0.91021	0.680251590394
10317.000027295	317.956521739	5.75155785315	170.0	0.95734	0.776252448106
10317.000029188	269.516129032	5.40385239923	165.0	0.938408	0.733588925662
10317.000014392	331.5	5.19795234433	147.0	0.941628	0.721970680799
10317.000002512	203.875	5.11403300381	135.0	0.927492	0.72264607346
10317.000012242	276.035714286	5.7156748674	166.0	0.958518	0.775002618034
10317.000031519	281.24	5.53938655308	158.0	0.9521	0.758427278154
10317.000016177	280.34375	5.41484986065	174.0	0.92788	0.727514573189
10317.000015329	251.84	5.9876178157	158.0	0.968588	0.819797036924
10317.000014318	235.7	6.02200657924	162.0	0.97217	0.820453630098
10317.000013609	194.5	4.39720950576	112.0	0.87978	0.645949793437
10317.000014317	244.0	5.19453986629	140.0	0.922296	0.728620234874
10317.000029154	225.0	5.51108699068	156.0	0.945278	0.756456105664
10317.000009529	189.1	4.88819321667	103.0	0.931722	0.731054038925
10317.000011955	276.4	5.33504843038	145.0	0.945926	0.743052365078
10317.000003266	272.789473684	5.18724113217	142.0	0.927496	0.725513930139
10317.000016405	306.034482759	6.24369466184	180.0	0.977284	0.833397903237
10317.000010984	306.588235294	5.79822718823	152.0	0.96715	0.799984157881
10317.000010843	341.260869565	5.82074137396	171.0	0.961808	0.784693597275
10317.000008955	215.454545455	5.625457787	135.0	0.965732	0.794913716467
10317.000027648	181.565217391	4.4304258349	117.0	0.863338	0.644860355415
10317.000015263	148.363636364	3.62288752784	81.0	0.789554	0.571446883789
10317.000014357	267.0	5.31536748863	137.0	0.935652	0.748850868312
10317.000017093	177.038461538	4.82320484032	128.0	0.901884	0.689029262903
10317.000010797	218.833333333	5.06632198072	127.0	0.93634	0.724932116384
10317.000014954	223.333333333	5.52137717375	151.0	0.951144	0.762789229477
10317.000014379	300.333333333	5.66053125297	161.0	0.951374	0.772145060035
10317.000005915	165.6875	4.30941779077	101.0	0.856378	0.647233540408
10317.000001363	224.0	4.81117084935	144.0	0.851556	0.671021084374
10317.000013604	129.857142857	2.440922742	59.0	0.534888	0.414936402144
10317.000014095	247.0	5.19726713626	145.0	0.933202	0.723862526824
10317.000012275	231.615384615	5.50084260167	144.0	0.95382	0.767210619436
10317.000006619	194.230769231	5.41534118646	135.0	0.951664	0.765222876334
10317.000011145	220.071428571	4.2544138275	114.0	0.826346	0.622637539706
10317.000011389	275.954545455	5.90541217553	163.0	0.964656	0.803596493378
10317.000023487	183.75	4.89056906998	120.0	0.906314	0.708071020133
10317.000002205	261.6	3.82432546889	102.0	0.811736	0.5731537294
10317.000011155	312.333333333	5.38046694567	154.0	0.930736	0.740419016788
10317.000006929	294.666666667	5.02879493668	129.0	0.932878	0.717248885748
10317.000013648	192.666666667	4.83083224586	111.0	0.902354	0.711000377499
10317.000012155	339.275	6.66981147998	218.0	0.982986	0.858606232953
10317.000013119	388.115384615	5.93237113729	190.0	0.96227	0.783683526376
10317.000006654	260.666666667	6.00269680566	166.0	0.969878	0.813920638871
10317.000002071	279.142857143	5.12397611241	147.0	0.921414	0.711695736554
10317.000011049	295.142857143	6.06500691965	163.0	0.972166	0.825313821978
10317.000004159	214.0	4.89671971845	127.0	0.900418	0.700663993
10317.000002568	220.6	4.74597811028	103.0	0.906298	0.70978504989
10317.000008957A	367.0	5.93848618863	181.0	0.963554	0.791814428995
10317.000002749	329.875	5.98633242203	174.0	0.96508	0.804296368146
10317.000001127	236.176470588	5.66198926472	161.0	0.955326	0.772343945356
10317.000017661	244.44	5.91375492046	156.0	0.969736	0.811726620275
10317.000002201	146.0	3.70581499282	76.0	0.83286	0.593127078515
10317.000011298	183.84	4.71804949014	120.0	0.91145	0.683093126325
10317.000001939	205.476190476	4.78652174901	124.0	0.87972	0.688292584129
10317.000001726	241.37037037	5.33012714516	157.0	0.925188	0.730692839099
10317.000012381	273.363636364	6.24289662698	180.0	0.974672	0.833291382881
10317.000009447	204.956521739	4.92564927976	128.0	0.91774	0.703664182823
10317.000029245	421.772727273	6.01386369253	183.0	0.970626	0.800173479773
10317.000014958	228.964285714	5.67782564699	150.0	0.957566	0.785443084146
10317.000015364	278.04	5.6712232505	161.0	0.954976	0.773603540292
10317.000016484	247.037037037	5.2099969528	147.0	0.938218	0.723643619218
10317.000010908	302.111111111	5.78461957674	173.0	0.951002	0.778064403441
10317.000003125	161.666666667	4.96681727034	125.0	0.893	0.713030588857
10317.000001524	255.785714286	5.14918717247	154.0	0.926704	0.708592050095
10317.000014949	191.875	5.0952237883	130.0	0.931762	0.725570622895
10317.000015933	298.615384615	6.04506658277	174.0	0.970642	0.812187622563
10317.000014012	261.294117647	5.66648311326	166.0	0.95692	0.768332585338
10317.000004774	283.517241379	5.54010459287	169.0	0.937546	0.748573820256
10317.000008954B	224.965517241	5.49973255143	151.0	0.943756	0.759798981888
10317.000017636	245.473684211	5.34907193228	136.0	0.948586	0.754723100789
10317.000016703	345.64	6.19072023426	189.0	0.973162	0.818635516686
10317.000003365	183.105263158	4.8864261043	116.0	0.91481	0.712516717059
10317.000017216	365.896551724	6.58386463187	202.0	0.982974	0.859713086626
10317.000004163	236.0	5.06061282203	132.0	0.935136	0.718388655757
10317.000018338	280.75	6.2681169833	182.0	0.975788	0.834881251245
10317.000003411	172.571428571	4.533682829	92.0	0.929754	0.694970456253
10317.000013697	222.607142857	5.10055869883	146.0	0.907372	0.709413513092
10317.000017161	207.235294118	4.52621827469	110.0	0.892354	0.66744996076
10317.000001072	209.714285714	4.9900838791	131.0	0.921318	0.709481553719
10317.000002773	162.333333333	4.10027793118	104.0	0.819692	0.611941619305
10317.000010748	215.333333333	5.6754161091	143.0	0.965684	0.792670125222
10317.000011956	332.6875	5.31074108117	145.0	0.945924	0.739666897532
10317.000007641	344.0	5.86139673246	170.0	0.963236	0.791076727221
10317.000005007	192.0	4.9027357422	133.0	0.893846	0.694902831604
10317.000012948	218.038461538	4.24364914971	133.0	0.815978	0.601485367667
10317.000017079	133.3125	4.42714204292	87.0	0.91867	0.68713035366
10317.000009193	281.571428571	4.7849026138	133.0	0.887682	0.678201426738
10317.000012984	284.181818182	5.9169699496	176.0	0.965878	0.793219946519
10317.000015581	223.12	5.00250010721	132.0	0.931402	0.710139157811
10317.000014802	286.75	5.37762362487	148.0	0.949576	0.745912810881
10317.000020067	331.434782609	5.53639794601	165.0	0.946078	0.751582375165
10317.000017353	357.433333333	6.36772221663	199.0	0.97702	0.833839887783
10317.000001059	250.833333333	5.01540678362	128.0	0.936576	0.716486683374
10317.000017088	298.714285714	5.46741986547	152.0	0.951118	0.75434251451
10317.000013213	172.125	5.41439712504	129.0	0.94624	0.772246702009
10317.000004602	236.666666667	5.37332070998	135.0	0.949294	0.759285110131
10317.000014399	257.181818182	5.31074059252	141.0	0.946336	0.743847943714
10317.000005008	256.476190476	5.40295253472	148.0	0.934354	0.749426102189
10317.000010104	322.391304348	6.14891403001	178.0	0.970986	0.822516491096
10317.000010565	192.217391304	5.37994816767	130.0	0.939084	0.766115975538
10317.000027213	184.869565217	4.21267186143	113.0	0.862508	0.617677612954
10317.000007746	273.04	5.65218706505	156.0	0.958222	0.775823612102
10317.000027194	218.666666667	4.68544321966	116.0	0.916132	0.683210295127
10317.000015224	277.081081081	6.53309085081	198.0	0.978044	0.856309539079
10317.000013933	208.545454545	5.46764341359	136.0	0.952134	0.771452850767
10317.000018033	226.047619048	5.21405057078	136.0	0.93345	0.735672367894
10317.000006084	215.214285714	5.19903661886	113.0	0.951982	0.762302081443
10317.000023423	250.0	5.60518449021	148.0	0.951342	0.777477043812
10317.000002059	298.375	6.04536915444	170.0	0.971086	0.8159063554
10317.000005851	344.0	5.58820484285	166.0	0.95325	0.75771863932
10317.000003047	243.0	4.97914746085	131.0	0.921646	0.70792663256
10317.000008982	217.136363636	5.52636096354	142.0	0.954272	0.77294495472
10317.000010765	171.555555556	4.9411647649	128.0	0.890174	0.7058806807
10317.000012072	220.636363636	4.99076200944	129.0	0.918468	0.71182431087
10317.000002005	235.322580645	5.81566194867	164.0	0.962496	0.790434365264
10317.000017183	226.029411765	5.58484184545	161.0	0.944548	0.761820375037
10317.000008976	200.5	5.11619012102	134.0	0.923606	0.724048336091
10317.000012228	270.772727273	5.95905367924	161.0	0.970142	0.812866081871
10317.000011224	279.774193548	5.37836902883	170.0	0.908342	0.725885443916
10317.000023828	251.285714286	5.45698712121	146.0	0.948236	0.758987521395
10317.000003149	356.6	5.56241982519	178.0	0.941766	0.744063425556
10317.000013029	258.75	5.11613510692	138.0	0.935144	0.719718295693
10317.000026111	178.526315789	4.31935797597	106.0	0.888802	0.642004911495
10317.000003536	265.076923077	6.09021289496	182.0	0.96935	0.811185332954
10317.000011012	338.136363636	5.98674260886	172.0	0.967488	0.806157982055
10317.000010259	157.0	5.15643985784	116.0	0.942738	0.751888910381
10317.000006637	434.391304348	6.0794995542	197.0	0.968082	0.797619813956
10317.000012113	139.235294118	4.16167712152	91.0	0.873208	0.639491156622
10317.000013079	252.894736842	5.31246029821	133.0	0.947598	0.752976276538
10317.000001488	152.909090909	3.16185430454	82.0	0.682368	0.497338331208
10317.000004162	256.588235294	5.73691264069	138.0	0.966508	0.807046902008
10317.000012906	249.3	5.07536887925	132.0	0.93967	0.72048337916
10317.000012976	325.038461538	5.80744857303	171.0	0.964626	0.782901596032
10317.000009533	102.1875	3.81703685938	75.0	0.824266	0.612802691657
10317.000014309	217.384615385	5.54661426765	147.0	0.945204	0.770398151748
10317.000013778	370.1	6.04418429932	195.0	0.96734	0.794521080331
10317.000010732	314.142857143	5.44338021512	156.0	0.95109	0.747162620758
10317.000002371	227.717948718	5.59816822735	164.0	0.945836	0.760873755814
10317.000006021	202.291666667	4.96647202809	131.0	0.906942	0.706124461305
10317.000002329	323.103448276	5.73881255029	185.0	0.930168	0.761986705941
10317.000010761	305.375	5.8773706764	183.0	0.951608	0.7820124277
10317.000009129	255.916666667	5.84315965665	161.0	0.959562	0.79705714221
10317.000014323	249.171428571	5.66024171099	172.0	0.948988	0.762192286156
10317.000006894	236.8	5.64604193349	151.0	0.953	0.780011913788
10317.000014241	232.25	4.69377518728	113.0	0.910248	0.688218771552
10317.000001685	321.153846154	4.96011339805	130.0	0.92863	0.706330618121
10317.000011302	312.235294118	5.0732168831	149.0	0.906822	0.702742548359
10317.000012231	220.363636364	5.02423446273	109.0	0.941626	0.742331210505
10317.000015577	328.5	6.26705727584	192.0	0.974458	0.826247628151
10317.000001579	248.137931034	5.66048875076	160.0	0.955504	0.773087181055
10317.000002202	251.037037037	5.98015424969	159.0	0.971544	0.817756045906
10317.000017662	276.676470588	5.98219991	179.0	0.965598	0.79935157252
10317.000003432	208.882352941	4.57911653651	115.0	0.866926	0.668924576975
10317.000011116	291.088235294	6.33730426512	191.0	0.977302	0.836339662033
10317.000006737	325.857142857	6.08706110384	186.0	0.963916	0.807392609222
10317.000006841	253.689655172	5.88181152046	168.0	0.961982	0.795665443469
10317.000013563	268.772727273	5.0733161569	159.0	0.871634	0.693750493194
10317.000013295	281.777777778	6.13093803633	179.0	0.959254	0.819226210104
10317.000016699	354.0	6.49571768179	207.0	0.977986	0.84431386154
10317.000017217	261.365853659	6.38114955382	190.0	0.977444	0.842968463863
10317.000016702	276.885714286	6.10209505326	182.0	0.971898	0.812767975909
10317.000006728	162.368421053	4.41205686903	103.0	0.88132	0.659845437998
10317.000002498	229.447368421	5.95339517543	173.0	0.954086	0.800765686347
10317.000013286	236.130434783	5.20373521254	140.0	0.935778	0.729910034455
10317.000022964	272.4	5.30622305558	141.0	0.944242	0.743215195699
10317.000002466	295.5	5.46985074254	168.0	0.928044	0.739937211799
10317.000017644	341.0	5.59090020352	156.0	0.954462	0.767411329611
10317.000017173	223.2	5.24323048995	140.0	0.938688	0.735449901131
10317.000013332	352.022222222	6.72981810634	233.0	0.97873	0.855755189736
10317.000002173	148.555555556	4.65766474211	103.0	0.910074	0.696577338651
10317.000011329	293.714285714	5.66131229545	158.0	0.95637	0.775120788896
10317.000007039	247.256410256	5.93948929796	178.0	0.96273	0.794502553201
10317.000002886	241.848484848	5.65928934339	160.0	0.959044	0.772923370737
10317.000006887	329.6	6.02709643053	187.0	0.962368	0.798619413928
10317.000009126	300.391304348	5.21794578719	156.0	0.916802	0.716219315068
10317.000022636	230.055555556	4.7450008021	125.0	0.902486	0.681186871168
10317.000014233	271.0625	6.28700682734	182.0	0.975932	0.837397282242
10317.000023088	344.130434783	5.69258875518	170.0	0.958976	0.76829375103
10317.000004974	314.391304348	5.98640442798	177.0	0.964162	0.801649790932
10317.000002414	129.090909091	3.76997121942	75.0	0.847648	0.605246581534
10317.000006027	235.75	5.50051157401	147.0	0.95516	0.763994708447
10317.000017098	280.0	5.98522803179	172.0	0.969104	0.805954033352
10317.000003841	156.166666667	4.59203119651	106.0	0.91242	0.682533515003
10317.000014559	186.045454545	5.10174234811	121.0	0.936226	0.737367132888
10317.000003761	241.44	5.9397995646	153.0	0.970108	0.818448688888
10317.000014799	255.6	5.94104176919	159.0	0.970172	0.812407610721
10317.000002208	239.03030303	5.85253039676	170.0	0.961878	0.789880092332
10317.000016313	206.576923077	5.61533044957	143.0	0.952438	0.78427812253
10317.000022899	288.75	5.80875390828	170.0	0.958154	0.783971848476
10317.000004793	240.028571429	6.02954468313	173.0	0.963958	0.811008230475
10317.000003837	302.714285714	5.37838345585	156.0	0.940284	0.738241114804
10317.000010285	160.75	4.6752012879	89.0	0.934546	0.721957032009
10317.000005848	251.3	4.62271774494	134.0	0.870804	0.654211632536
10317.000005907	309.666666667	5.4564224676	144.0	0.941584	0.761015277915
10317.000013421	261.441176471	5.84609115079	182.0	0.949728	0.778669560231
10317.000020072	177.368421053	5.11582482529	118.0	0.936414	0.743293642951
10317.000001477	163.75	5.01584042569	115.0	0.92049	0.732721892568
10317.000014132	362.043478261	5.91581323165	184.0	0.951542	0.786304846853
10317.000003382	250.1875	5.91192179425	186.0	0.95878	0.784161992389
10317.000003221	163.75	4.14991017123	92.0	0.839714	0.636141758012
10317.000014607	197.083333333	3.65216159625	95.0	0.77163	0.555896782818
10317.000017125	422.525	6.61442921202	238.0	0.977896	0.837819112527
10317.000013826	275.913043478	4.9111029937	152.0	0.892124	0.677587211598
10317.000004872	184.12	5.29715210235	129.0	0.942692	0.755524234113
10317.000001118	345.464285714	5.89397064946	186.0	0.95729	0.781780938316
10317.000014293	229.65	5.29758409586	132.0	0.95012	0.752028351353
10317.000016721	279.4375	6.51726112978	188.0	0.982162	0.862689056643
10317.000016763	265.625	6.01474084012	165.0	0.96786	0.816518836019
10317.000012173	152.315789474	5.1161052362	107.0	0.946152	0.758900881147
10317.000004641	202.555555556	5.29825483303	137.0	0.94031	0.746439966896
10317.000013509	226.7	5.66552115387	153.0	0.959166	0.780655695502
10317.000012951	263.0	5.57900547136	158.0	0.946782	0.763851717858
10317.000023799	324.555555556	5.84767387999	162.0	0.961466	0.796702095777
10317.000004705	252.037037037	5.18088982062	160.0	0.883504	0.707585454743
10317.000014605	268.0625	6.01958163626	179.0	0.962566	0.804346581399
10317.000015455	222.7	5.49278744158	149.0	0.955716	0.760861507251
10317.000007651	202.5	4.0127828405	92.0	0.866782	0.615121442478
10317.000001827	253.588235294	5.06328455469	135.0	0.910108	0.715474988044
10317.000012872	151.045454545	5.00226803967	110.0	0.939192	0.737649712003
10317.000014666	337.032258065	6.20625304004	193.0	0.970556	0.817423530957
10317.000017146	214.565217391	4.90942492807	135.0	0.903368	0.693733623654
10317.000006636	204.652173913	5.80094010667	147.0	0.953984	0.805722792486
10317.000017276	103.363636364	3.0555182227	69.0	0.686686	0.500205613372
10317.000004161	272.5	5.69821277281	157.0	0.956854	0.781152710875
10317.000023299	174.714285714	4.9145609672	114.0	0.932248	0.719250706072
10317.000013733	246.40625	5.46930027702	162.0	0.940712	0.745151505122
10317.000010304	361.0	6.1803705968	183.0	0.971604	0.822328023974
10317.000012034	180.0	4.73538611316	94.0	0.930148	0.7224535696
10317.000015874	319.12	5.50678217366	166.0	0.949564	0.746678336425
10317.000023823	169.75	4.07922506705	106.0	0.858286	0.606312915647
10317.000014391	333.344827586	6.17691848844	189.0	0.97186	0.816810430284
10317.000018411	173.272727273	4.34669658211	113.0	0.836192	0.637328815866
10317.000002963	184.0	4.52565996025	100.0	0.910326	0.681179699106
10317.000014646	314.230769231	5.34775216967	167.0	0.931724	0.724264130556
10317.000001793	320.555555556	5.58520185362	158.0	0.950432	0.764700097961
10317.000013214	153.0	4.51107882386	108.0	0.89274	0.667824419343
10317.000023154	297.3125	5.29193810133	142.0	0.94099	0.740157380796
10317.000009222	221.037037037	5.64905689143	144.0	0.96213	0.787882284724
10317.000010738	238.785714286	5.73006700891	155.0	0.963354	0.787516360324
10317.000027198	204.5	4.44940708285	116.0	0.893956	0.648792565336
10317.000007734	279.774193548	5.89750711988	170.0	0.966432	0.795950324488
10317.000006818	177.083333333	3.64558319455	87.0	0.790766	0.565825728086
10317.000026639	352.24137931	5.9774936653	195.0	0.955814	0.785754452451
10317.000005041	128.565217391	4.75371889614	98.0	0.930668	0.718658717943
10317.000013312	227.0	5.19115233346	143.0	0.928142	0.725034304289
10317.000001285	320.323529412	5.75264104587	189.0	0.944006	0.760705717056
10317.000018306	186.565217391	4.91676189399	122.0	0.910784	0.709413970624
10317.000017215	318.75	6.60676010735	205.0	0.983288	0.860313461555
10317.000016698	307.535714286	6.3855754537	186.0	0.978508	0.846987789181
10317.000009098	270.105263158	4.97974295328	143.0	0.889192	0.695507323951
10317.000012013	193.0	4.92254102391	118.0	0.921422	0.715210855569
10317.000014909	138.84	4.19328359643	101.0	0.863066	0.629791289642
10317.000014979	272.24137931	5.87475490958	166.0	0.967416	0.796572677919
10317.000014538	254.090909091	3.98386594093	109.0	0.81651	0.588616643662
10317.000004278	144.647058824	4.18266275456	94.0	0.845074	0.638127401918
10317.000009556	230.038461538	5.41150870195	145.0	0.948418	0.753701562806
10317.000022663	292.6	5.6907573831	163.0	0.952384	0.774386705246
10317.000001141	260.555555556	5.3370496107	155.0	0.938764	0.733501698628
10317.000002359	224.0	5.23352438441	131.0	0.945448	0.744093506571
10317.000004823	166.75	4.89451423474	115.0	0.918694	0.714998370944
10317.000014236	291.076923077	5.41891083669	136.0	0.94757	0.764576966126
10317.000001799	213.55	4.94167023143	128.0	0.897808	0.705952890204
10317.000023213	208.052631579	5.39434324196	127.0	0.950214	0.771868167436
10317.000013652	256.625	5.64863503788	146.0	0.955518	0.785642958548
10317.000010205	206.0	5.23939029706	129.0	0.931682	0.747285761277
10317.000005989	303.15	5.71206558837	153.0	0.96241	0.78706908218
10317.000011072	112.333333333	3.7807915144	71.0	0.88014	0.614788127207
10317.000017111	203.4375	4.50222903965	114.0	0.891022	0.65890553343
10317.000011369	288.121212121	5.98288209403	185.0	0.958194	0.794393714539
10317.000013178	122.666666667	3.39141998157	83.0	0.699026	0.531984157603
10317.000013905	135.4	3.96793355093	86.0	0.835052	0.617455660853
10317.000012914	384.551724138	5.50790584484	189.0	0.933348	0.728342935318
10317.000003423	225.833333333	4.30281163663	111.0	0.837198	0.633286469547
10317.000013306	228.652173913	5.35305869683	141.0	0.936512	0.749775221524
10317.000002489	237.2	5.56240466499	127.0	0.966172	0.795915814534
10317.000004759	190.666666667	3.85542680667	102.0	0.851802	0.577814903739
10317.000004734	252.774193548	5.95574840715	168.0	0.963968	0.80566729843
10317.000002687	227.65	4.78748579615	130.0	0.885524	0.681748083213
10317.000004158	332.588235294	5.02627052794	142.0	0.921178	0.702999762639
10317.000004157	245.882352941	5.07893736273	131.0	0.922962	0.722114589385
10317.000001321	197.103448276	5.66632980734	144.0	0.95968	0.790291363744
10317.000003022	235.230769231	5.5980320319	145.0	0.96181	0.779680071393
10317.000003757	247.076923077	5.48015691911	146.0	0.954324	0.762210103213
10317.000013103	164.142857143	3.59774176991	101.0	0.756238	0.540346574937
10317.000002087	254.037037037	5.36542245301	154.0	0.928802	0.738348707914
10317.000023258	277.666666667	5.37117073856	146.0	0.954978	0.747051711008
10317.000009214	235.0	4.71646714322	139.0	0.878134	0.662523694891
10317.000013829	237.615384615	5.17451929607	150.0	0.92265	0.715818104951
10317.000016757	252.894736842	5.39401633957	140.0	0.941926	0.756600113469
10317.000003092	273.0	5.91669410796	162.0	0.968312	0.806105588757
10317.000014593	309.222222222	5.88652303784	177.0	0.957726	0.788274500891
10317.000006047	269.517241379	5.27102603459	155.0	0.932334	0.724427695432
10317.000001065	218.055555556	5.07035074218	123.0	0.939128	0.730333474749
10317.000010098	257.24137931	5.15948732266	151.0	0.911296	0.712793427347
10317.000009117	245.84	5.68974176243	152.0	0.95864	0.785016372181
10317.000006702	114.2	4.00062073557	79.0	0.863856	0.634638306025
10317.000026135	245.130434783	5.76666950466	149.0	0.965032	0.79879968009
10317.000009624	215.75	5.60392455026	146.0	0.95831	0.779424380159
10317.000020358	218.0	5.05168067154	134.0	0.925424	0.714918894366
10317.000009075	229.551724138	5.68527144662	151.0	0.96327	0.785431548989
10317.000001765	397.5	6.02818408995	170.0	0.973556	0.813586992764
10317.000012996	247.4	5.57614473692	148.0	0.951258	0.773449033391
10317.000016353	353.888888889	5.65370709096	185.0	0.944724	0.750686593237
10317.000008949A	291.545454545	5.75698106023	162.0	0.958346	0.784345873276
10317.000005571	160.25	3.16217420697	77.0	0.697508	0.504592614801
10317.000004792	205.315789474	5.19177649067	130.0	0.93377	0.739319931524
10317.000011039	288.0	5.83630853719	183.0	0.947122	0.776548912646
10317.000006626	242.0	5.29159672474	140.0	0.943834	0.742234066479
10317.000017126	247.1875	5.15876762783	129.0	0.9376	0.735786680405
10317.000014608	276.05	4.78136899706	141.0	0.881052	0.669701604633
10317.000013258	189.681818182	5.34000613591	134.0	0.930992	0.75572300207
10317.000015264	234.230769231	5.2499379497	144.0	0.934872	0.732216578088
10317.000007732	224.65	5.07684999076	127.0	0.936942	0.726438552932
10317.000027644	313.6875	5.56535663423	180.0	0.926696	0.742854479749
10317.000007697	261.935483871	6.05908115416	170.0	0.970358	0.817756979809
10317.000004881	189.789473684	5.05213950974	120.0	0.92764	0.731463665133
10317.000006651	268.619047619	4.07714146106	140.0	0.74964	0.571886605058
10317.000023808	360.0	5.90895772867	178.0	0.966484	0.790418463049
10317.000004642	184.076923077	3.08630018621	86.0	0.749416	0.480263466263
10317.000002345	289.75	5.3111041249	151.0	0.92599	0.733739589891
10317.000001353	275.652173913	5.59931371426	155.0	0.957332	0.769546176285
10317.000011077	286.214285714	5.18017517328	133.0	0.93765	0.73422647791
10317.000028759	163.0	5.04889299666	108.0	0.942412	0.747442943356
10317.000004631	295.136363636	5.95961936789	169.0	0.964208	0.805258269534
10317.000009433	142.3125	4.82909304255	96.0	0.926036	0.733351638983
10317.000009061	309.111111111	6.04732949497	180.0	0.965534	0.807187409739
10317.000013995	353.677419355	6.22136814687	194.0	0.974112	0.818610459891
10317.000015155	196.193548387	5.42875595482	141.0	0.953196	0.760377744604
10317.000022965	377.607142857	5.85835701965	190.0	0.95945	0.773906045605
10317.000016701	386.964285714	6.28355706985	203.0	0.973244	0.819736687047
10317.000010714	244.285714286	5.73589020081	153.0	0.96378	0.790351890397
10317.000002529	215.0	5.50957054234	152.0	0.946754	0.760158063407
10317.000021223	238.5	5.6071869451	158.0	0.953984	0.767710195367
10317.000012401	420.121212121	6.39084431669	218.0	0.973054	0.82269473142
10317.000022638	147.15	4.37307956108	102.0	0.876642	0.655395802419
10317.000013972	228.791666667	5.64865790632	150.0	0.956664	0.781408159226
10317.000017163	340.12	5.45595504984	169.0	0.94519	0.737203611654
10317.000001126	224.052631579	5.30538187592	134.0	0.939634	0.750822942213
10317.000009472	318.823529412	5.87668969528	193.0	0.948328	0.774016852046
10317.000001026	377.0	6.17348616382	191.0	0.968836	0.814720441977
10317.000010919	288.5	4.7419997056	146.0	0.86917	0.659543173379
10317.000014311	211.285714286	5.15235365589	137.0	0.936442	0.725884808025
10317.000005039	181.0	5.12804565864	125.0	0.933768	0.736176351303
10317.000001025	236.0	4.82685419947	132.0	0.882692	0.685205018016
10317.000004249	212.8	5.36772207613	142.0	0.94586	0.750756912994
10317.000017176	201.5	5.10962932476	122.0	0.93288	0.737241807891
10317.000002258	231.130434783	4.95683496332	135.0	0.915036	0.70043296951
10317.000013118	260.666666667	6.03392805562	166.0	0.970202	0.818155361987
10317.000013431	329.8125	6.52675980321	199.0	0.981052	0.854665526658
10317.000021159	295.052631579	5.48571805532	149.0	0.9506	0.759882255106
10317.000014197	352.538461538	6.21929363639	188.0	0.973392	0.823247136077
10317.000015541	214.6	4.35968578083	97.0	0.886658	0.660567174913
10317.000022661	326.64	5.71130246074	177.0	0.953656	0.764810409768
10317.000014258	281.073170732	6.22046174598	194.0	0.973144	0.818491195248
10317.000014324	246.0	5.20825579287	144.0	0.935942	0.726403106285
10317.000002369	241.714285714	3.7734048769	111.0	0.75412	0.555368548397
10317.000010757	238.5	5.63935316948	141.0	0.96416	0.789875006304
10317.000010305	301.433333333	6.31374412735	188.0	0.97718	0.835749535986
10317.000002372	234.161290323	5.03854111089	154.0	0.884996	0.693365779037
10317.000013056	394.076923077	5.54126265665	151.0	0.951614	0.765536448459
10317.000013852	267.833333333	5.55804801482	145.0	0.957132	0.774111196275
10317.000012017	231.965517241	5.62643847391	158.0	0.948294	0.770346025969
10317.000021237	105.4	2.1061989274	68.0	0.449348	0.345989615432
10317.000016489	227.235294118	4.12777315042	116.0	0.813094	0.601893349274
10317.000012355	293.161290323	5.94201735308	178.0	0.964424	0.794840721375
10317.000018409	230.5	5.40627529269	139.0	0.937876	0.759421273117
10317.000004077	107.909090909	4.57732752847	76.0	0.930322	0.732615338226
10317.000004294	317.05	5.70874626789	163.0	0.955972	0.776834596148
10317.000022993	365.6	6.07017069572	187.0	0.969104	0.804326962299
10317.000010847	233.896551724	5.55561141797	153.0	0.957766	0.765511164401
10317.000008963	165.066666667	3.96292193635	93.0	0.826086	0.60602931521
10317.000013372	284.714285714	4.60627449677	122.0	0.908564	0.66461536088
10317.000016407	206.096774194	5.69472064815	149.0	0.959238	0.788833316747
10317.000006657	265.2	5.39211505086	135.0	0.9486	0.761940872545
10317.000017327	326.6	5.75099677707	184.0	0.946646	0.764398141553
10317.000010764	283.0	5.12104021814	141.0	0.91214	0.717277594259
10317.000005805	303.0	5.65658504834	160.0	0.952218	0.772554028807
10317.000018032	251.916666667	5.86761501888	157.0	0.966516	0.804375610586
10317.000012988	107.352941176	3.78941433611	80.0	0.817128	0.599408009587
10317.000013732	168.6875	4.35687287272	104.0	0.893408	0.650236858475
10317.000011093	359.285714286	6.33810786449	193.0	0.977152	0.834790086185
10317.000003078	297.486486486	6.60348129591	201.0	0.982908	0.86308151643
10317.000004979	231.0	5.38100698937	151.0	0.923424	0.74339680954
10317.000014188	249.285714286	5.47254547068	144.0	0.940986	0.763263976901
10317.000012921	201.357142857	5.42413622252	136.0	0.956786	0.765314237834
10317.000011223	385.636363636	6.44723903673	217.0	0.974904	0.830663722193
10317.000013608	176.882352941	4.72900753252	116.0	0.901946	0.689562647648
10317.000009594	192.107142857	4.80651341952	131.0	0.908144	0.683381821123
10317.000022994	323.666666667	6.29335115028	197.0	0.976362	0.825676773047
10317.000002494	196.0	4.45553746197	120.0	0.842402	0.645085860315
10317.000005887	189.5	4.79041287105	122.0	0.912516	0.691183728041
10317.000009427	138.9375	4.32809285968	95.0	0.87357	0.658780514779
10317.000004078	276.111111111	5.23995751492	162.0	0.920618	0.713905258672
10317.000014803	191.84	5.12802012656	128.0	0.929504	0.732574303795
10317.000002244	209.441176471	5.52789278456	152.0	0.943988	0.762685991865
10317.000002506	212.333333333	3.96330792563	114.0	0.836452	0.580033912066
10317.000028817	308.0	5.83762916647	176.0	0.95802	0.782583642417
10317.000027879	311.96875	5.81836994697	184.0	0.946664	0.773353098034
10317.000002325	297.235294118	4.45084793707	134.0	0.858356	0.62988844566
10317.000026127	215.181818182	5.40918796628	132.0	0.95253	0.767871285256
10317.000031851	250.277777778	5.43577725481	169.0	0.933352	0.734477206609
10317.000036428	195.142857143	5.17140129709	127.0	0.938132	0.739967751997
10317.000042001	185.333333333	5.38310760652	127.0	0.951958	0.77026047787
10317.000026648	138.157894737	4.42632456519	105.0	0.848204	0.659243775572
10317.000027761	332.5	6.36627339209	199.0	0.97414	0.833650167244
10317.000030744	215.352941176	5.24843572673	128.0	0.934152	0.74977653239
10317.000039842	205.526315789	5.68636743491	133.0	0.9658	0.805973040327
10317.000041636	179.0	4.98100197021	110.0	0.925144	0.734513752496
10317.000021239	190.526315789	5.01692601471	118.0	0.938938	0.728924336004
10317.000036165	272.37037037	5.79353548744	164.0	0.963086	0.787427052341
10317.000027762	181.1	4.50725982489	95.0	0.882358	0.686051580673
10317.000023342	222.772727273	5.25922123881	134.0	0.936766	0.744290242743
10317.000041617	350.0	6.19041127664	189.0	0.968906	0.818594661395
10317.000029227	192.789473684	5.38817012168	123.0	0.952908	0.776112187816
10317.000030751	195.25	4.36691179059	119.0	0.868594	0.633361452108
10317.000042989	171.384615385	5.16945109755	128.0	0.93429	0.738493013936
10317.000011074	298.391304348	5.77922768101	161.0	0.964762	0.78833627186
10317.000026658	338.260869565	5.95262912439	168.0	0.971164	0.805245335658
10317.000036106	145.571428571	3.88403465971	87.0	0.856444	0.602835437284
10317.000014136	316.0	5.74201425513	154.0	0.966208	0.790172412933
10317.000031222	219.444444444	5.30562506836	140.0	0.936214	0.744201773972
10317.000005898	319.096774194	6.21242526004	187.0	0.97526	0.823176379776
10317.000030756	173.833333333	3.9776243849	103.0	0.83407	0.594873860958
10317.000038402	303.666666667	5.38352560602	138.0	0.952798	0.75733376719
10317.000033785	319.0	6.22335182754	190.0	0.973684	0.822122924075
10317.000028955	372.454545455	6.31320269042	207.0	0.973722	0.820590549551
10317.000035491	331.25	5.90778536893	185.0	0.95791	0.784422539199
10317.000031319	226.052631579	5.63396708915	136.0	0.961352	0.794920159068
10317.000036399	171.571428571	4.00195007967	91.0	0.879316	0.61494719808
10317.000002326	211.666666667	4.87618650117	123.0	0.902428	0.702366051583
10317.000036934	141.272727273	4.4432267912	84.0	0.902984	0.695088572318
10317.000036101	250.576923077	5.54541876502	155.0	0.949096	0.762139080663
10317.000039907	249.03125	6.56857998029	182.0	0.983202	0.87490139183
10317.000040048	283.0	5.56058759857	145.0	0.953256	0.774464903226
10317.000043083	307.565217391	4.78558466655	156.0	0.882054	0.656873089884
10317.000036085	163.777777778	4.63607305871	122.0	0.892198	0.668914840213
10317.000042009	213.357142857	5.5941669482	148.0	0.946334	0.775948836131
10317.000040002	139.714285714	5.05602948722	108.0	0.939436	0.748499436237
10317.000036124	204.0	3.44989442064	105.0	0.693344	0.513817138733
10317.000040003	265.785714286	5.79536162962	164.0	0.95922	0.787675252037
10317.000037487	265.285714286	5.49248196924	175.0	0.913364	0.737126070757
10317.000033728	212.75	4.90010281472	143.0	0.899468	0.684384199693
10317.000036081	316.117647059	5.35023145751	144.0	0.941618	0.746204661336
10317.000037612	239.0625	4.44728414135	117.0	0.868874	0.647314127105
10317.000043003	236.333333333	5.44390955448	138.0	0.940236	0.765828349833
10317.000028718	172.894736842	4.89509544275	111.0	0.932722	0.720458614698
10317.000030771	157.875	3.56559418612	70.0	0.81856	0.581731040362
10317.000034241	217.730769231	5.52414733848	145.0	0.953816	0.769389593826
10317.000009144	137.5	4.26786249453	78.0	0.888524	0.679011835029
10317.000004765	295.157894737	5.76042597184	153.0	0.964672	0.793732689598
10317.000009566	147.6	4.32185865521	108.0	0.86989	0.63981208478
10317.000006675	293.717948718	6.43426033545	200.0	0.977568	0.841755806978
10317.000031829	258.0	3.78576905477	99.0	0.77898	0.57106130681
10317.000033666	172.666666667	4.86535732773	110.0	0.929426	0.717460440571
10317.000031926	247.066666667	5.42729310142	121.0	0.962726	0.784419768868
10317.000027821	206.565217391	5.03726923336	127.0	0.930658	0.720775004042
10317.000013063	188.0	4.73050331741	103.0	0.910106	0.707470716286
10317.000010852	191.0	4.58952545876	107.0	0.907256	0.680790318787
10317.000016754	292.12	5.88854641335	172.0	0.953938	0.792935157559
10317.000014234	151.0	4.77429877695	99.0	0.91889	0.720175282544
10317.000022526	199.8	5.00061952386	120.0	0.934402	0.724004449563
10317.000033713	149.235294118	3.59014450543	91.0	0.737106	0.551668376758
10317.000009621	215.833333333	4.85565204457	124.0	0.895232	0.69823338713
10317.000001325	159.315789474	4.24497987423	114.0	0.78637	0.621256871606
10317.000014018	273.333333333	5.45829516186	143.0	0.950806	0.762345425654
10317.000013201	259.772727273	5.47545325409	150.0	0.946404	0.75744786092
10317.000010207	293.588235294	5.3285983464	139.0	0.948216	0.748509966858
10317.000006777	223.5	5.19158902562	141.0	0.936774	0.727159000527
10317.000014165	258.588235294	5.4544474668	140.0	0.947934	0.765076579767
10317.000002125	209.125	5.16075667377	123.0	0.94159	0.743355547879
10317.000014678	122.666666667	2.32402016725	68.0	0.609844	0.381771557028
10317.000002711	155.111111111	3.42655986888	77.0	0.746476	0.546781009154
10317.000021226	164.05	4.91615871081	110.0	0.930786	0.724951767565
10317.000013755	233.066666667	4.70637546554	119.0	0.908368	0.682596063754
10317.000016381	142.666666667	3.75498581399	88.0	0.816738	0.581318301003
10317.000001221	235.25	5.17075676845	149.0	0.926612	0.716253783769
10317.000009497	189.5	4.33971993233	102.0	0.892328	0.65039617679
10317.000002161	222.526315789	5.13393248269	123.0	0.948258	0.739491790581
10317.000043152	331.928571429	5.1253520719	139.0	0.93319	0.719959895656
10317.000039986	215.571428571	6.09322862242	172.0	0.969386	0.820497090218
10317.000006736	235.888888889	5.67324921638	154.0	0.958226	0.780709490311
10317.000023343	144.125	4.07327830718	74.0	0.89299	0.65598017528
10317.000036151	236.37037037	5.83519587325	152.0	0.965144	0.805084744905
10317.000038424	344.055555556	5.41443321491	155.0	0.929144	0.744136976408
10317.000036191	311.833333333	5.44456328805	145.0	0.950506	0.758305323896
10317.000005799	51.9090909091	1.78659367277	41.0	0.43155	0.333472016928
10317.000016719	296.157894737	5.80096238337	154.0	0.962914	0.798284406854
10317.000016723	243.545454545	5.48597030466	149.0	0.946774	0.759917196712
10317.000004927	114.090909091	3.35116521439	69.0	0.805298	0.548604697927
10317.000016717	210.107142857	5.77331987917	149.0	0.96434	0.799720890682
10317.000009694	260.4375	5.86132782646	169.0	0.956684	0.791977207159
10317.000002382	294.757575758	6.06650719052	184.0	0.968126	0.806334449819
10317.000001575	185.041666667	5.14492907359	134.0	0.919888	0.728115501363
10317.000001305	262.2	4.98768848373	132.0	0.912336	0.708036546397
10317.000012154	203.0	4.62993758392	101.0	0.917896	0.695372563024
10317.000010555	228.434782609	5.23562264573	138.0	0.925318	0.7365273451
10317.000001404	236.315789474	5.66080920699	140.0	0.960654	0.794022231062
10317.000001155	156.0	4.5797588525	104.0	0.8763	0.683501239493
10317.000006034	312.64	5.59661325646	163.0	0.956668	0.761575763724
10317.000013758	178.066666667	5.35223334275	115.0	0.95626	0.78186270127
10317.000001782	322.941176471	5.61344642507	186.0	0.942328	0.744571982859
10317.000015538	188.714285714	4.83267770373	118.0	0.922824	0.702154342317
10317.000014556	116.333333333	3.469888101	68.0	0.796348	0.570005631491
10317.000010979	222.0	4.64250753738	126.0	0.898328	0.665374986854
10317.000013061	261.84	5.9833526609	168.0	0.96873	0.809401479766
10317.000005228	53.8571428571	0.952940231027	32.0	0.224458	0.190588046205
10317.000002067	158.043478261	4.28308127764	109.0	0.858862	0.632825743525
10317.000010822	297.625	5.09266604403	112.0	0.941048	0.748112314158
10317.000012156	275.652173913	5.62846612614	155.0	0.958728	0.773552761421
10317.000008991	184.045454545	5.10582316167	119.0	0.94389	0.740530545831
10317.000001405	198.076923077	4.70050301289	100.0	0.925906	0.707496200794
10317.000010776	291.037037037	6.10532949454	174.0	0.970836	0.820284273009
10317.000013965	287.75	5.0713775447	125.0	0.9338	0.728041141881
10317.000003281	138.1	4.48363618122	82.0	0.916708	0.705245694878
10317.000018434	187.875	4.84748415037	126.0	0.899996	0.694752712163
10317.000002882	197.555555556	4.43177318967	112.0	0.892756	0.65102719638
10317.000002184	214.214285714	3.61120339017	112.0	0.687186	0.530485545636
10317.000002272	224.461538462	4.39572162601	106.0	0.886078	0.653355172033
10317.000002126	206.5	4.74976746402	135.0	0.903818	0.671172987183
10317.000012202	197.052631579	4.75962436419	116.0	0.924808	0.694027056588
10317.000001794	314.555555556	4.83022037139	139.0	0.903732	0.678502648364
10317.000013182	274.625	5.81315093864	159.0	0.964758	0.794919182241
10317.000002276	320.913043478	5.14115632015	162.0	0.892344	0.700444330351
10317.000006839	183.666666667	4.32988682392	110.0	0.868906	0.638498325827
10317.000009198	212.1	5.0426674817	147.0	0.905714	0.700402357243
10317.000002793	195.5	5.43899048316	128.0	0.951912	0.776998640452
10317.000002922	249.555555556	4.96820653079	134.0	0.920308	0.703105550592
10317.000023223	403.0	4.82781765141	148.0	0.905932	0.669650999398
10317.000002709	145.4	2.85362671949	88.0	0.58182	0.441776751883
10317.000012211	211.315789474	4.38827482681	115.0	0.867314	0.641046118562
10317.000014897	217.076923077	4.34299579323	107.0	0.884038	0.644221176487
10317.000014594	100.75	3.58619030806	82.0	0.733012	0.564083519168
10317.000003838	279.142857143	4.26401919175	97.0	0.880064	0.646072045754
10317.000016737	368.333333333	5.84337051301	185.0	0.954164	0.775869678577
10317.000011192	195.291666667	4.91726694169	124.0	0.93259	0.707093490349
10317.000003578	203.142857143	5.80467343256	135.0	0.97093	0.820238050992
10317.000013798	159.047619048	5.10680591983	120.0	0.931792	0.739378429287
10317.000015605	201.136363636	5.29001042995	126.0	0.951888	0.758176608643
10317.000009219	330.066666667	4.52598806034	135.0	0.855086	0.639551504243
10317.000007005	145.3	3.37287870785	75.0	0.76306	0.541495727432
10317.000004636	190.142857143	5.51882458939	127.0	0.96123	0.789680009436
10317.000003088	239.235294118	5.56767729669	142.0	0.94218	0.778723667233
10317.000006703	189.25	2.78867770899	83.0	0.653606	0.437436934944
10317.000007865	195.176470588	4.63089699961	111.0	0.911382	0.681573970553
10317.000017746	152.0	4.72940233049	89.0	0.928888	0.730326901332
10317.000002805	195.090909091	4.03286202899	101.0	0.790164	0.605697496909
10317.000010918	253.0	6.27378508076	169.0	0.97673	0.84770805075
10317.000014668	259.0	5.50461658999	133.0	0.95964	0.78021208085
10317.000026105	100.909090909	4.06054597505	69.0	0.886786	0.66473434031
10317.000001301	131.4	3.17567547352	82.0	0.680562	0.499512307758
10317.000026638	289.111111111	4.05301727472	99.0	0.861016	0.611374150916
10317.000003491	320.307692308	6.05961660523	183.0	0.963996	0.806261124794
10317.000004703	202.75	5.07987374747	129.0	0.930212	0.724534173891
10317.000009097	161.882352941	3.85762670849	101.0	0.790272	0.579378819445
10317.000018414	188.769230769	4.58383363368	102.0	0.91528	0.68698162943
10317.000012201	244.307692308	4.80287195443	146.0	0.889738	0.668009617633
10317.000005017	227.029411765	5.66317168058	156.0	0.960702	0.777331369011
10317.000009019	127.4	4.08606174	83.0	0.867058	0.640946896721
10317.000005885	219.157894737	4.96439313954	126.0	0.919634	0.711508380625
10317.000016414	148.125	4.27221948026	89.0	0.895866	0.659727508213
10317.000004864	189.0	5.79091321485	147.0	0.968376	0.804330105245
10317.000009221	196.913043478	5.52982999026	137.0	0.957558	0.779065229014
10317.000009105	202.058823529	5.13288404685	121.0	0.943338	0.741868117757
10317.000014563	199.352941176	4.71285964175	112.0	0.907646	0.692318778102
10317.000002035	108.4	3.03251165454	71.0	0.687146	0.493111602089
10317.000003732	229.666666667	5.09874897223	128.0	0.933714	0.728392710319
10317.000014667	177.333333333	4.65101789462	112.0	0.883378	0.683234229429
10317.000013814	162.666666667	3.98313413918	76.0	0.874928	0.637512860162
10317.000018426	151.3125	4.91237715773	105.0	0.928908	0.731635020614
10317.000015599	269.25	5.56208376042	145.0	0.95721	0.774673284952
10317.000002132	223.896551724	4.58406572173	143.0	0.846656	0.640244147711
10317.000003225	143.714285714	3.98437933892	88.0	0.860476	0.616831259181
10317.000009392	101.153846154	2.6485761883	63.0	0.648898	0.443107269895
10317.000009149	224.0	5.15720367859	131.0	0.939012	0.733242359725
10317.000013912	139.076923077	3.9733770283	85.0	0.840694	0.619930515691
10317.000012212	283.125	5.49771025091	158.0	0.948348	0.75272115093
10317.000007677	144.0	4.71958488038	101.0	0.9231	0.7088367338
10317.000017208	202.136363636	5.19192620303	127.0	0.94552	0.742904628801
10317.000013117	249.473684211	3.75532643197	126.0	0.713804	0.538222125692
10317.000012055	180.75	4.86645083618	117.0	0.910596	0.708324963056
10317.000005026	101.0	3.56506431129	62.0	0.838762	0.598748197984
10317.000009033	227.25	5.42193144918	121.0	0.950282	0.783644836332
10317.000013524	319.837837838	6.01336163247	194.0	0.963122	0.791240867802
10317.000006092	198.636363636	5.49075568803	136.0	0.9441	0.774713858967
10317.000002274	146.0	3.73590014795	76.0	0.827862	0.597942300053
10317.000008999	164.625	2.97738430635	72.0	0.671138	0.482564100155
10317.000016761	185.875	4.85231303506	124.0	0.913554	0.697753244011
10317.000013277	201.25	4.26499727908	105.0	0.88413	0.635216163582
10317.000007693	138.454545455	4.70636777048	103.0	0.913474	0.703861123072
10317.000004025	79.625	2.88349539919	48.0	0.761348	0.516296286468
10317.000010737	177.142857143	5.56223781889	130.0	0.952	0.792074406665
10317.000001128	271.166666667	5.31343142388	137.0	0.941166	0.748578107534
10317.000003559	248.772727273	5.46845932014	139.0	0.957486	0.768156283958
10317.000014798	214.833333333	4.88855754228	123.0	0.911606	0.704147976719
10317.000020104	289.037037037	5.3411372366	163.0	0.933286	0.726811105882
10317.000017117	95.1111111111	3.0255421126	59.0	0.720258	0.514316793866
10317.000009766	168.714285714	4.63475910739	98.0	0.9166	0.700674589908
10317.000014561	298.037037037	5.79642784062	172.0	0.953384	0.780530728715
10317.000004923	218.125	3.60748629561	83.0	0.791388	0.565876703111
10317.000014172	178.333333333	3.4528476909	105.0	0.709978	0.514256990129
10317.000002056	242.142857143	5.90047316925	155.0	0.964462	0.810936267798
10317.000002243	165.882352941	4.69400011466	105.0	0.893114	0.699110585442
10317.000010274	220.12	5.49237800562	142.0	0.956762	0.768191925367
10317.000003507	145.5	4.21085361317	93.0	0.853636	0.643944234236
10317.000017766	220.461538462	4.35315410697	102.0	0.881316	0.652409563819
10317.000001275	182.5	2.52113688184	79.0	0.571012	0.399940445672
10317.000003189	223.4	4.7312188952	117.0	0.903558	0.688641591576
10317.000009693	135.6	3.22376796627	69.0	0.742938	0.527749047921
10317.000022444	220.8	3.27870176043	83.0	0.77949	0.514302977375
10317.000016315	135.647058824	3.17452016472	85.0	0.681384	0.495292017035
10317.000011315	254.066666667	5.25358376627	128.0	0.940952	0.75051196661
10317.000013913	101.5	3.25126081163	70.0	0.753866	0.530447166926
10317.000013498	133.214285714	3.90188449527	83.0	0.86263	0.612056527224
10317.000002589	199.103448276	5.49150476899	136.0	0.960536	0.774819549956
10317.000004086	328.823529412	6.42654027703	203.0	0.97557	0.838389908343
10317.000013551	209.333333333	3.12148232646	84.0	0.691794	0.488317791501
10317.000006766	185.903225806	5.45910377286	138.0	0.948058	0.767965814291
10317.000011962	207.909090909	3.42218876477	92.0	0.748042	0.524588988013
10317.000002199	110.0	4.12097609818	77.0	0.886528	0.657589989929
10317.000012052	255.333333333	4.77866047931	108.0	0.90382	0.707437463286
10317.000010263	217.157894737	5.10020522396	124.0	0.937482	0.733399662064
10317.000010556	153.045454545	3.91181370174	106.0	0.786648	0.581429838263
10317.000040007	189.571428571	5.17751835948	109.0	0.950398	0.764978923598
10317.000036451	286.136363636	5.68097647202	160.0	0.954014	0.775885313048
10317.000023129	249.5	5.45381800013	141.0	0.947966	0.763888055557
10317.000028914	160.0	4.72623855641	105.0	0.92563	0.703912084236
10317.000038479	181.3	4.40886488281	91.0	0.906674	0.67747449429
10317.000026549	162.894736842	4.46598268031	101.0	0.903462	0.670748096824
10317.000042999	310.0	5.86657243686	156.0	0.969332	0.805250315717
10317.000041554	350.625	6.0412013499	180.0	0.969928	0.806369435202
10317.000037489	294.75	5.82302677404	156.0	0.967416	0.799273204019
10317.000031493	203.058823529	5.08926349647	122.0	0.926762	0.734303328577
10317.000023972	292.72	6.4002479172	209.0	0.975488	0.830407381765
10317.000039813	133.157894737	4.65496660777	100.0	0.88934	0.700642288876
10317.000012123	399.153846154	5.93458178808	213.0	0.954626	0.767266268479
10317.000009455	159.4375	4.99146993961	103.0	0.939134	0.746499595613
10317.000018344	247.2	4.5842464913	117.0	0.90983	0.667249364248
10317.000010548	225.5	4.98848323176	98.0	0.947332	0.754149970191
10317.000010161	140.1	4.93275095115	84.0	0.94737	0.77166864924
10317.000023819	237.769230769	4.54513178562	115.0	0.8624	0.66396003088
10317.000008950B	117.714285714	3.57400155232	91.0	0.780132	0.549187820133
10317.000001067	123.75	1.97139554219	36.0	0.643398	0.381319949833
10317.000009526	146.0	5.2988839667	102.0	0.952266	0.794146610134
10317.000013166	128.111111111	4.01451170766	73.0	0.867046	0.648566315487
10317.000010876	206.5	4.91824603919	103.0	0.93569	0.735548590656
10317.000010993	199.75	4.49502894825	130.0	0.84849	0.640101610729
10317.000015613	115.3125	2.88481006836	69.0	0.730828	0.472259723076
10317.000018335	215.954545455	5.29254019544	130.0	0.949634	0.753668895785
10317.000015525	183.451612903	5.53978442261	139.0	0.955574	0.778175344622
10317.000001622	137.076923077	4.13387318904	83.0	0.887486	0.648446685477
10317.000012936	111.1	1.84193306758	55.0	0.462146	0.31859859252
10317.000009111	83.5	2.74239520418	51.0	0.709474	0.483460784206
10317.000002271	116.0	3.38633443728	74.0	0.777352	0.545351456542
10317.000002465	239.44	5.74735660749	151.0	0.962108	0.794008737349
10317.000001747	140.833333333	4.28367664035	93.0	0.874458	0.655080686078
10317.000002038	128.5	3.79438512018	76.0	0.847594	0.607302999597
10317.000013724	221.4	4.62551259859	115.0	0.911278	0.675702187012
10317.000023378	176.5	4.40375943307	106.0	0.862046	0.654549866161
10317.000012307	183.571428571	4.37942979839	103.0	0.853348	0.654965894429
10317.000020347	343.136363636	6.02556601409	177.0	0.967538	0.806893986791
10317.000020368	254.0	5.35226752203	139.0	0.948588	0.751834783762
10317.000010567	204.0	4.92216555469	120.0	0.925344	0.712645652418
10317.000020063	162.0	5.05351694379	119.0	0.925134	0.732944236856
10317.000010178	176.352941176	4.60709184881	110.0	0.891728	0.679375824825
10317.000011259	261.0	3.60323517908	93.0	0.73627	0.551024265225
10317.000005025	136.75	4.08485082507	88.0	0.868086	0.632385489349
10317.000013165	209.517241379	4.80329046825	140.0	0.891482	0.673741027931
10317.000016738	299.272727273	5.10584005154	152.0	0.900598	0.70445517592
10317.000001225	81.0	2.15930171446	39.0	0.61207	0.408540660681
10317.000003137	176.125	4.7106125131	117.0	0.872912	0.685642277428
10317.000009642	140.6	3.29094795989	74.0	0.746162	0.529989963062
10317.000015394	106.75	3.46750700791	68.0	0.832982	0.569614484447
10317.000001086	108.714285714	2.59027979642	71.0	0.632592	0.421201026007
10317.000001756	120.0	3.55331882817	69.0	0.833312	0.581698387771
10317.000012999	154.384615385	4.60723563265	111.0	0.905086	0.678091497971
10317.000001248	242.857142857	5.12990163587	149.0	0.914124	0.710594526409
10317.000016739	258.833333333	5.04848832253	136.0	0.898252	0.712312492581
10317.000010559	189.6875	5.02601244755	110.0	0.941288	0.741151134857
10317.000001654	134.0	3.1003769612	77.0	0.757768	0.494731540809
10317.000011375	101.2	2.53424053755	46.0	0.64538	0.458805487784
10317.000042586	340.5	6.10109073649	181.0	0.971286	0.813495480887
10317.000041282	121.894736842	4.84189806161	99.0	0.91063	0.730372242601
10317.000001208	143.375	4.02710127316	69.0	0.896258	0.659259253467
10317.000027729	252.142857143	5.72209787955	150.0	0.960564	0.791567491805
10317.000013573	248.090909091	5.93697316999	177.0	0.952062	0.795030365513
10317.000010544	52.0	2.01586977642	32.0	0.566708	0.403173955284
10317.000005878	55.0	0.827516383772	36.0	0.17462	0.160063518047
10317.000012987	148.666666667	4.5545940719	94.0	0.91794	0.694871055221
