	chao1	shannon	observed_otus	simpson	equitability
10317.000002503	196.956521739	5.17109727693	130.0	0.930682	0.736375167837
10317.000013618	290.25	6.42070685651	189.0	0.979146	0.849048006705
10317.000031796	410.575	6.22337303817	223.0	0.965528	0.797776297351
10317.000026504	308.8	5.79564490487	166.0	0.962518	0.78584595497
10317.000007104	299.055555556	5.63692309378	149.0	0.955726	0.780827193299
10317.000007077	260.476190476	5.64957308512	152.0	0.9595	0.779474280702
10317.000016408	344.107142857	6.16366462308	188.0	0.970998	0.815883530407
10317.000005802	192.4	4.46434191847	104.0	0.896024	0.666275961917
10317.000006952	256.307692308	5.78334367634	158.0	0.966196	0.791828763177
10317.000013023	295.0	5.78414710348	152.0	0.96761	0.798041521905
10317.000002645	251.894736842	4.63987358457	132.0	0.89422	0.658661838897
10317.000002027	264.5	5.663739865	160.0	0.95843	0.773531205387
10317.000027353	415.935483871	6.27823967854	219.0	0.960558	0.807512749919
10317.000023798	233.166666667	5.85073433887	168.0	0.955606	0.791461459818
10317.000041962	314.666666667	6.2974909105	196.0	0.974172	0.827016529772
10317.000040352	181.105263158	4.04961116499	114.0	0.775386	0.592664473831
10317.000028811	229.75	4.5889878183	132.0	0.901624	0.651438255802
10317.000027772	464.875	6.73228905747	238.0	0.98089	0.852747873264
10317.000027617	286.5	5.23215418906	144.0	0.935432	0.729736250798
10317.000039924	281.055555556	5.56953995859	143.0	0.960938	0.777882687637
10317.000039952	100.111111111	4.3327708992	72.0	0.897788	0.702240448334
10317.000026028	330.833333333	5.98431975818	182.0	0.968732	0.797080906574
10317.000001441	228.636363636	4.94043014793	137.0	0.901368	0.69602815121
10317.000016347	326.5	5.99663177211	190.0	0.955792	0.792172543623
10317.000001595	256.2	6.07971553908	171.0	0.971258	0.819605880122
10317.000002146	255.625	5.67072657959	155.0	0.955356	0.779360860774
10317.000012158	382.941176471	6.31576233769	213.0	0.972214	0.816548086198
10317.000014313	141.545454545	3.96650241151	81.0	0.85971	0.625646097258
10317.000007749	186.357142857	5.39418280834	139.0	0.942588	0.757722637852
10317.000018083	147.15	4.48447476148	102.0	0.894848	0.672090661437
10317.000017335	278.037037037	5.78306583173	161.0	0.967178	0.788859828571
10317.000002578	259.555555556	5.86020865306	144.0	0.96866	0.817331931907
10317.000007719	247.0	4.84111402621	112.0	0.923382	0.711159338926
10317.000009676	153.5	4.10953001384	92.0	0.824334	0.629951863955
10317.000006716	312.5	5.82550285577	197.0	0.955844	0.764295886956
10317.000006802	277.0	5.53533827791	169.0	0.93832	0.747929800177
10317.000002898	258.12	5.54630369814	153.0	0.955192	0.764228647877
10317.000001647	249.476190476	5.42715063723	141.0	0.9447	0.760152896079
10317.000002878	224.902439024	5.43974885681	166.0	0.922358	0.737589121719
10317.000009527	260.0	5.23683570465	130.0	0.944958	0.74573645871
10317.000017667	271.454545455	5.70558789183	152.0	0.96362	0.787202670176
10317.000009213	205.384615385	5.49163614612	144.0	0.95219	0.765926581521
10317.000031434	285.636363636	4.97689669333	142.0	0.916626	0.696094086985
10317.000027217	241.0	4.48515372271	139.0	0.825038	0.630031022437
10317.000001546	261.333333333	6.0723748006	164.0	0.973788	0.825325433893
10317.000009074	354.2	5.82072980224	154.0	0.967848	0.80100464898
10317.000027277	298.884615385	5.39345790031	168.0	0.929076	0.729603126036
10317.000001333	110.0	4.26652728408	77.0	0.90563	0.680815798716
10317.000023984	233.088235294	5.53375411233	160.0	0.945766	0.755778265043
10317.000021327	185.034482759	4.98810246401	130.0	0.925014	0.710316320195
10317.000028933	332.037037037	6.05829469398	187.0	0.9651	0.802753334658
10317.000015568	352.588235294	5.87625316293	162.0	0.96677	0.800595810626
10317.000006944	216.476190476	2.59627449085	108.0	0.544566	0.384354956322
10317.000002028	278.04	5.35655432525	161.0	0.916014	0.730679997374
10317.000003896	274.714285714	5.6739779914	153.0	0.956204	0.781820968424
10317.000011025	242.5	5.97517125149	160.0	0.970076	0.816065273252
10317.000017293	298.84	5.6801481055	166.0	0.955068	0.770185455736
10317.000031284	114.153846154	3.46375137831	71.0	0.785642	0.563234765756
10317.000020034	319.681818182	5.63222708309	165.0	0.954482	0.764591463593
10317.000037584	234.2	5.86661700147	151.0	0.969448	0.810484797789
10317.000031847	361.058823529	5.29098736256	156.0	0.932466	0.726245058765
10317.000013935	303.222222222	5.84879757486	171.0	0.963082	0.78847585108
10317.000014019	289.181818182	5.95645372182	181.0	0.964794	0.794210149315
10317.000023052	183.352941176	5.18941729988	117.0	0.940186	0.755333597514
10317.000015385	277.78125	6.01480352641	174.0	0.970018	0.8081216161
10317.000017354	339.032258065	6.2735842229	195.0	0.971576	0.824676195742
10317.000023475	330.272727273	6.29674896521	183.0	0.976638	0.837812725455
10317.000003475	328.8	5.74494747773	193.0	0.948002	0.756665128237
10317.000017269	239.666666667	5.44993889517	153.0	0.937604	0.750950481537
10317.000014801	230.5	5.35682788234	120.0	0.95087	0.775577346736
10317.000009716	355.6875	6.35097704926	201.0	0.977158	0.830078962423
10317.000013155	323.5	5.58405360915	174.0	0.944208	0.750248018444
10317.000015604	252.476190476	5.49659812977	144.0	0.952098	0.766618636689
10317.000009236	250.545454545	5.52962222929	147.0	0.94433	0.768038039017
10317.000041289	278.8	5.38333232399	151.0	0.937912	0.743718059138
10317.000030735	256.285714286	5.95928928162	177.0	0.96238	0.798018754694
10317.000022541	201.75	4.95491519561	128.0	0.905142	0.707845027944
10317.000034132	125.0	3.34222747808	80.0	0.768238	0.52867217531
10317.000026633	305.307692308	5.60165442203	168.0	0.951928	0.757767030507
10317.000028715	182.153846154	4.63964291639	99.0	0.90462	0.699863226899
10317.000026126	131.0	4.09133696504	86.0	0.881044	0.636658637827
10317.000033665	223.0	4.76960007767	113.0	0.906278	0.699336498933
10317.000028755	532.882352941	5.95441091296	193.0	0.958914	0.784253487867
10317.000026501	126.5	5.33813638435	107.0	0.943394	0.791836019537
10317.000016485	181.058823529	4.34444472274	109.0	0.859902	0.641892199483
10317.000001001	136.05	4.24474162366	99.0	0.858728	0.640294657072
10317.000013049	217.333333333	5.7652262687	144.0	0.962802	0.804084598868
10317.000002334	282.538461538	5.63441379702	161.0	0.954672	0.76858241482
10317.000006797	193.869565217	4.54369948745	122.0	0.891528	0.655586738633
10317.000013156	263.451612903	6.37563587071	181.0	0.97772	0.850102250993
10317.000001529	306.848484848	6.01899104828	180.0	0.970194	0.80340484135
10317.000002418b	348.2	6.17786403577	193.0	0.970638	0.813684424613
10317.000005849	162.588235294	3.99012326557	99.0	0.821768	0.601886954381
10317.000003282	235.0	4.38945886537	130.0	0.869786	0.62506820808
10317.000011341	256.772727273	5.54199380291	147.0	0.95653	0.769756391329
10317.000013355	283.965517241	5.91682864734	175.0	0.9629	0.794076098307
10317.000006794	245.25	5.20008141964	138.0	0.930884	0.731527541512
10317.000009593	299.375	4.904765037	161.0	0.859796	0.669052059728
10317.000028723	298.37037037	5.33188585084	163.0	0.938694	0.725552196099
10317.000002774	294.235294118	4.28805743693	131.0	0.830128	0.609668640148
10317.000001531	242.2	5.98592041919	164.0	0.96529	0.813575006392
10317.000018027	299.206896552	6.2213273866	179.0	0.975868	0.831304186495
10317.000001399	235.066666667	5.00258572322	121.0	0.936168	0.723035786611
10317.000001948	190.0	4.88568446469	112.0	0.92505	0.717706733471
10317.000001032	232.130434783	5.35441146753	136.0	0.950848	0.755476478319
10317.000016697	374.236842105	6.80914175615	225.0	0.985558	0.871427237277
10317.000011162	228.857142857	3.85537869504	135.0	0.738094	0.544790046055
10317.000005999	224.55	4.80305340272	130.0	0.912242	0.68396494325
10317.000001362	331.565217391	6.26143228739	180.0	0.974698	0.835765491779
10317.000010947	153.055555556	5.47740060837	114.0	0.961268	0.8016228268
10317.000002851	203.555555556	5.27118739066	138.0	0.934146	0.741530457229
10317.000035452	258.8	6.26915232442	173.0	0.974008	0.843236828053
10317.000005928	319.954545455	5.75460845191	169.0	0.948142	0.777557383747
10317.000027807	323.8	6.08148413756	181.0	0.968236	0.810881213977
10317.000031313	361.161290323	6.07412408906	195.0	0.967512	0.798456730356
10317.000014458	260.153846154	5.27239845337	124.0	0.945106	0.758160715925
10317.000016759	268.0	5.89788889601	177.0	0.95853	0.789796522655
10317.000014308	314.15	5.70499066676	164.0	0.949998	0.775392503264
10317.000010546	189.5	4.29916412685	107.0	0.875424	0.637719377033
10317.000015305	352.5	6.44893080428	220.0	0.974358	0.828766570587
10317.000014295	254.714285714	4.95502899968	124.0	0.91832	0.712523601366
10317.000011055	326.558823529	5.97013960767	198.0	0.954498	0.782522027081
10317.000002818	175.230769231	3.47728215667	116.0	0.667922	0.507041672927
10317.000009667	197.666666667	4.66212443637	109.0	0.90919	0.688829413126
10317.000012254	215.375	4.95847950005	134.0	0.911516	0.701728971486
10317.000026037	348.59375	6.09835273736	197.0	0.965866	0.80009331894
10317.000007037	250.666666667	5.4827304123	156.0	0.927436	0.752563859564
10317.000015594	317.0	6.33225263959	197.0	0.977588	0.830780581079
10317.000004286	204.384615385	5.20281358928	134.0	0.941384	0.736307375841
10317.000001351	162.5	4.78540861177	113.0	0.908754	0.701654404986
10317.000010115	235.047619048	5.18273068876	136.0	0.925292	0.731253313752
10317.000010981	205.46875	5.81821294414	152.0	0.961882	0.802741602112
10317.000013028	236.677419355	5.86936772883	161.0	0.963214	0.800632148258
10317.000017095	286.774193548	6.13697200174	177.0	0.974488	0.821812555655
10317.000011048	253.357142857	6.03395642619	180.0	0.969462	0.805402394923
10317.000002079	205.285714286	4.98800391868	121.0	0.939748	0.720928243214
10317.000014937	459.588235294	6.0290920562	180.0	0.968896	0.804753106965
10317.000013653	181.272727273	4.87913087222	121.0	0.916232	0.70519255908
10317.000021178	344.473684211	5.53166967628	161.0	0.944146	0.754567234666
10317.000006741	312.391304348	5.61284606899	168.0	0.951418	0.759280987001
10317.000014548	302.636363636	5.69034782521	159.0	0.958634	0.778126473514
10317.000013215	318.714285714	5.95393815666	172.0	0.962448	0.801740626455
10317.000010867	235.12	5.54037973162	144.0	0.958742	0.772724921181
10317.000026613	224.5	5.62493610519	153.0	0.957742	0.775063456317
10317.000006909	316.8	5.96027630928	174.0	0.965672	0.800795587472
10317.000011163	284.625	5.01881849872	138.0	0.903652	0.706028167904
10317.000012276	365.333333333	5.77328558509	167.0	0.956792	0.781895557623
10317.000015003	216.535714286	5.32681355824	149.0	0.923252	0.737870787078
10317.000001613	288.0	5.66759127483	168.0	0.952216	0.766686676273
10317.000006029	301.12	5.66252607205	165.0	0.952392	0.768704640845
10317.000005024	339.666666667	5.92880619135	188.0	0.955558	0.784795348596
10317.000026632	317.954545455	5.94430568535	167.0	0.967472	0.805057387172
10317.000033799	157.0	4.96477122658	92.0	0.95106	0.761052207372
10317.000029152	180.045454545	3.93160917707	115.0	0.753576	0.574335679084
10317.000022999	215.0	5.12834129844	131.0	0.925914	0.729138756096
10317.000037575	470.0	6.53789096848	210.0	0.978928	0.847508800894
10317.000027681	272.464285714	6.22944519246	176.0	0.97194	0.835109899915
10317.000021296	382.137931034	6.21106220026	201.0	0.970882	0.811791953702
10317.000028712	286.956521739	5.32342009816	153.0	0.941412	0.733517377539
10317.000027363	307.576923077	5.63072211071	167.0	0.95283	0.762587704988
10317.000033801	265.714285714	5.30959468976	144.0	0.929972	0.740536991487
10317.000011225	245.5	5.83026959473	165.0	0.95935	0.791476319547
10317.000011409	197.55	5.15217520979	126.0	0.938124	0.738421744044
10317.000009475	198.176470588	4.76746287196	114.0	0.904796	0.697722758902
10317.000012928	204.5	5.44060327323	137.0	0.949814	0.766494601552
10317.000028841	258.107142857	5.82741264639	159.0	0.967712	0.796869399117
10317.000017357	315.647058824	5.49445864535	148.0	0.947646	0.762118619359
10317.000014534	221.217391304	5.3877525355	139.0	0.950626	0.756819375306
10317.000016715	326.032258065	6.23540075116	191.0	0.974238	0.822891364956
10317.000008954A	278.0	5.6492380395	164.0	0.944364	0.767814897666
10317.000015912	172.0	5.03061625025	116.0	0.932414	0.733541876803
10317.000016725	314.869565217	6.24641322081	174.0	0.977842	0.839239640109
10317.000018358	221.647058824	4.47459899369	114.0	0.858746	0.654861849731
10317.000010102	199.875	5.33940349352	131.0	0.951698	0.75914721642
10317.000018415	217.285714286	5.33198647703	133.0	0.949304	0.755743873584
10317.000008949B	268.555555556	5.74240177194	163.0	0.956254	0.781414368775
10317.000010869	247.375	5.88929477199	158.0	0.958816	0.806335098908
10317.000014571	319.076923077	6.28544118636	185.0	0.975806	0.834566834692
10317.000011949	200.956521739	4.83396403198	124.0	0.905174	0.695114692802
10317.000010827	224.444444444	5.69348420791	145.0	0.963038	0.792974414652
10317.000014162	298.588235294	5.48511014434	144.0	0.95257	0.765016390442
10317.000010821	154.047619048	5.13030979181	115.0	0.918888	0.749443758392
10317.000016736	397.666666667	5.52939864815	160.0	0.955072	0.755183412961
10317.000001929	298.476190476	5.51429357191	148.0	0.955262	0.764869857983
10317.000003196	323.032258065	5.96124031703	188.0	0.960568	0.789088649835
10317.000028833	109.5	4.02116134634	66.0	0.892002	0.665271202859
10317.000004291	366.620689655	6.11343122581	189.0	0.971814	0.808415134409
10317.000035347	346.44	6.09835170206	179.0	0.971992	0.814871969535
10317.000031035	237.066666667	4.7373979475	123.0	0.879974	0.682374944101
10317.000016765	317.8	5.93220161093	175.0	0.961924	0.796139247955
10317.000004918	395.636363636	6.10248537382	184.0	0.97141	0.811116517611
10317.000001347	314.666666667	5.59346716045	149.0	0.95318	0.774807672739
10317.000005938	333.0	5.47169159797	183.0	0.937124	0.728034875754
10317.000003982	260.541666667	4.98735282271	148.0	0.891768	0.691779607936
10317.000001934	242.6	5.06142138799	146.0	0.910714	0.703970082516
10317.000015355	257.55	5.55509740167	147.0	0.949164	0.771576418426
10317.000002418a	376.25	6.19829391662	176.0	0.976862	0.830933807495
10317.000026083	320.285714286	5.57799144106	166.0	0.93814	0.756333778685
10317.000016741	223.526315789	5.04795068064	124.0	0.935426	0.725885559644
10317.000009476	177.25	4.62935651755	116.0	0.897854	0.675031984026
10317.000003729	348.444444444	5.48026109497	176.0	0.942606	0.734675425039
10317.000017219	368.375	6.25861499381	201.0	0.974542	0.818007150707
10317.000003366	223.142857143	4.43360244677	121.0	0.899206	0.640799260619
10317.000004283	94.8333333333	3.05501232706	61.0	0.745058	0.515115095001
10317.000003473	317.902439024	6.23430416952	209.0	0.966612	0.808876823135
10317.000016734	299.25	5.39973065975	154.0	0.951284	0.743069942884
10317.000007068	125.428571429	4.76280516975	90.0	0.927042	0.733658802669
10317.000011342	339.444444444	5.84842854233	181.0	0.95166	0.779806496078
10317.000026056	182.391304348	4.59132852061	113.0	0.904674	0.673197660342
10317.000012209	196.652173913	5.51175099734	139.0	0.948424	0.774237480131
10317.000016355	302.615384615	6.20935201318	178.0	0.974562	0.830601046776
10317.000015185	219.4	4.89732331435	124.0	0.90143	0.704225635253
10317.000003028	195.6	5.07550978074	134.0	0.912788	0.718291213703
10317.000012985	338.0	5.91834860196	191.0	0.959646	0.781049711752
10317.000016755	249.125	5.70338421612	157.0	0.939622	0.781861650174
10317.000014327	239.5	5.55953696118	139.0	0.9611	0.780949990229
10317.000013249	169.5	4.99055445141	105.0	0.94133	0.74327851704
10317.000008950A	123.176470588	3.55308420291	84.0	0.782448	0.555836634496
10317.000016716	228.193548387	5.96129546052	159.0	0.969886	0.815177201245
10317.000022662	294.0	5.73977573906	161.0	0.959976	0.782954688274
10317.000022443	200.476190476	4.87263083669	119.0	0.926044	0.706709155189
10317.000017074	280.666666667	5.31857790673	149.0	0.945426	0.736729983745
10317.000002511	339.2	4.83208838181	139.0	0.902552	0.678765048404
10317.000013821	247.333333333	4.91534878114	119.0	0.928762	0.712904814874
10317.000004819	230.333333333	4.75673862098	105.0	0.917756	0.708454674239
10317.000003594	271.04	5.51175204558	154.0	0.952462	0.758485475625
10317.000001391	141.041666667	3.78355901129	96.0	0.819974	0.57457563515
10317.000017075	233.142857143	4.87364272995	131.0	0.905482	0.692926151162
10317.000010834	352.5	5.57940957885	155.0	0.944756	0.766810635454
10317.000014303	246.0	5.88856848547	153.0	0.968096	0.811389526522
10317.000015265	187.875	5.34711783058	126.0	0.95284	0.766361374233
10317.000003193	168.769230769	4.7754760055	96.0	0.92605	0.725209293899
10317.000014933	113.2	3.99961582662	78.0	0.870046	0.636334109951
10317.000013619	461.12	6.43701465072	208.0	0.97737	0.835928191939
10317.000005015	243.0	5.56778112135	141.0	0.961788	0.779850280015
10317.000022925	202.125	5.19407533777	116.0	0.948978	0.757376747101
10317.000003439	234.230769231	5.30505484119	144.0	0.946604	0.739903812121
10317.000016735	298.956521739	5.79916259584	165.0	0.96121	0.787253452561
10317.000011168	272.615384615	5.7676694717	163.0	0.961814	0.784852746034
10317.000004972	274.1	6.09652260823	174.0	0.971228	0.819101019863
10317.000009382	193.913043478	5.68043597339	134.0	0.965132	0.803900972699
10317.000006001	144.0	4.25769286974	99.0	0.88848	0.642248277433
10317.000027308	218.64	5.25413414123	143.0	0.913044	0.733830804227
10317.000003895	288.526315789	5.7474812579	154.0	0.962218	0.790924740354
10317.000001322	180.789473684	4.9267681891	111.0	0.937876	0.725120199589
10317.000002019	234.916666667	5.39638907707	140.0	0.946854	0.756932929193
10317.000026106	231.772727273	5.39979724455	143.0	0.937234	0.754175178654
10317.000008957B	243.394736842	6.13303550555	178.0	0.970638	0.820392482181
10317.000001047	213.25	4.9551784122	117.0	0.922194	0.721239499567
10317.000017071	251.071428571	4.4889808311	116.0	0.854998	0.654563031641
10317.000015262	239.625	5.31029797299	139.0	0.94721	0.745939307369
10317.000003981	287.391304348	5.36771350273	150.0	0.949518	0.742543662049
10317.000014334	350.433333333	6.05968870222	192.0	0.96738	0.798908195215
10317.000011378	263.75	5.65222335478	165.0	0.958304	0.767306016542
10317.000016718	200.84	5.69761596	137.0	0.966188	0.80270360762
10317.000016714	284.260869565	6.21841369752	170.0	0.974906	0.839261114863
10317.000007748	223.666666667	5.16423250257	149.0	0.92564	0.715350041759
10317.000007073	258.387096774	5.53719899413	159.0	0.954024	0.757184140371
10317.000001247	337.333333333	6.42590550609	189.0	0.980012	0.849735454858
10317.000002036	178.4	4.69143380617	100.0	0.924246	0.706131149164
10317.000016742	270.25	5.42614966226	146.0	0.948368	0.754698479473
10317.000015627	272.555555556	5.78927295075	167.0	0.959026	0.784060780529
10317.000012112	268.4	5.63805323365	134.0	0.964064	0.797902925039
10317.000002437	227.526315789	4.82540598989	128.0	0.919378	0.689343712841
10317.000003731	270.105263158	5.26759852049	143.0	0.946032	0.735711337916
10317.000013171	237.130434783	5.33828826388	141.0	0.939174	0.747706403441
10317.000001487	230.052631579	5.49380684131	140.0	0.956892	0.770597383811
10317.000014306	184.483870968	5.09899992076	133.0	0.9312	0.722720878629
10317.000002064	301.625	6.0150007494	182.0	0.96766	0.80116745831
10317.000003492	208.44	5.20139437671	140.0	0.919892	0.729581693467
10317.000002336	193.0	5.17476732937	140.0	0.90714	0.725846809149
10317.000006074	240.5	5.47571574373	132.0	0.960062	0.777315358986
10317.000012061	153.136363636	4.40492368279	104.0	0.891746	0.657408150523
10317.000016756	283.04	5.75544411388	166.0	0.959478	0.780395029404
10317.000011018	306.833333333	5.87540144621	185.0	0.956674	0.780122674307
10317.000015261	283.315789474	5.58203050113	145.0	0.95917	0.777451417719
10317.000013458	268.078947368	6.16609933999	187.0	0.969078	0.817037971415
10317.000041935	243.615384615	3.9692783107	112.0	0.79184	0.58308672842
10317.000033721	373.055555556	6.05788278569	170.0	0.971348	0.817595243374
10317.000031491	244.8	6.16618684516	159.0	0.976568	0.843195068602
10317.000017671	240.333333333	4.97193710038	112.0	0.936708	0.730377240103
10317.000036943	280.652173913	5.77032201084	160.0	0.959994	0.788087773611
10317.000036102	320.75	6.03330830138	161.0	0.96885	0.822995049827
10317.000028894	195.714285714	5.08684267122	125.0	0.937468	0.7302612977
10317.000040401	223.115384615	5.74858242001	148.0	0.963112	0.797367307682
10317.000040358	243.789473684	5.5580308631	141.0	0.951016	0.778484611814
10317.000031506	262.823529412	5.98904162254	179.0	0.959706	0.800265773609
10317.000016446	269.730769231	5.5377188274	163.0	0.937512	0.753561529448
10317.000028793	311.25	5.31317106605	127.0	0.951372	0.760253367291
10317.000042026	264.857142857	6.11356668213	171.0	0.969932	0.824169349533
10317.000037582	234.615384615	5.53173473428	147.0	0.953766	0.76833145584
10317.000029202	183.0	4.4849334435	126.0	0.869378	0.642791100927
10317.000022618	284.25	6.16633349085	195.0	0.966376	0.810577855375
10317.000021229	174.0	3.12595515693	84.0	0.674218	0.489017511206
10317.000034121	136.1	4.39396277341	80.0	0.915658	0.695035234102
10317.000036071	227.2	4.73129292946	117.0	0.908676	0.688652367461
10317.000036166	191.416666667	5.49451661627	134.0	0.956632	0.777589479579
10317.000031593	272.5	4.69111720097	120.0	0.88462	0.679193790033
10317.000012263	183.461538462	4.49979320687	93.0	0.919376	0.68813028355
10317.000034194	325.291666667	5.58957395945	173.0	0.935016	0.75182965285
10317.000036131	248.473684211	5.60322833495	139.0	0.956844	0.787087331909
10317.000002347	230.8	4.98075362262	130.0	0.927902	0.709269829669
10317.000016767	284.527777778	5.89413783786	183.0	0.959808	0.78424337915
10317.000036109	161.571428571	3.9248393086	94.0	0.792484	0.598792601247
10317.000004973	343.913043478	6.2500040023	185.0	0.970878	0.829861564583
10317.000040395	217.954545455	5.18841125735	132.0	0.939528	0.736530519083
10317.000031379	407.0	5.60171428514	158.0	0.946722	0.766960903987
10317.000004737	278.625	5.59197941597	163.0	0.937004	0.760945200123
10317.000006666	248.0	4.74260154681	122.0	0.91194	0.684285281034
10317.000003969	224.4	4.90090755363	118.0	0.93281	0.71206766332
10317.000001749	255.222222222	5.97562903307	185.0	0.962442	0.793430669312
10317.000009507	408.052631579	6.07178023613	178.0	0.97328	0.812198601274
10317.000017356	266.111111111	3.85383643976	95.0	0.800644	0.586593780672
10317.000040348	417.869565217	5.76439419344	185.0	0.956074	0.765383379353
10317.000026595	256.84	5.92401139454	163.0	0.964842	0.80612743732
10317.000012335	232.375	5.33593352482	143.0	0.9403	0.74525550444
10317.000022554	260.689655172	6.02439321437	165.0	0.971924	0.817829174336
10317.000003718	399.870967742	6.28567349819	210.0	0.970952	0.814813773272
10317.000006113	267.619047619	4.96667683603	139.0	0.905686	0.697670732949
10317.000006662	253.451612903	6.00937536476	171.0	0.969554	0.810123327836
10317.000013756	329.0	6.46432354804	215.0	0.973724	0.834300807108
10317.000001216	298.615384615	6.04091260053	174.0	0.969978	0.811629512423
10317.000010945	410.84	5.36058538967	184.0	0.921932	0.712506312965
10317.000016722	365.055555556	5.96126438193	162.0	0.972192	0.812177957258
10317.000016358	168.4	4.67609706078	112.0	0.914674	0.686918357324
10317.000035392	284.375	5.65045980085	142.0	0.960684	0.790302049346
10317.000043118	315.441176471	6.29163930301	195.0	0.971772	0.827049575018
10317.000006685	160.0	4.76390755283	95.0	0.923736	0.725116020326
10317.000005992	214.5	4.12021714484	123.0	0.824304	0.59347620256
10317.000012947	422.071428571	5.62404107007	161.0	0.956358	0.76716748581
10317.000012122	239.75	5.3148319781	142.0	0.940672	0.743359434853
10317.000004758	315.64	5.56738512162	159.0	0.951318	0.761311941632
10317.000042014	370.538461538	6.35507519105	214.0	0.975318	0.820913555817
10317.000014612	310.2	5.76236258089	164.0	0.964172	0.783190193868
10317.000027267	318.034482759	6.06621435277	183.0	0.968902	0.807138986827
10317.000006625	180.333333333	4.82592826958	122.0	0.911856	0.696308059955
10317.000008951B	101.428571429	4.13321483131	80.0	0.878796	0.653790231282
10317.000006778	329.657894737	6.29668361833	202.0	0.975404	0.822213336954
10317.000012971	388.076923077	6.27980168729	220.0	0.970526	0.807031408197
10317.000017652	360.277777778	6.54924114458	220.0	0.977264	0.841657677539
10317.000015254	376.12	5.95533783961	186.0	0.962566	0.789920731055
10317.000001438	248.333333333	5.67703206075	151.0	0.963858	0.784293261457
10317.000006803	261.387096774	5.62256415649	162.0	0.956434	0.766032569368
10317.000013299	296.884615385	5.50219872648	166.0	0.948024	0.746056855384
10317.000036039	200.8	5.02426894652	121.0	0.93006	0.726169715201
10317.000011026	314.391304348	5.70238148683	170.0	0.944132	0.769615415894
10317.000012993	248.848484848	5.88819558508	167.0	0.96722	0.797458206862
10317.000009218	247.129032258	5.6189916426	160.0	0.953718	0.767419670035
10317.000009419	267.884615385	5.88897157446	164.0	0.962316	0.800398226307
10317.000010693	389.551724138	5.97028848924	194.0	0.96653	0.785573283959
10317.000008951A	149.066666667	3.88966145477	86.0	0.85538	0.605275631061
10317.000001669	211.5	4.89151099749	123.0	0.921796	0.704573392497
10317.000036068	225.285714286	5.6090070767	151.0	0.951196	0.77489547472
10317.000042981	250.615384615	5.93482546432	163.0	0.964368	0.80759899397
10317.000004075	275.884615385	6.12729262996	172.0	0.967836	0.82508405401
10317.000028776	363.956521739	6.53468121298	236.0	0.974576	0.828996210035
10317.000004011	221.789473684	4.77723660534	119.0	0.923754	0.692873513027
10317.000004285	341.785714286	5.99533962407	189.0	0.963772	0.792799184124
10317.000011964	324.871794872	6.11925554404	203.0	0.966302	0.798302332755
10317.000012011	251.137931034	5.89584746967	163.0	0.964974	0.802294947634
10317.000026116	191.555555556	4.78222378816	115.0	0.90376	0.69859480513
10317.000015607	252.75	5.91806416955	155.0	0.966202	0.813353901049
10317.000011031	274.625	5.57034449014	159.0	0.943686	0.761716620408
10317.000018035	302.538461538	5.95717686196	181.0	0.951138	0.794306569982
10317.000022498	241.027777778	6.10100308856	172.0	0.968882	0.82154397804
10317.000018398	271.0625	5.49492003134	137.0	0.955886	0.774146970191
10317.000023929	346.7	5.16502315909	185.0	0.872366	0.685800232821
10317.000009558	245.307692308	5.24129381778	147.0	0.936908	0.727990603842
10317.000012391	356.03030303	6.31854182995	203.0	0.974396	0.824300708829
10317.000040145	176.516129032	6.17689997011	146.0	0.97956	0.859116925527
10317.000002051	249.275862069	5.70323235837	166.0	0.941938	0.773315507186
10317.000016726	409.0	6.55061286847	214.0	0.978724	0.846172034316
10317.000005927	434.555555556	5.49419384458	196.0	0.926918	0.721523729342
10317.000018369	281.434782609	5.68182416618	164.0	0.944494	0.77224383363
10317.000002191	296.365853659	6.27471922458	203.0	0.971214	0.818583724492
10317.000013539	336.12	5.87802468691	183.0	0.959326	0.782099446943
10317.000026622	409.571428571	6.22511022554	219.0	0.967592	0.800679192603
10317.000004289	273.896551724	5.89751628227	173.0	0.95599	0.793249655759
10317.000014543	291.235294118	4.38433063889	128.0	0.88661	0.626332948413
10317.000018025	161.137931034	5.40822268416	127.0	0.948286	0.773854155189
10317.000011073	310.157894737	5.23910517916	148.0	0.943144	0.726699364496
10317.000001111	234.25	4.73918259916	127.0	0.88735	0.678122252122
10317.000013053	184.6875	4.23316079477	105.0	0.86937	0.630474531149
10317.000010225	331.4	6.68600529353	215.0	0.983406	0.862911574779
10317.000003226	357.896551724	6.11894623147	194.0	0.968168	0.805133737521
10317.000013167	288.535714286	5.72853711011	167.0	0.957732	0.775835120585
10317.000018299	230.142857143	4.81322582109	128.0	0.91643	0.687603688727
10317.000010879	240.285714286	4.89001091815	135.0	0.913998	0.690990297979
10317.000013685	305.833333333	5.90658331733	184.0	0.959212	0.785078045722
10317.000020032	249.84	5.89728538342	156.0	0.968396	0.809465998754
10317.000013055	244.666666667	5.12139775549	156.0	0.918732	0.702967056812
10317.000003579	299.176470588	5.83998394439	184.0	0.951184	0.776225939056
10317.000001284	202.333333333	4.82558707308	129.0	0.88962	0.688265676932
10317.000013684	344.260869565	5.87767704277	174.0	0.965406	0.789697926103
10317.000006665	345.181818182	6.65197961193	207.0	0.983664	0.8646247987
10317.000002638	207.875	5.31032471962	125.0	0.951172	0.762344124166
10317.000002443	313.675675676	6.36297481974	203.0	0.974676	0.830097322346
10317.000017349	355.5	6.70077302063	213.0	0.983074	0.866325091651
10317.000005814	293.4	5.97188647147	167.0	0.970364	0.808792746151
10317.000001482	201.55	4.44167916129	116.0	0.881086	0.647665714507
10317.000020071	273.166666667	5.59956398503	139.0	0.960162	0.786572599468
10317.000004026	337.166666667	5.77699190883	174.0	0.951532	0.776170329932
10317.000013134	368.5625	6.0353569562	161.0	0.974952	0.823274503932
10317.000004822	249.0	5.98816905287	169.0	0.967198	0.809115876624
10317.000009101	352.59375	6.4705325259	201.0	0.980346	0.845704981102
10317.000013159	301.176470588	6.06908629583	186.0	0.967598	0.805008416441
10317.000018073	254.0	5.70112436458	175.0	0.955648	0.765127209391
10317.000021267	175.535714286	5.05893475618	130.0	0.927052	0.72040298812
10317.000016772	312.12	6.01576830094	176.0	0.969746	0.806464702473
10317.000009596	208.5	5.69333027734	141.0	0.958958	0.797435300388
10317.000009003	283.206896552	5.49454178226	163.0	0.935394	0.747686084849
10317.000006635	269.0	5.14830023702	161.0	0.914202	0.702272351824
10317.000017265	332.0	5.6870809539	166.0	0.954296	0.77112549795
10317.000001734	262.333333333	5.91367412437	165.0	0.963464	0.802798730815
10317.000001286	260.12	5.2870802302	155.0	0.9278	0.726634116696
10317.000014397	287.774193548	6.10027144843	178.0	0.972832	0.81600976075
10317.000010746	185.058823529	4.34885814345	104.0	0.899138	0.649040708728
10317.000010873	226.434782609	5.03402111132	136.0	0.91967	0.710271252785
10317.000016731	327.5	6.031846835	191.0	0.959486	0.796028174185
10317.000016458	478.25	6.26393021136	200.0	0.967374	0.819472535308
10317.000009174	259.823529412	6.02549449725	176.0	0.967374	0.807768581482
10317.000004719	324.303030303	5.86304549082	189.0	0.95886	0.775305149176
10317.000018345	242.545454545	5.52759750989	148.0	0.947744	0.766715204269
10317.000013222	266.615384615	5.27213642705	157.0	0.92764	0.722743047039
10317.000003809	263.307692308	5.75691963975	165.0	0.953834	0.78151884649
10317.000004847	199.9	5.27523238228	131.0	0.935568	0.750023478061
10317.000002261	403.724137931	5.9664834421	197.0	0.9599	0.782792295752
10317.000014134	207.352941176	5.20819284655	120.0	0.941766	0.75405752769
10317.000016729	284.636363636	6.2660919002	184.0	0.97585	0.832862404377
10317.000014877	239.551724138	5.87250477367	161.0	0.96177	0.801060068107
10317.000001652	247.615384615	6.05065135074	160.0	0.97273	0.82637404688
10317.000017083	226.2	5.44291681011	143.0	0.954604	0.760197572567
10317.000002606	300.84	5.57150698502	168.0	0.935654	0.75368881859
10317.000011357	278.516129032	5.87345189662	174.0	0.964238	0.789130254704
10317.000004813	291.486486486	6.11374676443	195.0	0.96591	0.803665216611
10317.000013453	214.75	5.33016122078	145.0	0.936534	0.742371686598
10317.000016768	301.363636364	6.18094940212	188.0	0.970268	0.818171514489
10317.000013174	215.833333333	3.99534387188	101.0	0.825892	0.600062626762
10317.000016166	213.454545455	5.25071059862	133.0	0.93449	0.744224011813
10317.000003595	261.75	4.43431371449	143.0	0.867096	0.619328687055
10317.000012184	325.117647059	5.92537215653	191.0	0.960674	0.781976616475
10317.000011358	377.677419355	6.71138206383	218.0	0.983214	0.863957622944
10317.000013471	391.285714286	5.93599058884	200.0	0.958492	0.77657015536
10317.000001436	250.848484848	5.80810761266	169.0	0.95523	0.784786140981
10317.000009385	343.0	6.13144043978	191.0	0.97052	0.809171630499
10317.000006053	326.037037037	5.35754274375	171.0	0.929772	0.722249833493
10317.000002185	197.0	5.06206250506	127.0	0.923072	0.724322634649
10317.000016488	163.333333333	4.13551897118	98.0	0.836692	0.625200359296
10317.000001516	248.0	4.77909539953	126.0	0.878372	0.6849510772
10317.000011352	294.153846154	6.17946361864	196.0	0.966798	0.811516623108
10317.000004009	235.125	5.4853465912	143.0	0.9511	0.766123626135
10317.000013801	254.533333333	5.47801148203	157.0	0.950648	0.750965906331
10317.000003996	355.5	6.15675814902	204.0	0.963138	0.80245266322
10317.000017339	246.888888889	5.72396911245	160.0	0.950656	0.781757077954
10317.000010183	366.565217391	6.61369231574	229.0	0.979722	0.84366888456
10317.000012318	219.5	4.98646284067	148.0	0.886708	0.6916561614
10317.000007666	281.615384615	6.003241474	172.0	0.96507	0.808379672997
10317.000006026	183.875	5.35281464574	122.0	0.957578	0.772329751516
10317.000002349	247.285714286	5.33444416647	142.0	0.941756	0.746102495278
10317.000015908	223.235294118	5.35443304659	126.0	0.949846	0.767409808019
10317.000001423	240.894736842	4.75394457861	128.0	0.907692	0.679134939802
10317.000011036	278.527777778	5.89118664727	177.0	0.963838	0.788899012912
10317.000005845	276.0	5.88380954965	165.0	0.963482	0.79874452658
10317.000009118	227.444444444	5.51521323923	148.0	0.955746	0.764997422068
10317.000005576	268.615384615	5.7778533715	159.0	0.964436	0.790092417289
10317.000013584	188.0	4.981849309	135.0	0.904612	0.703967658995
10317.000002801	341.5	6.45726020419	205.0	0.974034	0.840846010474
10317.000013265	322.317073171	6.14815109551	204.0	0.966054	0.801330846698
10317.000010833	220.666666667	4.72451131907	118.0	0.912002	0.686438521536
10317.000013238	312.0	4.72991100058	91.0	0.937204	0.726807046333
10317.000012983	291.363636364	5.58102135987	178.0	0.921736	0.746551681037
10317.000004915	274.434782609	5.75827867489	157.0	0.961348	0.789386984342
10317.000001099	418.882352941	6.94208633644	257.0	0.985344	0.867151125285
10317.000010881	302.0	4.9650670027	144.0	0.910706	0.692485207544
10317.000015856	305.037037037	6.0515518207	179.0	0.966926	0.808618490996
10317.000017324	214.0	3.86747851283	145.0	0.697504	0.538652852612
10317.000003061	284.913043478	5.75474733131	161.0	0.956598	0.78499694199
10317.000028859	285.121212121	6.09633426067	182.0	0.97157	0.812000667683
10317.000014922	322.0	6.03605261677	190.0	0.9631	0.797380152156
10317.000012903	333.037037037	6.12652225838	188.0	0.970758	0.810967000146
10317.000014684	340.333333333	6.28216413357	192.0	0.972216	0.828239313375
10317.000012991	405.0	6.56061103424	220.0	0.979126	0.843118847576
10317.000014121	178.954545455	4.80755795494	121.0	0.894592	0.694847952629
10317.000004736	351.888888889	5.47083423573	183.0	0.911162	0.727920799586
10317.000011248	273.405405405	6.10846313504	188.0	0.966408	0.808576516204
10317.000010962	239.24137931	5.84334741909	163.0	0.959826	0.795150847392
10317.000016773	266.870967742	5.84207144958	170.0	0.9628	0.78846851245
10317.000002348	304.034482759	5.54148965273	178.0	0.929202	0.74126367719
10317.000016354	352.785714286	6.6408796483	200.0	0.98449	0.868786576229
10317.000004922	154.0	4.75693474908	113.0	0.89245	0.697479461359
10317.000003091	199.0	5.02134895948	123.0	0.934702	0.723275256483
10317.000001965	220.923076923	6.43426076371	174.0	0.98117	0.864477980693
10317.000005454	194.666666667	5.17920067697	121.0	0.940502	0.748562372078
10317.000014369	410.916666667	6.66421265164	232.0	0.979612	0.8480820526
10317.000003086	291.916666667	5.88949857718	188.0	0.958268	0.779592204528
10317.000001528	274.935483871	6.32331712195	183.0	0.973432	0.841347746452
10317.000002444	234.888888889	5.55802761604	153.0	0.951048	0.765844093841
10317.000015584	268.615384615	5.44938450622	159.0	0.940794	0.745175950379
10317.000023375	316.666666667	4.79571171836	165.0	0.858614	0.651032031845
10317.000015624	338.322580645	5.73223892114	185.0	0.953402	0.761113874153
10317.000020431	258.551724138	6.3653674613	180.0	0.977106	0.849638584667
10317.000006671	332.0	6.35171175452	194.0	0.975886	0.835761131267
10317.000009102	240.473684211	5.0336336579	131.0	0.918926	0.715673386457
10317.000015214	295.2	6.13318569985	179.0	0.972948	0.81952654667
10317.000002172	282.607142857	5.56513869988	164.0	0.942876	0.756384555134
10317.000016745	305.052631579	5.07536514878	147.0	0.921998	0.704943906568
10317.000001189	203.9	5.50616623288	135.0	0.950548	0.778057045202
10317.000007678	167.5625	2.93559076714	91.0	0.701574	0.451088414654
10317.000003358	298.052631579	5.51121543011	152.0	0.950952	0.760385009354
10317.000009231	278.615384615	4.8084018281	154.0	0.895488	0.661695757977
10317.000006653	170.105263158	5.0017568249	118.0	0.927336	0.726720358593
10317.000018318	263.285714286	6.02934529904	172.0	0.965832	0.811894740923
10317.000013859	366.6	6.04750631347	188.0	0.959972	0.800507669207
10317.000015928	285.538461538	6.35220309995	194.0	0.975412	0.835825782723
10317.000013757	469.0	6.35375663789	210.0	0.971726	0.823639411442
10317.000012298	353.444444444	5.65193936089	181.0	0.944934	0.753607400203
10317.000001731	335.090909091	6.25581984571	194.0	0.975272	0.823143630146
10317.000017171	321.032258065	5.95181163098	186.0	0.963768	0.789453011948
10317.000014587	190.142857143	5.07100293168	122.0	0.935818	0.731668606772
10317.000017343	282.037037037	5.97075830116	165.0	0.970786	0.810548076435
10317.000002171	307.12	5.94619926208	171.0	0.965346	0.801606563374
10317.000016764	228.724137931	5.89214272255	157.0	0.966648	0.807738047718
10317.000016727	270.260869565	5.71258636003	156.0	0.961932	0.784114066514
10317.000002013	357.0	5.61154771754	198.0	0.934486	0.735520437303
10317.000013454	274.551724138	6.08186510293	171.0	0.973464	0.819895662623
10317.000016766	334.2	5.90770708891	174.0	0.965188	0.793732626374
10317.000001234	206.555555556	4.40075479842	121.0	0.83923	0.636051710737
10317.000001922	301.736842105	6.22566975367	201.0	0.9667	0.813701175337
10317.000026623	376.538461538	6.25861154664	220.0	0.964348	0.804308215666
10317.000006761	361.888888889	6.54440449142	200.0	0.98168	0.856165308313
10317.000004076	427.5	5.87050572046	180.0	0.963698	0.783585268554
10317.000009532	359.483870968	6.47983029871	203.0	0.980086	0.84534198745
10317.000005846	243.888888889	5.89192738457	157.0	0.96916	0.807708527611
10317.000004821	429.588235294	6.4899495193	230.0	0.973058	0.827220412894
10317.000002712	311.576923077	5.52986774333	171.0	0.941556	0.745480950481
10317.000010832	241.130434783	5.33258647166	145.0	0.942284	0.742709469549
10317.000013734	326.090909091	6.43986890685	202.0	0.97859	0.840910298881
10317.000009659	283.714285714	5.63903908791	168.0	0.949916	0.762824262731
10317.000001116	211.029411765	4.94575221284	146.0	0.909038	0.687882182985
10317.000017292	305.0	6.69594588869	216.0	0.98205	0.863448488044
10317.000015862	243.315789474	5.79880372144	147.0	0.96665	0.805426058813
10317.000002446	249.652173913	4.11264906667	129.0	0.814112	0.586580482538
10317.000006678	221.2	5.55395645223	154.0	0.949362	0.764293325685
10317.000014224	300.0	6.3453998355	180.0	0.98021	0.846973339428
10317.000017218	260.033333333	6.19768552571	170.0	0.976138	0.836463560788
10317.000009661	304.677419355	6.02811110156	184.0	0.967506	0.801231004247
10317.000006729	333.714285714	5.57367044651	146.0	0.960282	0.775216474459
10317.000003476	328.885714286	6.64987764144	217.0	0.97873	0.85677172543
10317.000001811	291.75	4.33382184342	132.0	0.835876	0.615215697757
10317.000016749	277.736842105	6.08484374343	186.0	0.967612	0.80709849678
10317.000003214	203.8	2.61370376973	91.0	0.513948	0.401626651459
10317.000013686	241.5	5.41391107825	133.0	0.954122	0.767355683879
10317.000010845	283.75	6.36347667983	185.0	0.978054	0.844928213129
10317.000001311	243.076923077	4.94904903623	142.0	0.907464	0.692199172014
10317.000003593	240.44	5.74296923364	152.0	0.96249	0.792360191653
10317.000001435	193.217391304	5.08606452403	131.0	0.914512	0.723127916936
10317.000017205	316.6	6.06376657385	189.0	0.961292	0.801847684019
10317.000014551	279.1875	5.67984064901	141.0	0.96471	0.795545877977
10317.000002781	151.0	3.8525484676	96.0	0.800554	0.585052453552
10317.000007675	217.0	5.71397051729	154.0	0.957988	0.786313246618
10317.000003216	229.55	5.42878504845	135.0	0.947976	0.767122581336
10317.000005238	324.0	5.4724076381	162.0	0.940198	0.74557485997
10317.000022448	345.625	5.67544681217	175.0	0.953256	0.761681118275
10317.000001004	163.4	5.21628794243	122.0	0.947656	0.752631024431
10317.000014122	205.0	5.46800915075	146.0	0.95098	0.760520525358
10317.000016728	353.794117647	6.46569200017	214.0	0.975098	0.835202425009
10317.000010773	175.161290323	4.28138135114	129.0	0.850704	0.61064649528
10317.000005553	248.888888889	6.08519650544	167.0	0.968852	0.824138706589
10317.000014054	332.25	6.03472230199	186.0	0.968836	0.800450349063
10317.000001779	265.857142857	6.07897296286	172.0	0.965478	0.818577463053
10317.000026081	280.0	5.25300716653	147.0	0.940562	0.729617531873
10317.000016769	272.0	5.25920662468	138.0	0.937028	0.739845048949
10317.000003372	271.294117647	5.94391207537	176.0	0.96845	0.796831766715
10317.000004738	320.675675676	6.22969694586	200.0	0.97196	0.814994001875
10317.000041976	363.896551724	6.27718253428	200.0	0.97303	0.821206257474
10317.000036427	421.384615385	6.07103056216	195.0	0.967778	0.798050079564
10317.000043092	308.428571429	6.11259497298	194.0	0.962848	0.804298036031
10317.000036069	213.0	4.99278695785	107.0	0.939314	0.74060838211
10317.000028711	261.541666667	5.59088549982	158.0	0.951836	0.765478276606
10317.000027901	348.333333333	6.60453223928	227.0	0.978212	0.843862687365
10317.000031057	271.434782609	5.4626504455	154.0	0.944812	0.751728486163
10317.000021275	345.689655172	5.29856584084	175.0	0.92626	0.71110129096
10317.000031439	269.333333333	5.55083456113	151.0	0.945972	0.766858826085
10317.000036437	339.216216216	6.06259053156	200.0	0.966532	0.79313246888
10317.000043117	295.730769231	5.79048054168	168.0	0.960348	0.783310592675
10317.000040144	186.0	4.4887337218	111.0	0.857718	0.660650423832
10317.000039994	299.3125	5.44647787241	144.0	0.941546	0.759628290577
10317.000036067	283.884615385	6.38716644643	180.0	0.97913	0.852548276682
10317.000036877	338.028571429	6.3062574134	205.0	0.970842	0.821182857653
10317.000038417	280.5	5.66175799491	173.0	0.950116	0.761538818292
10317.000031891	318.8	5.9083984852	176.0	0.95924	0.792070869104
10317.000028719	313.4	5.59635902927	143.0	0.95884	0.78162843521
10317.000023341	235.444444444	5.24732856896	146.0	0.935714	0.729827066848
10317.000036901	237.12	5.21198669701	146.0	0.934124	0.724911526607
10317.000035492	402.25	6.10470903959	196.0	0.961982	0.801699495392
10317.000041632	335.0	5.01516627911	155.0	0.887738	0.689263404496
10317.000027775	332.333333333	5.74477139483	184.0	0.947778	0.763570690105
10317.000036094	179.956521739	3.98178126252	113.0	0.806018	0.583823574786
10317.000039831	231.888888889	5.2640983173	150.0	0.930934	0.728210035787
10317.000043164	200.058823529	5.06611650146	119.0	0.936248	0.73477163217
10317.000036422	252.176470588	6.05533284523	177.0	0.96754	0.810880114733
10317.000036939	272.545454545	5.34700492093	143.0	0.947472	0.746801816601
10317.000020388	418.5	6.71099399065	237.0	0.982198	0.850705084309
10317.000036147	337.0	5.79658580885	185.0	0.9435	0.769657710108
10317.000035412	345.045454545	5.90855522988	175.0	0.962942	0.792965752976
10317.000031272	128.0	3.83060307074	77.0	0.838484	0.611254754868
10317.000037565	342.444444444	5.75562751838	184.0	0.94552	0.765013640082
10317.000018298	291.3	5.35377871178	145.0	0.948414	0.745661072398
10317.000001764	287.8	5.92901409818	160.0	0.968506	0.809761311685
10317.000014232	302.692307692	5.95879461477	193.0	0.964528	0.78483086378
10317.000009677	224.260869565	5.08732004759	131.0	0.940614	0.723306425118
10317.000036045	223.214285714	6.04463500482	160.0	0.96926	0.825552358134
10317.000018424	224.117647059	4.4608066568	120.0	0.865534	0.64584874989
10317.000015901	287.1	4.95104716149	116.0	0.933034	0.721939469504
10317.000014978	302.4	6.08594555398	176.0	0.971506	0.815872557739
10317.000017133	271.0	5.46771908108	157.0	0.946052	0.74955494868
10317.000018401	310.885714286	6.4142733053	199.0	0.978482	0.839935655347
10317.000026136	256.464285714	5.77214723778	160.0	0.962958	0.788337055893
10317.000018408	182.176470588	4.97697372987	113.0	0.93407	0.729742394928
10317.000013197	301.037037037	6.03282173098	175.0	0.971424	0.809643109078
10317.000001936	172.352941176	4.49060266392	106.0	0.903614	0.66745775225
10317.000009495	221.230769231	4.58474950156	107.0	0.917504	0.680081873991
10317.000033748	208.103448276	4.98924624775	145.0	0.876766	0.69488989139
10317.000006717	218.583333333	5.74637198487	159.0	0.957494	0.785787495849
10317.000001786	259.451612903	6.28082841693	177.0	0.975564	0.841076617505
10317.000022553	292.243902439	6.23134720511	201.0	0.97096	0.814443223837
10317.000009178	351.5	6.22951485219	200.0	0.972822	0.814970179648
10317.000034127	263.75	5.26440162331	145.0	0.939754	0.733212852324
10317.000005085	280.4	5.67560387916	149.0	0.963158	0.78618525985
10317.000009648	311.848484848	5.8027366004	185.0	0.948688	0.770474398464
10317.000013001	304.375	5.64678663315	166.0	0.95102	0.76566189045
10317.000034147	256.5	5.29791152579	147.0	0.939734	0.735854532268
10317.000028856	200.3125	5.24645781894	145.0	0.94038	0.730713683581
10317.000005163	210.055555556	4.46913821558	115.0	0.893302	0.652858770127
10317.000009628	307.44	5.87792000292	168.0	0.964864	0.795139016191
10317.000001789	261.4	5.86896057391	162.0	0.958306	0.799602249584
10317.000002346	251.55	5.02494880173	141.0	0.929386	0.703818566981
10317.000016762	238.551724138	5.65920512289	160.0	0.947062	0.772911868233
10317.000014291	262.25	6.25830752372	191.0	0.968132	0.825914392038
10317.000011191	279.5	5.81452863086	161.0	0.965974	0.793151624487
10317.000011969	264.260869565	5.49409223062	150.0	0.951846	0.76002628726
10317.000013764	244.285714286	5.42900553507	153.0	0.937092	0.748066060785
10317.000016333	234.896551724	5.66904713209	154.0	0.960466	0.780131231369
10317.000038478	305.0	6.1921708297	182.0	0.972338	0.824765610469
10317.000034126	305.44	5.72282903693	166.0	0.951208	0.775972669733
10317.000006036	262.285714286	6.12753078425	171.0	0.972016	0.826051848828
10317.000013902	326.790697674	6.03705833137	207.0	0.961372	0.784697285473
10317.000015295	202.8	4.63793191694	123.0	0.889214	0.66804785404
10317.000006795	351.115384615	5.83217347833	183.0	0.954364	0.775998723183
10317.000002141	168.285714286	4.77947746331	128.0	0.901894	0.682782494758
10317.000006017	219.3125	4.64222845011	116.0	0.886412	0.676908911442
10317.000021323	308.5	6.20559219384	181.0	0.975504	0.827429294852
10317.000017174	246.789473684	5.37260554267	144.0	0.928046	0.749325207948
10317.000014451	231.434782609	5.29550912493	141.0	0.93936	0.741714550895
10317.000013984	257.636363636	5.90336798877	151.0	0.97138	0.815562019722
10317.000015587	204.866666667	4.7009565828	113.0	0.890896	0.689271734467
10317.000003508	381.714285714	5.89933980429	178.0	0.956676	0.789131910436
10317.000036114	178.517241379	5.18196660282	131.0	0.935212	0.736763109752
10317.000010712	345.03030303	6.13939841504	192.0	0.971638	0.809417108451
10317.000013986	283.136363636	5.72417538585	157.0	0.957762	0.784711855886
10317.000014259	308.272727273	5.54143163586	161.0	0.946064	0.75589884976
10317.000006899	385.21875	6.385145347	208.0	0.977988	0.829192303389
10317.000003879	185.055555556	5.22715509816	117.0	0.947722	0.760826435204
10317.000003287	305.916666667	6.46893763613	202.0	0.97837	0.844706058418
10317.000013952	233.5	5.83048837048	151.0	0.964446	0.805493555618
10317.000010169	195.0	3.808741014	80.0	0.846302	0.602465095591
10317.000001805	310.791666667	6.00337210789	169.0	0.968662	0.811170099389
10317.000012959	232.8	5.7279385408	147.0	0.96644	0.795583224687
10317.000005009	232.0	5.68515535916	152.0	0.960062	0.784383583943
10317.000033803	237.545454545	5.46905517298	143.0	0.948282	0.763848247508
10317.000014237	263.533333333	5.67490702613	166.0	0.95237	0.769474804705
10317.000017185	350.777777778	6.12776366848	202.0	0.969572	0.800155974052
10317.000002811	232.0	5.07676941456	128.0	0.938418	0.725252773509
10317.000035361	265.2	5.35070693377	135.0	0.949266	0.7560896367
10317.000044399	237.125	5.39164351227	145.0	0.936464	0.750934788264
10317.000005987	245.84	5.87855185713	152.0	0.9699	0.811066590584
10317.000003922	305.076923077	5.96350394421	171.0	0.969774	0.803939405946
10317.000015542	183.5	4.70689312846	110.0	0.910508	0.694092826114
10317.000017114	119.045454545	4.82597351572	92.0	0.94098	0.739775838449
10317.000014222	227.526315789	5.26696936446	128.0	0.949928	0.752424194922
10317.000001882	350.285714286	6.09583528644	206.0	0.960376	0.793057291141
10317.000012004	355.785714286	6.33130239893	203.0	0.97035	0.825965419824
10317.000001702	301.022222222	6.03330695312	208.0	0.959032	0.783501614708
10317.000001732	307.25	6.1898589646	196.0	0.969472	0.812881789499
10317.000014929	255.772727273	4.94932711391	133.0	0.929632	0.701506588738
10317.000001151	331.15	5.74622352698	161.0	0.966242	0.783834221901
10317.000002262	327.5	6.09507813981	191.0	0.967292	0.804372865537
10317.000016752	220.315789474	4.60938227479	124.0	0.898008	0.662820269815
10317.000027295	284.714285714	5.76034213191	169.0	0.9592	0.778332113299
10317.000029188	318.333333333	5.54166047716	170.0	0.947524	0.747923888067
10317.000014392	252.772727273	5.24884365965	143.0	0.943634	0.733091896874
10317.000002512	211.0	5.12637454085	127.0	0.931782	0.733524943621
10317.000012242	311.027777778	5.99363164592	187.0	0.965624	0.794185168188
10317.000031519	233.0	5.52954307384	149.0	0.951748	0.765952901385
10317.000016177	337.2	5.60180963332	177.0	0.938696	0.750148035505
10317.000015329	443.615384615	6.07989046514	169.0	0.971088	0.82150918921
10317.000014318	270.076923077	6.13753783372	169.0	0.974682	0.829298448456
10317.000013609	197.052631579	4.48299505522	116.0	0.87949	0.653690212675
10317.000014317	289.157894737	5.28422764355	147.0	0.928896	0.733953906575
10317.000029154	315.956521739	5.75206383426	168.0	0.954444	0.778113750437
10317.000009529	156.25	4.81964302131	105.0	0.9269	0.717823470802
10317.000011955	239.230769231	5.31288450599	149.0	0.94104	0.735941333262
10317.000003266	197.576923077	5.18011843899	134.0	0.928494	0.733095535503
10317.000016405	260.823529412	6.20755680978	177.0	0.97515	0.831264689618
10317.000010984	245.25	5.80556361703	159.0	0.965288	0.793881654134
10317.000010843	280.387096774	6.01817554655	181.0	0.96554	0.802439895054
10317.000008955	240.2	5.6216464688	130.0	0.966942	0.800534323818
10317.000027648	255.666666667	4.41058583512	117.0	0.86688	0.641972590268
10317.000015263	171.166666667	3.66476000477	72.0	0.806818	0.593971564309
10317.000014357	241.055555556	5.17730359818	136.0	0.922494	0.730487582672
10317.000017093	198.214285714	4.94690897776	135.0	0.907572	0.699030363293
10317.000010797	259.0	5.16725221679	144.0	0.934894	0.720684277137
10317.000014954	261.5	5.64062148995	155.0	0.956888	0.775223343607
10317.000014379	310.12	5.7394513313	174.0	0.948856	0.771126548858
10317.000005915	160.130434783	4.2478951579	109.0	0.845402	0.627626990351
10317.000001363	221.115384615	4.82970473092	146.0	0.852526	0.671741666485
10317.000013604	206.75	2.50564160485	58.0	0.555608	0.427731262176
10317.000014095	196.454545455	5.16900419147	141.0	0.930576	0.723995659718
10317.000012275	292.75	5.67775331543	154.0	0.960396	0.781329310229
10317.000006619	260.473684211	5.34911448088	137.0	0.952948	0.7536052836
10317.000011145	210.0	4.04626574727	111.0	0.802436	0.59552812587
10317.000011389	339.0	6.0758489795	187.0	0.968794	0.805079362352
10317.000023487	206.461538462	4.94583430301	116.0	0.90982	0.721179353883
10317.000002205	152.5	3.91396230842	103.0	0.81	0.585352875171
10317.000011155	238.2	5.36988821553	153.0	0.933446	0.739920248432
10317.000006929	152.315789474	4.92163934151	107.0	0.927284	0.730054653007
10317.000013648	432.857142857	4.80607320595	117.0	0.900258	0.699536837143
10317.000012155	359.428571429	6.6934644894	218.0	0.983188	0.861651089824
10317.000013119	317.884615385	5.87308009329	174.0	0.962348	0.789080300901
10317.000006654	246.8	6.0548026035	161.0	0.97169	0.82592705717
10317.000002071	258.777777778	5.31412996957	156.0	0.935282	0.729421631082
10317.000011049	238.903225806	5.98024041249	161.0	0.967848	0.81575613418
10317.000004159	196.666666667	4.81948276323	123.0	0.891538	0.69419844345
10317.000002568	158.0	4.77275013578	103.0	0.913068	0.713788941821
10317.000008957A	271.617647059	6.12686934268	181.0	0.970156	0.816932699008
10317.000002749	276.935483871	6.01525949296	175.0	0.966526	0.807286144854
10317.000001127	253.916666667	5.67269955133	159.0	0.95371	0.775713160735
10317.000017661	304.0	5.96527684236	161.0	0.97166	0.813714974749
10317.000002201	213.142857143	3.60766915397	78.0	0.822246	0.573975861584
10317.000011298	180.045454545	4.70046893456	115.0	0.90882	0.686651926974
10317.000001939	198.0	4.72820950791	121.0	0.873658	0.683379530099
10317.000001726	212.303030303	5.4157067692	155.0	0.931036	0.744312008364
10317.000012381	276.04	6.17026712174	168.0	0.974102	0.834686441186
10317.000009447	265.166666667	4.96837604889	131.0	0.923794	0.706395171711
10317.000029245	329.875	5.96253935552	174.0	0.968754	0.801099640061
10317.000014958	211.545454545	5.66282115019	139.0	0.957564	0.795458354317
10317.000015364	297.352941176	5.53211733287	147.0	0.953506	0.768384596952
10317.000016484	232.5	5.22293141507	135.0	0.944358	0.738034126146
10317.000010908	283.965517241	5.77671588388	175.0	0.948488	0.775272072846
10317.000003125	236.4	5.05886324613	130.0	0.903304	0.720392804937
10317.000001524	287.0	5.09428994988	154.0	0.923828	0.701037511058
10317.000014949	223.896551724	5.03918820945	143.0	0.926176	0.703809883226
10317.000015933	281.714285714	5.96197218659	160.0	0.969236	0.814262597136
10317.000014012	310.285714286	5.5675862116	156.0	0.95585	0.764211232866
10317.000004774	289.75	5.28698441887	151.0	0.928888	0.730407404569
10317.000008954B	224.666666667	5.47081317375	150.0	0.93856	0.756805974529
10317.000017636	202.0	5.28095683882	126.0	0.948778	0.756879026888
10317.000016703	247.176470588	5.97513657439	172.0	0.967646	0.804595145979
10317.000003365	185.176470588	4.96648285231	116.0	0.922872	0.724190232642
10317.000017216	334.032258065	6.5658567864	199.0	0.98275	0.859785194723
10317.000004163	206.75	5.14800215308	133.0	0.93853	0.729666345769
10317.000018338	298.0	6.24560661055	178.0	0.976798	0.835450684301
10317.000003411	170.571428571	4.49404082264	90.0	0.92651	0.69225855175
10317.000013697	228.933333333	5.34843243801	153.0	0.927606	0.736963843458
10317.000017161	260.571428571	4.47193139756	112.0	0.89221	0.656926434535
10317.000001072	239.625	4.85209355867	139.0	0.910212	0.681575182194
10317.000002773	205.666666667	3.89720519394	103.0	0.786464	0.582846763879
10317.000010748	221.181818182	5.64036260246	138.0	0.96397	0.793464612347
10317.000011956	271.136363636	5.25965120439	145.0	0.94074	0.732551225712
10317.000007641	401.052631579	5.84608171845	171.0	0.964838	0.788109726733
10317.000005007	240.043478261	5.07466622572	141.0	0.906498	0.710782229196
10317.000012948	228.043478261	4.09789613831	129.0	0.797724	0.584476296234
10317.000017079	227.214285714	4.5576452455	105.0	0.917074	0.67880229186
10317.000009193	286.625	4.85230311207	140.0	0.895792	0.680615862849
10317.000012984	275.222222222	5.7747807094	164.0	0.963028	0.784878000968
10317.000015581	259.105263158	5.02061666928	132.0	0.930426	0.712710927897
10317.000014802	263.625	5.36963610044	148.0	0.946936	0.744804887155
10317.000020067	270.04	5.45194787721	153.0	0.944162	0.751227300426
10317.000017353	488.545454545	6.37574747452	206.0	0.976802	0.829473367233
10317.000001059	220.315789474	4.95967681895	124.0	0.932438	0.713191948801
10317.000017088	295.3	5.46601110356	149.0	0.951648	0.757152446029
10317.000013213	180.0	5.42930183072	131.0	0.947192	0.771928807571
10317.000004602	203.157894737	5.2279770062	125.0	0.944326	0.750522380906
10317.000014399	212.64	5.27655258639	137.0	0.943308	0.743382464988
10317.000005008	214.291666667	5.53869928976	143.0	0.94604	0.773575254251
10317.000010104	337.75	6.32472570999	189.0	0.974498	0.836355852562
10317.000010565	240.5	5.32995595024	132.0	0.938226	0.756623757832
10317.000027213	155.681818182	4.13317941909	100.0	0.86132	0.622105491304
10317.000007746	252.576923077	5.70415083564	157.0	0.957756	0.781966743988
10317.000027194	232.037037037	4.84797915157	140.0	0.91689	0.680009355786
10317.000015224	321.483870968	6.41876191981	198.0	0.973936	0.841324142971
10317.000013933	203.034482759	5.6841088994	148.0	0.957102	0.788424393796
10317.000018033	242.375	5.17244773073	128.0	0.933714	0.738921104389
10317.000006084	167.75	5.37135255506	116.0	0.956938	0.783226515046
10317.000023423	293.333333333	5.63442003209	154.0	0.951596	0.775366112729
10317.000002059	332.0	5.98718106193	170.0	0.96886	0.808053065837
10317.000005851	291.666666667	5.53312940824	173.0	0.947666	0.744237538021
10317.000003047	240.588235294	4.83644918215	122.0	0.920012	0.697826067645
10317.000008982	238.2	5.32567523426	128.0	0.94958	0.760810747751
10317.000010765	226.5	5.07460598919	135.0	0.901728	0.717074780259
10317.000012072	223.636363636	5.05370686793	132.0	0.923292	0.717408308266
10317.000002005	228.88372093	6.00240518895	179.0	0.96653	0.802051435738
10317.000017183	267.533333333	5.70828813093	170.0	0.947302	0.77041259938
10317.000008976	285.157894737	5.12999946374	143.0	0.924106	0.716493247216
10317.000012228	295.217391304	5.99478125785	168.0	0.969694	0.810947489806
10317.000011224	254.275862069	5.11657246687	156.0	0.892948	0.702304733927
10317.000023828	223.730769231	5.54127321271	151.0	0.948926	0.7655379068
10317.000003149	250.848484848	5.60825352924	169.0	0.947226	0.757782041651
10317.000013029	213.55	5.09250141364	128.0	0.936364	0.727500201948
10317.000026111	140.043478261	4.11874243677	97.0	0.874354	0.624060125528
10317.000003536	277.78125	5.95321109408	174.0	0.966258	0.799846337326
10317.000011012	278.551724138	5.98082391688	175.0	0.96723	0.802664671167
10317.000010259	217.214285714	4.9973428102	115.0	0.93718	0.730019731679
10317.000006637	427.161290323	6.17899092729	212.0	0.968476	0.799567097464
10317.000012113	160.894736842	4.17196276412	99.0	0.864856	0.629316388183
10317.000013079	228.434782609	5.3361814835	138.0	0.945382	0.750673577328
10317.000001488	160.272727273	3.12946273976	82.0	0.683288	0.492243356797
10317.000004162	177.37037037	5.64207245577	132.0	0.963824	0.800930833819
10317.000012906	241.9	5.08844876413	128.0	0.94257	0.726921252019
10317.000012976	461.0	5.71393222332	162.0	0.962332	0.778480789263
10317.000009533	142.0	3.70627247494	82.0	0.802486	0.582971633146
10317.000014309	204.1875	5.44270296818	147.0	0.939058	0.75596537002
10317.000013778	278.146341463	6.09043460131	189.0	0.968966	0.805374154867
10317.000010732	295.636363636	5.40156330211	152.0	0.950872	0.745256253197
10317.000002371	229.1875	5.60098368762	158.0	0.949098	0.766860873941
10317.000006021	239.0	4.90108135091	135.0	0.900496	0.692554622018
10317.000002329	324.25	5.70273644544	178.0	0.934264	0.762833038136
10317.000010761	300.5	5.89593961847	176.0	0.956056	0.790400652476
10317.000009129	273.714285714	5.92031442434	162.0	0.962626	0.80659882995
10317.000014323	231.0	5.49144060949	164.0	0.940698	0.746367896013
10317.000006894	391.315789474	5.72436490996	171.0	0.953164	0.771701095226
10317.000014241	192.555555556	4.67061072187	116.0	0.909612	0.681047486889
10317.000001685	204.0	4.88653886852	120.0	0.927546	0.707487515674
10317.000011302	275.0	5.00867531569	141.0	0.903886	0.701539224031
10317.000012231	150.625	5.11793581612	113.0	0.944974	0.750410780176
10317.000015577	321.476190476	6.1322760737	171.0	0.972928	0.826691560852
10317.000001579	301.352941176	5.52532980087	151.0	0.951592	0.763335292769
10317.000002202	251.40625	5.99240826184	167.0	0.970432	0.811572081503
10317.000017662	268.870967742	5.92528258895	172.0	0.963912	0.797881948013
10317.000003432	219.5	4.72353184813	109.0	0.888566	0.697902365164
10317.000011116	309.277777778	6.21614365018	193.0	0.97408	0.81872621994
10317.000006737	284.947368421	6.17455041785	191.0	0.965344	0.814860892524
10317.000006841	266.137931034	5.94280876522	173.0	0.963746	0.799341753651
10317.000013563	327.454545455	5.25607124739	169.0	0.890064	0.710195496717
10317.000013295	303.0	6.0730678939	180.0	0.954572	0.810622928108
10317.000016699	335.96875	6.62200320421	208.0	0.98109	0.859951307535
10317.000017217	332.571428571	6.55988836806	205.0	0.981384	0.854209957323
10317.000016702	332.5	6.19656883365	195.0	0.97358	0.814552356489
10317.000006728	122.0	4.20196834882	89.0	0.863388	0.64887914143
10317.000002498	248.394736842	6.03376354014	183.0	0.953754	0.802821250179
10317.000013286	219.538461538	5.29111271091	142.0	0.93917	0.740041937494
10317.000022964	288.636363636	5.32270230514	145.0	0.944764	0.741332827256
10317.000002466	321.4375	5.22723627444	148.0	0.911574	0.725053067041
10317.000017644	229.375	5.53067259374	148.0	0.953084	0.76714173922
10317.000017173	249.307692308	5.41556830297	151.0	0.946924	0.748171523699
10317.000013332	399.527777778	6.66630464885	233.0	0.975952	0.847678898519
10317.000002173	142.333333333	4.57703076835	99.0	0.904388	0.690418547478
10317.000011329	283.545454545	5.60752600244	154.0	0.95509	0.771665160527
10317.000007039	250.176470588	5.93957119799	175.0	0.962076	0.797128293487
10317.000002886	281.4	5.63324260518	150.0	0.960948	0.779275680629
10317.000006887	295.394736842	6.10596686608	190.0	0.962796	0.806616028364
10317.000009126	248.894736842	5.02766521389	136.0	0.909332	0.709374472431
10317.000022636	163.285714286	4.77847398297	114.0	0.911198	0.699334245549
10317.000014233	260.833333333	6.29062954464	178.0	0.976436	0.841473228376
10317.000023088	225.405405405	5.68577426253	162.0	0.957598	0.774644476426
10317.000004974	285.774193548	5.97318112327	176.0	0.96443	0.800755530534
10317.000002414	112.615384615	3.75443165104	72.0	0.853192	0.608505233072
10317.000006027	310.0	5.55910719917	152.0	0.954666	0.766992659469
10317.000017098	314.5	6.06942684222	181.0	0.971122	0.809273541563
10317.000003841	128.272727273	4.41010918536	98.0	0.902462	0.666712416613
10317.000014559	208.037037037	5.29260193902	138.0	0.944118	0.744542973889
10317.000003761	213.103448276	5.90550519133	150.0	0.969442	0.816939176949
10317.000014799	285.8	5.95235083476	158.0	0.970568	0.814968444425
10317.000002208	277.333333333	5.73321852556	159.0	0.960926	0.783988826378
10317.000016313	254.066666667	5.6133195855	140.0	0.953844	0.787361025248
10317.000022899	273.37037037	5.70088311605	165.0	0.95449	0.773911722872
10317.000004793	268.75	6.09657615082	171.0	0.967128	0.821878857606
10317.000003837	289.055555556	5.20151205731	139.0	0.936388	0.730658113921
10317.000010285	266.230769231	4.82802970421	116.0	0.935442	0.704001616166
10317.000005848	255.555555556	4.54669582325	129.0	0.868636	0.648487869187
10317.000005907	287.375	5.55816182283	159.0	0.946606	0.760050701866
10317.000013421	247.081081081	5.73522022397	178.0	0.947088	0.767178267783
10317.000020072	196.6875	5.07350185469	117.0	0.932472	0.738461793772
10317.000001477	184.894736842	5.06397396324	123.0	0.924546	0.729414963318
10317.000014132	273.1	5.76910910638	173.0	0.944342	0.775978156505
10317.000003382	346.0	6.05400715227	196.0	0.964996	0.795041081828
10317.000003221	132.0	4.29741984048	90.0	0.857182	0.661971208639
10317.000014607	186.125	3.69084076358	100.0	0.778002	0.555526889528
10317.000017125	376.902439024	6.5167076382	228.0	0.974566	0.831967208324
10317.000013826	261.730769231	4.97130455008	155.0	0.894196	0.683235232548
10317.000004872	196.0	5.28968610535	137.0	0.939966	0.745232769241
10317.000001118	321.885714286	6.11186840869	197.0	0.964364	0.801866551614
10317.000014293	256.894736842	5.46006458734	137.0	0.95664	0.769236391654
10317.000016721	272.5	6.38862403611	180.0	0.98034	0.852742833311
10317.000016763	243.903225806	6.02067710866	166.0	0.968904	0.816358633022
10317.000012173	190.615384615	5.14473339974	111.0	0.947284	0.757200251051
10317.000004641	209.8	5.370494954	139.0	0.940744	0.754395197142
10317.000013509	223.5	5.62381112885	152.0	0.957928	0.775919891365
10317.000012951	413.75	5.61339970243	169.0	0.946714	0.758477387823
10317.000023799	249.2	5.77299846361	164.0	0.956596	0.784635767439
10317.000004705	296.5	5.17344934835	172.0	0.87716	0.696642190824
10317.000014605	233.032258065	5.90743907942	168.0	0.961	0.799132226278
10317.000015455	253.476190476	5.55622258077	145.0	0.959908	0.773856954331
10317.000007651	147.4375	4.07237277147	91.0	0.871012	0.625768481739
10317.000001827	245.0	4.93038099903	140.0	0.886054	0.69156757942
10317.000012872	188.5625	4.97533247696	112.0	0.936724	0.730876020705
10317.000014666	335.487179487	6.31620317751	206.0	0.971722	0.821726760465
10317.000017146	187.848484848	4.8590576982	136.0	0.89753	0.685584927503
10317.000006636	255.84	5.87917981571	162.0	0.954732	0.800994545311
10317.000017276	149.75	3.02169719642	71.0	0.68591	0.491353081305
10317.000004161	272.181818182	5.81819141841	156.0	0.96378	0.798609499329
10317.000023299	252.894736842	4.92015857697	133.0	0.922688	0.697372305354
10317.000013733	244.689655172	5.50341614921	159.0	0.944182	0.752564506072
10317.000010304	308.103448276	6.17594467435	185.0	0.970722	0.820028132518
10317.000012034	150.4	4.73393986041	93.0	0.930114	0.723937129706
10317.000015874	278.774193548	5.60069291997	169.0	0.950762	0.756760459104
10317.000023823	197.272727273	4.04029734192	99.0	0.854104	0.609455422821
10317.000014391	287.75	6.25353497158	189.0	0.973468	0.826941880566
10317.000018411	184.5	4.22297453917	102.0	0.828504	0.632899481484
10317.000002963	132.052631579	4.43164636011	91.0	0.90817	0.680975139064
10317.000014646	259.294117647	5.33548536118	164.0	0.931918	0.725171274064
10317.000001793	339.444444444	5.76814879626	181.0	0.953752	0.769102309982
10317.000013214	205.428571429	4.51190799294	107.0	0.895934	0.669276880246
10317.000023154	253.714285714	5.33498587691	142.0	0.943876	0.746178261655
10317.000009222	241.5	5.45777244346	141.0	0.955206	0.764441933963
10317.000010738	260.043478261	5.68768591529	152.0	0.962336	0.784732725974
10317.000027198	191.772727273	4.39137425987	114.0	0.888856	0.642681830202
10317.000007734	273.433333333	5.58619233848	160.0	0.954078	0.762940070714
10317.000006818	188.0	3.79025722222	89.0	0.801018	0.585301612956
10317.000026639	294.5625	5.88006726042	183.0	0.952586	0.78237122117
10317.000005041	160.066666667	4.63490422306	97.0	0.924498	0.702267489569
10317.000013312	235.888888889	5.30110251058	149.0	0.934754	0.734309289991
10317.000001285	325.75	5.80729633422	191.0	0.945476	0.766394045528
10317.000018306	206.866666667	4.86688301688	115.0	0.906034	0.710961958992
10317.000017215	404.78125	6.61513465751	214.0	0.983452	0.854506603093
10317.000016698	341.0	6.41518341564	200.0	0.97735	0.839260087627
10317.000009098	262.260869565	5.08721752138	148.0	0.895886	0.705631517866
10317.000012013	286.0	5.0479813004	140.0	0.9212	0.708062969082
10317.000014909	138.045454545	4.19117745985	97.0	0.86662	0.635035273961
10317.000014979	251.5	5.83568236686	151.0	0.967028	0.806211116539
10317.000014538	194.052631579	4.11927930251	113.0	0.83122	0.60398404869
10317.000004278	171.153846154	4.13512941432	95.0	0.84319	0.629409481858
10317.000009556	241.5	5.49501875831	144.0	0.951258	0.766398359425
10317.000022663	278.913043478	5.64383355775	155.0	0.949696	0.775664796723
10317.000001141	242.6	5.27945721866	146.0	0.939802	0.73429569462
10317.000002359	244.285714286	5.28174890721	139.0	0.945822	0.741929010685
10317.000004823	172.0	4.91413302696	117.0	0.923468	0.71526523373
10317.000014236	256.882352941	5.52379609583	142.0	0.949878	0.772586219275
10317.000001799	232.6	4.935282524	136.0	0.90286	0.6963398094
10317.000023213	202.0	5.34320105407	124.0	0.949498	0.768341993178
10317.000013652	419.769230769	5.53287587619	158.0	0.947342	0.75753586628
10317.000010205	189.105263158	5.29701707615	122.0	0.94206	0.764279010754
10317.000005989	302.956521739	5.69097755501	155.0	0.962954	0.782144069841
10317.000011072	153.0	3.73049213179	75.0	0.877562	0.598908447517
10317.000017111	272.583333333	4.43269335839	115.0	0.884846	0.647534847819
10317.000011369	294.837837838	6.09902700682	189.0	0.964762	0.806510379419
10317.000013178	114.142857143	3.45411355817	89.0	0.69393	0.53339341327
10317.000013905	141.5	4.0845243305	86.0	0.845772	0.635598514286
10317.000012914	488.541666667	5.50157991962	196.0	0.931418	0.722493703929
10317.000003423	178.153846154	4.35190969153	102.0	0.848784	0.652223062604
10317.000013306	264.434782609	5.34064605504	147.0	0.93797	0.741790153669
10317.000002489	205.4375	5.40220057044	116.0	0.961732	0.787724634157
10317.000004759	158.434782609	3.88556334035	103.0	0.848846	0.581105665745
10317.000004734	287.7	6.00701306937	177.0	0.961748	0.804409529813
10317.000002687	211.181818182	4.79144270773	128.0	0.887854	0.684491815389
10317.000004158	272.526315789	5.09806448808	138.0	0.927232	0.717176190231
10317.000004157	215.352941176	5.13930241976	128.0	0.925334	0.734186059966
10317.000001321	303.588235294	5.56674785836	149.0	0.952924	0.77110651214
10317.000003022	233.551724138	5.81751475343	155.0	0.966966	0.799534811309
10317.000003757	216.333333333	5.55721045924	144.0	0.955388	0.775072327552
10317.000013103	183.869565217	3.60481468919	112.0	0.741856	0.529547045874
10317.000002087	338.5625	5.32780787428	146.0	0.935052	0.741020567422
10317.000023258	213.64	5.34967734027	133.0	0.95555	0.75825133709
10317.000009214	288.045454545	4.80713093232	148.0	0.887408	0.666781611383
10317.000013829	276.965517241	5.37757330438	168.0	0.928428	0.727454328167
10317.000016757	208.535714286	5.41265759235	141.0	0.946276	0.758122930306
10317.000003092	289.037037037	5.9534473349	172.0	0.96786	0.801674533773
10317.000014593	300.833333333	5.96943452802	179.0	0.962824	0.797645840797
10317.000006047	203.555555556	5.17012130803	138.0	0.92927	0.727312867736
10317.000001065	198.0	5.05729967835	121.0	0.938148	0.730943726579
10317.000010098	318.666666667	5.366599702	167.0	0.925758	0.72681671549
10317.000009117	249.75	5.77149028821	161.0	0.961372	0.787280825055
10317.000006702	104.8	3.99292238358	80.0	0.861164	0.631598829289
10317.000026135	347.130434783	5.86479235913	173.0	0.964442	0.788848101015
10317.000009624	263.5	5.67665225269	159.0	0.960888	0.776253672785
10317.000020358	206.25	4.96554280872	130.0	0.914934	0.707103777661
10317.000009075	219.037037037	5.56086484564	142.0	0.958558	0.777770843177
10317.000001765	277.636363636	6.11593743186	177.0	0.974576	0.818995779951
10317.000012996	209.956521739	5.4507697061	133.0	0.949138	0.7725799436
10317.000016353	352.275862069	5.63811133291	185.0	0.94507	0.748615823334
10317.000008949A	302.0	5.84652617891	167.0	0.961542	0.791814778507
10317.000005571	136.333333333	3.27153026918	74.0	0.714118	0.526862845494
10317.000004792	276.0	5.33217979673	133.0	0.947606	0.755771274286
10317.000011039	267.323529412	5.86753626444	179.0	0.95027	0.784030024131
10317.000006626	231.315789474	5.33886315156	135.0	0.946392	0.754416033361
10317.000017126	188.0	5.12976968894	131.0	0.935756	0.729341842203
10317.000014608	194.217391304	5.03698894577	132.0	0.911448	0.715035084696
10317.000013258	195.0	5.2215358373	136.0	0.931406	0.73672849569
10317.000015264	258.555555556	5.08284651173	132.0	0.926082	0.721544880312
10317.000007732	228.3125	5.07767955866	125.0	0.93212	0.728945851774
10317.000027644	289.8	5.65037889726	162.0	0.936806	0.769822121029
10317.000007697	273.555555556	5.96872188689	168.0	0.966686	0.80742229338
10317.000004881	198.058823529	4.95257216472	117.0	0.922992	0.720860153261
10317.000006651	264.1875	3.93173389286	126.0	0.741336	0.563505253618
10317.000023808	338.24137931	5.85642662423	181.0	0.964424	0.780872928912
10317.000004642	174.857142857	2.86952458989	69.0	0.729178	0.469757403804
10317.000002345	336.0	5.50139082121	166.0	0.932476	0.745947309492
10317.000001353	265.181818182	5.46379018096	149.0	0.952192	0.756844803591
10317.000011077	210.4375	5.106697438	121.0	0.933766	0.738083303987
10317.000028759	173.652173913	5.11753219858	116.0	0.94059	0.746215570183
10317.000004631	296.433333333	6.07207662373	183.0	0.965812	0.807918990165
10317.000009433	252.125	4.86121971061	99.0	0.929444	0.7332868013
10317.000009061	296.21875	6.01577209431	182.0	0.965948	0.801270197523
10317.000013995	292.451612903	6.1344594215	180.0	0.97213	0.81881736636
10317.000015155	294.0	5.36225556975	134.0	0.950486	0.758871764171
10317.000022965	299.0	5.89244924315	180.0	0.961088	0.786514253201
10317.000016701	341.833333333	6.24090373509	193.0	0.9741	0.821987362517
10317.000010714	202.322580645	5.73441436909	149.0	0.963062	0.794331695242
10317.000002529	267.473684211	5.34449133434	144.0	0.938886	0.745404077904
10317.000021223	206.322580645	5.69903369612	153.0	0.957232	0.785273409613
10317.000012401	323.0	6.40624067967	203.0	0.97702	0.835741675105
10317.000022638	161.5	4.2262012409	97.0	0.864942	0.640341977531
10317.000013972	260.476190476	5.7016548526	152.0	0.959474	0.786660026887
10317.000017163	227.888888889	5.31513846291	146.0	0.941396	0.739258436612
10317.000001126	236.117647059	5.29591877546	132.0	0.939112	0.751791947714
10317.000009472	290.333333333	5.7924152285	184.0	0.945988	0.769903306749
10317.000001026	311.75	6.31799082023	198.0	0.971556	0.828115807774
10317.000010919	320.555555556	4.78451829522	145.0	0.879568	0.666375887944
10317.000014311	228.434782609	5.22722719289	138.0	0.939166	0.735346304944
10317.000005039	204.714285714	4.90487344716	126.0	0.923374	0.702977879767
10317.000001025	214.833333333	4.76547286102	123.0	0.8795	0.686418855496
10317.000004249	215.12	5.34560980566	137.0	0.94706	0.753111530518
10317.000017176	192.526315789	5.04406396081	120.0	0.93096	0.730294463332
10317.000002258	196.037037037	4.88701963237	126.0	0.917652	0.700419029472
10317.000013118	259.884615385	6.01943701792	167.0	0.967452	0.815232677189
10317.000013431	302.0	6.39222807951	182.0	0.979092	0.851412217015
10317.000021159	371.789473684	5.53313167311	161.0	0.953578	0.754766663584
10317.000014197	374.4	6.22444605538	192.0	0.97207	0.820629773027
10317.000015541	226.272727273	4.3455141405	101.0	0.882968	0.652654868618
10317.000022661	304.483870968	5.7132888142	181.0	0.949542	0.761787495399
10317.000014258	386.75	6.07952485347	182.0	0.970334	0.809761740274
10317.000014324	252.3	5.10358768444	135.0	0.936196	0.721170082002
10317.000002369	195.64	3.85031678494	120.0	0.755458	0.557460224922
10317.000010757	219.2	5.77047796553	146.0	0.965834	0.802589537238
10317.000010305	272.857142857	6.2665407858	179.0	0.976136	0.837345676632
10317.000002372	250.55	4.95113782319	140.0	0.883254	0.69447906773
10317.000013056	251.25	5.59615840247	144.0	0.957198	0.780504454558
10317.000013852	286.12	5.80792434863	166.0	0.961866	0.787510955392
10317.000012017	309.869565217	5.81269517526	169.0	0.95648	0.785406008206
10317.000021237	115.5	2.21064154802	73.0	0.466504	0.35714122864
10317.000016489	253.0	4.13402224026	119.0	0.814314	0.599583974831
10317.000012355	283.181818182	5.95123790883	175.0	0.96573	0.798694040406
10317.000018409	266.0	5.48272755172	155.0	0.93942	0.753523063425
10317.000004077	107.111111111	4.39771194832	71.0	0.916196	0.715104517774
10317.000004294	278.25	5.94080225958	171.0	0.963196	0.800878993976
10317.000022993	354.588235294	6.09460673844	194.0	0.970804	0.801931135922
10317.000010847	253.307692308	5.60361330723	155.0	0.958284	0.770137094299
10317.000008963	180.090909091	3.73571613249	86.0	0.803296	0.581319985261
10317.000013372	188.058823529	4.48882647437	107.0	0.908952	0.665853067801
10317.000016407	230.12	5.71955905047	152.0	0.955944	0.789130277568
10317.000006657	255.375	5.50441032459	141.0	0.953442	0.770974260553
10317.000017327	391.636363636	5.7913966747	180.0	0.952016	0.77302592566
10317.000010764	248.55	5.13155858414	138.0	0.913648	0.721888011407
10317.000005805	309.391304348	5.69763379107	165.0	0.951304	0.773470617407
10317.000018032	323.291666667	5.87447747206	171.0	0.963578	0.791937755607
10317.000012988	141.714285714	3.93164737294	86.0	0.835316	0.611809118207
10317.000013732	199.181818182	4.32360059042	116.0	0.889824	0.630448027413
10317.000011093	331.714285714	6.38868410519	195.0	0.975758	0.839806323862
10317.000003078	313.243243243	6.62085935662	205.0	0.98305	0.862149425591
10317.000004979	322.454545455	5.39376865755	164.0	0.91763	0.733092834976
10317.000014188	222.7	5.41593334588	149.0	0.93202	0.750215669647
10317.000012921	204.777777778	5.46847886408	137.0	0.958712	0.770421829623
10317.000011223	369.583333333	6.47020855937	215.0	0.976816	0.835060340517
10317.000013608	231.0	4.88134798977	121.0	0.91299	0.70551300443
10317.000009594	212.0	4.60090815906	125.0	0.878944	0.660501096652
10317.000022994	346.333333333	6.4744140964	209.0	0.980068	0.840030156303
10317.000002494	179.2	4.20381063966	104.0	0.813448	0.627393248279
10317.000005887	229.5	4.92640129642	132.0	0.918952	0.699336410335
10317.000009427	136.9375	4.30279235728	93.0	0.873232	0.658003954571
10317.000004078	239.65625	5.36507221743	162.0	0.929652	0.730951206812
10317.000014803	182.344827586	5.24786228802	133.0	0.934218	0.74382029862
10317.000002244	225.64	5.53762601658	150.0	0.943628	0.766048541771
10317.000002506	180.3	3.99231898709	114.0	0.836406	0.584279708706
10317.000028817	256.935483871	5.62916663231	165.0	0.947494	0.76417599836
10317.000027879	296.5	5.62395118029	160.0	0.945132	0.768097024091
10317.000002325	208.055555556	4.25954848818	113.0	0.862346	0.624550838278
10317.000026127	344.2	5.4226184225	144.0	0.951206	0.756300577957
10317.000031851	243.5	5.19815491274	146.0	0.925286	0.722987726636
10317.000036428	245.307692308	5.2558503044	147.0	0.937328	0.730012430102
10317.000042001	194.384615385	5.38769602706	133.0	0.950982	0.76364002098
10317.000026648	150.0	4.56264178697	107.0	0.870854	0.676802511408
10317.000027761	405.34375	6.45488720011	218.0	0.975102	0.830938985256
10317.000030744	181.588235294	5.217222965	118.0	0.93492	0.758026084977
10317.000039842	223.217391304	5.70579588644	141.0	0.966894	0.799181293726
10317.000041636	196.555555556	5.03228867933	120.0	0.926102	0.728589603334
10317.000021239	168.909090909	4.8709676326	98.0	0.937126	0.736384172154
10317.000036165	307.869565217	5.87581000342	167.0	0.967016	0.795780785724
10317.000027762	155.125	4.30519385114	85.0	0.871352	0.671700929783
10317.000023342	223.055555556	5.16655699744	128.0	0.932032	0.738079571063
10317.000041617	241.0	6.10836710821	172.0	0.968104	0.82253559629
10317.000029227	301.571428571	5.40155726478	134.0	0.951252	0.764433779307
10317.000030751	178.111111111	4.32186446306	119.0	0.862938	0.626827946934
10317.000042989	169.047619048	5.1576000449	124.0	0.93328	0.741652926478
10317.000011074	215.1	5.75013388619	150.0	0.964804	0.795445858083
10317.000026658	320.75	6.04927592821	172.0	0.971386	0.814578543591
10317.000036106	218.666666667	3.84531081685	88.0	0.855578	0.595301729916
10317.000014136	313.333333333	5.8137271754	155.0	0.96703	0.799014262481
10317.000031222	243.071428571	5.20639427859	125.0	0.93484	0.747423989293
10317.000005898	296.714285714	6.26458633327	181.0	0.976562	0.835295341743
10317.000030756	155.476190476	4.11198508286	104.0	0.846314	0.613688840708
10317.000038402	278.142857143	5.44533161891	146.0	0.954396	0.757366410586
10317.000033785	344.0	6.12298255221	192.0	0.969	0.807252844246
10317.000028955	452.55	6.26800895648	195.0	0.973048	0.82394331493
10317.000035491	353.888888889	5.94222046022	192.0	0.956792	0.78342120474
10317.000031319	249.071428571	5.49669354125	131.0	0.952372	0.781510445205
10317.000036399	104.352941176	3.87359521403	77.0	0.870796	0.618115072035
10317.000002326	198.315789474	4.97061131798	123.0	0.912542	0.71596700506
10317.000036934	285.0	4.35153498991	89.0	0.895822	0.671975620414
10317.000036101	294.157894737	5.62766303519	152.0	0.956044	0.77645134071
10317.000039907	235.170731707	6.56702107093	186.0	0.982694	0.871054879658
10317.000040048	221.344827586	5.72713041277	154.0	0.957188	0.788124211534
10317.000043083	301.6875	4.75069464056	168.0	0.87631	0.64265295561
10317.000036085	318.117647059	4.80054725526	146.0	0.898912	0.667686285799
10317.000042009	265.588235294	5.53402930129	147.0	0.944664	0.768650160205
10317.000040002	198.315789474	5.11237761784	123.0	0.937372	0.736387027195
10317.000036124	201.25	3.57366623908	105.0	0.71568	0.532251349712
10317.000040003	198.5	5.75672824186	155.0	0.959584	0.791180568283
10317.000037487	313.8	5.34598788587	171.0	0.90371	0.720692124189
10317.000033728	218.322580645	4.97806515199	147.0	0.902458	0.691429403111
10317.000036081	170.384615385	5.32371131789	127.0	0.94327	0.7617615555
10317.000037612	185.555555556	4.43067997459	109.0	0.874564	0.654633467704
10317.000043003	206.526315789	5.36604649233	134.0	0.932486	0.759408259321
10317.000028718	194.25	4.84848802516	108.0	0.926772	0.717774799893
10317.000030771	113.0	3.38335529658	65.0	0.792006	0.561798183309
10317.000034241	309.05	5.56302217502	155.0	0.955554	0.76455841945
10317.000009144	141.230769231	4.44804760934	90.0	0.896958	0.685173792958
10317.000004765	240.260869565	5.72730752509	147.0	0.964866	0.795495579629
10317.000009566	189.526315789	4.36856963413	117.0	0.868368	0.635857019595
10317.000006675	369.0	6.42238431198	204.0	0.977696	0.8370735492
10317.000031829	130.5	3.68270679417	88.0	0.751712	0.570128613723
10317.000033666	222.333333333	4.94384581732	124.0	0.927766	0.710915481338
10317.000031926	260.769230769	5.34830264487	120.0	0.960014	0.774343037701
10317.000027821	184.045454545	4.92827992425	119.0	0.924014	0.714780302168
10317.000013063	225.0	4.64847576617	111.0	0.89678	0.684161207911
10317.000010852	129.0625	4.54334348513	94.0	0.906988	0.693154610905
10317.000016754	273.551724138	5.7568742295	170.0	0.945448	0.776969966778
10317.000014234	181.526315789	4.70162677551	109.0	0.909704	0.694665888205
10317.000022526	228.9375	5.02377741709	122.0	0.936302	0.72485468319
10317.000033713	158.882352941	3.71185680507	98.0	0.744856	0.561151870988
10317.000009621	246.0625	4.79385482969	124.0	0.897766	0.689347066969
10317.000001325	151.652173913	4.215961684	116.0	0.777122	0.614752605321
10317.000014018	235.65	5.51641590529	138.0	0.955562	0.776028265617
10317.000013201	232.8	5.40840680885	147.0	0.942558	0.751201797778
10317.000010207	268.857142857	5.48156673596	156.0	0.950082	0.752404132439
10317.000006777	194.222222222	5.13640068111	133.0	0.937018	0.728021979002
10317.000014165	283.5	5.34872490384	131.0	0.943506	0.760472518526
10317.000002125	156.052631579	5.15603024974	115.0	0.94353	0.753201043515
10317.000014678	128.363636364	2.12726223618	61.0	0.581394	0.358684277367
10317.000002711	301.6	3.32818840393	76.0	0.738192	0.532686782421
10317.000021226	183.105263158	5.00666880035	116.0	0.935046	0.730049967171
10317.000013755	179.615384615	4.57026419941	100.0	0.905882	0.687893306066
10317.000016381	108.230769231	3.73486709077	77.0	0.816204	0.595978029012
10317.000001221	254.636363636	5.45415826891	148.0	0.94246	0.756528684257
10317.000009497	175.615384615	4.25488767555	96.0	0.8938	0.646152149702
10317.000002161	223.125	5.21379358182	131.0	0.94913	0.741288214953
10317.000043152	191.142857143	4.92896389749	123.0	0.922636	0.70996810935
10317.000039986	245.3125	6.07420391391	172.0	0.966972	0.817935276286
10317.000006736	284.142857143	5.52535582225	152.0	0.954928	0.762335965971
10317.000023343	181.5	4.08678633447	79.0	0.895924	0.648307182265
10317.000036151	270.0	5.80318838818	155.0	0.96205	0.797565855797
10317.000038424	221.965517241	5.43392087229	148.0	0.935134	0.753721620309
10317.000036191	204.777777778	5.26885460674	137.0	0.941382	0.742297941903
10317.000005799	47.5454545455	1.63915600303	38.0	0.388892	0.312343491565
10317.000016719	277.2	5.79146939208	147.0	0.961832	0.804407355597
10317.000016723	221.55	5.39926438801	136.0	0.9482	0.761804965888
10317.000004927	114.625	3.33178787613	73.0	0.803326	0.538268547749
10317.000016717	312.882352941	5.85141998355	154.0	0.967502	0.805227998755
10317.000009694	260.689655172	5.81039062638	165.0	0.960258	0.788777690874
10317.000002382	405.5	6.04532636067	185.0	0.96869	0.802684924719
10317.000001575	270.0	5.01775402297	136.0	0.91476	0.707976060738
10317.000001305	284.0	5.08530235644	142.0	0.914966	0.711256254444
10317.000012154	176.176470588	4.81786115849	107.0	0.93076	0.714660647039
10317.000010555	228.375	5.16865776226	139.0	0.918992	0.726043060262
10317.000001404	238.636363636	5.74185136941	147.0	0.963512	0.797515649935
10317.000001155	139.0	4.55111867435	97.0	0.880714	0.689572541816
10317.000006034	220.12	5.37591543969	142.0	0.945638	0.751902878498
10317.000013758	207.5	5.36844043027	120.0	0.955818	0.77725864569
10317.000001782	264.75	5.46991047217	166.0	0.941978	0.74167881041
10317.000015538	207.64	4.85916106641	127.0	0.921388	0.695289784014
10317.000014556	227.0	3.5926416224	92.0	0.795098	0.550717789851
10317.000010979	192.045454545	4.74333527125	127.0	0.902902	0.678716451498
10317.000013061	290.5	5.97036828009	172.0	0.96882	0.803953060832
10317.000005228	57.0	0.810242347996	27.0	0.189778	0.170402001651
10317.000002067	174.75	4.27234454992	111.0	0.85843	0.628802333262
10317.000010822	192.153846154	5.08802430726	109.0	0.940636	0.751756167254
10317.000012156	363.4	5.77490079491	181.0	0.959576	0.770002594967
10317.000008991	300.5	4.99573865564	128.0	0.935774	0.713676950806
10317.000001405	129.666666667	4.85464372524	90.0	0.93756	0.747805542302
10317.000010776	253.636363636	6.20202080578	174.0	0.972716	0.833275277347
10317.000013965	210.12	5.07519091476	132.0	0.929054	0.720458115881
10317.000003281	201.142857143	4.41611234594	84.0	0.913612	0.690846848469
10317.000018434	215.833333333	4.73106693409	124.0	0.89122	0.680318288833
10317.000002882	221.8	4.58637388062	121.0	0.905904	0.662879684615
10317.000002184	172.714285714	3.64548823426	112.0	0.698504	0.535521987028
10317.000002272	186.555555556	4.4418620602	110.0	0.88432	0.655010535917
10317.000002126	211.64	4.85701396577	136.0	0.908986	0.685296568683
10317.000012202	166.714285714	4.58033934474	96.0	0.923672	0.695575615539
10317.000001794	279.0	4.72896117715	133.0	0.896854	0.67027241225
10317.000013182	242.44	5.81789243688	154.0	0.96505	0.800614192298
10317.000002276	290.315789474	4.92215570015	152.0	0.862722	0.679112158754
10317.000006839	143.315789474	4.26201042199	98.0	0.868088	0.644323110527
10317.000009198	235.260869565	4.95750337301	142.0	0.906792	0.693381638559
10317.000002793	201.545454545	5.45431198933	129.0	0.952912	0.777939694526
10317.000002922	232.047619048	4.92047527256	133.0	0.920662	0.697417193081
10317.000023223	359.681818182	4.92120037296	161.0	0.908888	0.671293980655
10317.000002709	159.769230769	2.90941593771	87.0	0.607226	0.451566266192
10317.000012211	205.882352941	4.33012156679	112.0	0.855808	0.63609457952
10317.000014897	222.066666667	4.39432848216	108.0	0.889336	0.650540587205
10317.000014594	170.333333333	3.67369338234	88.0	0.750256	0.568733225961
10317.000003838	203.882352941	4.262080675	110.0	0.873052	0.628499424164
10317.000016737	363.041666667	5.79504761153	177.0	0.95664	0.776024868033
10317.000011192	209.142857143	4.99163642027	122.0	0.935886	0.720217226127
10317.000003578	237.545454545	5.79055152797	143.0	0.96889	0.808750779952
10317.000013798	152.8	5.1520809053	120.0	0.935678	0.745933475271
10317.000015605	317.117647059	5.3687122152	145.0	0.949564	0.74774097386
10317.000009219	259.4	4.57525499399	125.0	0.863648	0.656818357707
10317.000007005	101.0	3.36126534626	72.0	0.758916	0.544782204884
10317.000004636	174.0	5.49628225759	125.0	0.96101	0.789039974966
10317.000003088	234.551724138	5.55259087939	156.0	0.934392	0.762152961852
10317.000006703	115.0	2.79977398628	76.0	0.680552	0.448112430923
10317.000007865	170.588235294	4.69039895837	107.0	0.914474	0.695753456604
10317.000017746	137.0	4.87336607757	92.0	0.93806	0.747040667414
10317.000002805	190.5	3.89059931556	103.0	0.771182	0.581858821329
10317.000010918	271.541666667	6.16394110695	168.0	0.973856	0.83383068589
10317.000014668	206.555555556	5.3639566044	121.0	0.95647	0.775265592114
10317.000026105	130.0	4.28169985905	85.0	0.899508	0.668035372114
10317.000001301	165.615384615	3.30199136945	86.0	0.704214	0.5138274714
10317.000026638	297.5	4.00697549715	98.0	0.852594	0.605767386867
10317.000003491	376.0	5.97796002593	186.0	0.963418	0.792921355779
10317.000004703	177.0	5.15761294325	121.0	0.935332	0.745442244828
10317.000009097	131.142857143	3.80989687987	94.0	0.791214	0.581256424481
10317.000018414	160.875	4.54766156982	99.0	0.91641	0.685988374203
10317.000012201	311.5	4.66743761158	152.0	0.87485	0.643968583147
10317.000005017	193.24	5.4728014277	136.0	0.95413	0.772180616715
10317.000009019	193.111111111	4.18646507586	88.0	0.872572	0.648116633635
10317.000005885	190.096774194	5.07779924958	133.0	0.924964	0.71971594277
10317.000016414	130.142857143	4.46865949296	93.0	0.910634	0.683369164451
10317.000004864	263.181818182	5.66226637842	147.0	0.964056	0.786461675923
10317.000009221	198.619047619	5.4938346515	133.0	0.957258	0.778683872932
10317.000009105	163.0	5.07865721218	116.0	0.94048	0.740546994193
10317.000014563	376.0	4.65085885166	116.0	0.900532	0.678167357851
10317.000002035	127.5	3.01407516539	75.0	0.664806	0.483891940856
10317.000003732	197.875	5.00842968697	115.0	0.93614	0.731639320151
10317.000014667	205.714285714	4.68585516569	127.0	0.8807	0.670491712777
10317.000013814	123.583333333	3.96591735445	74.0	0.87802	0.638690255152
10317.000018426	174.875	4.96606173236	113.0	0.931812	0.728142437278
10317.000015599	225.64	5.6269036043	145.0	0.961206	0.783701232669
10317.000002132	297.322580645	4.83688718305	171.0	0.850108	0.652060306314
10317.000003225	204.0	3.97795598434	89.0	0.855692	0.614286555607
10317.000009392	71.0	2.57854342664	54.0	0.632508	0.448061482639
10317.000009149	201.315789474	5.17602303258	126.0	0.93931	0.741839669517
10317.000013912	118.153846154	3.85047424305	80.0	0.823136	0.609066440689
10317.000012212	330.272727273	5.61170808513	168.0	0.95085	0.759127045578
10317.000007677	252.5	4.65559531847	105.0	0.922672	0.693390687937
10317.000017208	224.260869565	5.1226017787	131.0	0.941986	0.728322721039
10317.000013117	192.75	3.61743463474	119.0	0.691844	0.524659934305
10317.000012055	195.25	4.92599913871	109.0	0.916986	0.727816930262
10317.000005026	111.333333333	3.74368313012	70.0	0.851014	0.610786468788
10317.000009033	184.260869565	5.56710907003	131.0	0.954202	0.791522004124
10317.000013524	259.620689655	5.92061037079	169.0	0.961684	0.799987409842
10317.000006092	232.551724138	5.48646541044	154.0	0.939064	0.755005720852
10317.000002274	190.428571429	3.91384203855	79.0	0.849422	0.620872170987
10317.000008999	209.375	2.93915937078	80.0	0.647802	0.464915026976
10317.000016761	245.714285714	4.90257655148	134.0	0.912644	0.693817530367
10317.000013277	158.882352941	4.33583946713	98.0	0.88908	0.655484453485
10317.000007693	146.882352941	4.7505051726	101.0	0.918252	0.71348066743
10317.000004025	70.75	2.82309277842	47.0	0.750468	0.508245138174
10317.000010737	246.916666667	5.7249459857	152.0	0.95807	0.789873515579
10317.000001128	287.0	5.34744076338	141.0	0.94159	0.748988346667
10317.000003559	252.588235294	5.37402890671	134.0	0.952778	0.760537938577
10317.000014798	164.285714286	4.80565861522	115.0	0.906684	0.702018201686
10317.000020104	245.620689655	5.39346021496	155.0	0.939598	0.74125453532
10317.000017117	138.2	3.0306896636	57.0	0.730486	0.519586286771
10317.000009766	163.5	4.7544872927	102.0	0.920006	0.71255758574
10317.000014561	420.235294118	5.82955104526	174.0	0.957582	0.783231936197
10317.000004923	136.4	3.79824278907	87.0	0.812448	0.589519804343
10317.000014172	189.65	3.44987513	107.0	0.708476	0.511739527459
10317.000002056	300.615384615	6.03361438862	176.0	0.96618	0.808857121706
10317.000002243	134.055555556	4.5819067374	95.0	0.893774	0.697413613108
10317.000010274	252.636363636	5.49757166845	146.0	0.955852	0.7646322415
10317.000003507	174.176470588	4.32487317912	105.0	0.860406	0.64413390421
10317.000017766	144.047619048	4.197841572	99.0	0.863176	0.633220056269
10317.000001275	101.4	2.46036620695	75.0	0.56188	0.394997242527
10317.000003189	213.047619048	4.57960234765	123.0	0.888994	0.659646061111
10317.000009693	95.1875	3.273964036	68.0	0.749674	0.537820783696
10317.000022444	172.090909091	3.20769141491	78.0	0.767774	0.510339880124
10317.000016315	186.428571429	2.91681267841	75.0	0.646814	0.468277023837
10317.000011315	260.75	5.41928293955	140.0	0.94834	0.760144172516
10317.000013913	132.3125	3.37650121416	86.0	0.761224	0.525422052008
10317.000013498	156.666666667	3.90725270703	94.0	0.858308	0.596109503654
10317.000002589	267.4	5.36339610377	136.0	0.956916	0.75674415851
10317.000004086	282.387096774	6.32566756897	188.0	0.973346	0.837327840491
10317.000013551	159.352941176	3.27588544046	93.0	0.708592	0.500964349557
10317.000006766	216.65	5.40348740037	134.0	0.947416	0.764706934023
10317.000011962	144.0	3.3165976196	89.0	0.734202	0.512157835858
10317.000002199	89.6666666667	3.93967692731	68.0	0.871154	0.647178805038
10317.000012052	201.875	4.92577254478	119.0	0.913388	0.714416640712
10317.000010263	342.571428571	5.25757401909	139.0	0.942606	0.738533156179
10317.000010556	191.5	3.82217334681	104.0	0.766138	0.570436196368
10317.000040007	143.166666667	5.15828534125	102.0	0.951512	0.773075017985
10317.000036451	230.5	5.78854357553	159.0	0.958364	0.791554248978
10317.000023129	220.5	5.5477936083	149.0	0.951906	0.768480967382
10317.000028914	172.142857143	4.66686886289	109.0	0.921866	0.689530402682
10317.000038479	163.0	4.49307421686	107.0	0.904012	0.666483159514
10317.000026549	166.055555556	4.40506597621	98.0	0.905192	0.665949993276
10317.000042999	211.1	5.95141176384	156.0	0.969794	0.816895428015
10317.000041554	255.2	6.05840392338	170.0	0.97116	0.817665578128
10317.000037489	345.894736842	5.7244849608	158.0	0.964892	0.783770099099
10317.000031493	241.55	4.99804157867	131.0	0.918424	0.710612965775
10317.000023972	383.085714286	6.43538739954	218.0	0.975566	0.828428771832
10317.000039813	177.066666667	4.71967402979	105.0	0.898078	0.702934382929
10317.000012123	413.447368421	5.95891344273	216.0	0.956312	0.768407464462
10317.000009455	124.142857143	5.12859215248	102.0	0.943792	0.768624883702
10317.000018344	214.666666667	4.36487588024	113.0	0.894964	0.639994332157
10317.000010548	175.090909091	4.97774600809	93.0	0.948246	0.761221152732
10317.000010161	123.153846154	4.98915302552	85.0	0.950214	0.778412968601
10317.000023819	210.083333333	4.41265705565	108.0	0.846206	0.653253966737
10317.000008950B	153.875	3.51291054079	92.0	0.771772	0.538495773391
10317.000001067	86.6	2.04946782633	36.0	0.650754	0.396421190976
10317.000009526	177.6875	5.34846293597	113.0	0.953606	0.784211523693
10317.000013166	112.545454545	4.05791824062	73.0	0.871894	0.655578878209
10317.000010876	139.625	4.90496643369	98.0	0.936832	0.741524050077
10317.000010993	256.75	4.57754042735	138.0	0.859946	0.643950858603
10317.000015613	201.666666667	2.8665567804	65.0	0.726032	0.475985006129
10317.000018335	167.807692308	5.40058195319	128.0	0.952268	0.771511707599
10317.000015525	183.045454545	5.63821448292	136.0	0.959954	0.795519441753
10317.000001622	140.076923077	4.32785001091	86.0	0.900648	0.673462761979
10317.000012936	148.1	1.75087843044	62.0	0.428752	0.294057894494
10317.000009111	71.2307692308	2.72782542854	50.0	0.707738	0.483326530092
10317.000002271	143.3	3.38075512801	73.0	0.781852	0.546179475016
10317.000002465	277.555555556	5.7963717221	151.0	0.964126	0.800780272843
10317.000001747	152.647058824	4.30013763427	97.0	0.876856	0.651544609314
10317.000002038	189.0	3.7356676735	79.0	0.84227	0.592607487908
10317.000013724	193.0	4.7296515675	123.0	0.914362	0.681259155291
10317.000023378	183.6	4.5503109749	122.0	0.863018	0.656540675728
10317.000012307	150.4	4.49746312244	109.0	0.86794	0.664500685357
10317.000020347	267.285714286	5.98491304016	177.0	0.965938	0.801450076604
10317.000020368	250.0	5.38895784701	145.0	0.94584	0.750560735442
10317.000010567	172.882352941	4.88577306467	112.0	0.923252	0.717719748802
10317.000020063	211.352941176	5.07538634653	124.0	0.922998	0.729830755417
10317.000010178	143.285714286	4.66563039097	108.0	0.900762	0.69070438101
10317.000011259	158.75	3.69967232678	87.0	0.768732	0.57422082456
10317.000005025	167.875	4.24779695693	80.0	0.88391	0.671914785042
10317.000013165	258.5	5.05455175146	149.0	0.905844	0.700157052317
10317.000016738	282.157894737	5.00004395908	140.0	0.899476	0.701338963146
10317.000001225	77.0	2.30464676139	42.0	0.636394	0.427394491216
10317.000003137	186.272727273	4.63709137991	126.0	0.863162	0.664598730559
10317.000009642	99.1666666667	3.35845133535	75.0	0.758676	0.539179498108
10317.000015394	135.111111111	3.44542947907	69.0	0.833406	0.564036291161
10317.000001086	60.5	2.50383196099	53.0	0.637786	0.437127572014
10317.000001756	86.6470588235	3.69193556955	69.0	0.848262	0.604390732274
10317.000012999	178.217391304	4.66317864178	116.0	0.910762	0.679963774337
10317.000001248	206.777777778	5.05376064569	139.0	0.909822	0.709903424409
10317.000016739	291.3125	4.99904366116	136.0	0.89187	0.705336136941
10317.000010559	178.176470588	5.08135917611	109.0	0.943778	0.750771393371
10317.000001654	114.666666667	3.06639541256	75.0	0.75317	0.492291647088
10317.000011375	62.1	2.55790775196	45.0	0.661948	0.46576405215
10317.000042586	322.375	6.17271177675	184.0	0.97209	0.820450713745
10317.000041282	144.0	4.8032664792	99.0	0.913138	0.724544892433
10317.000001208	206.0	4.1192787097	77.0	0.902506	0.657319135245
10317.000027729	278.142857143	5.73762915957	153.0	0.962168	0.790591502609
10317.000013573	241.27027027	5.9553771205	176.0	0.955752	0.798368753139
10317.000010544	131.0	2.2394767191	36.0	0.615114	0.43317392776
10317.000005878	95.25	0.660105477763	32.0	0.136442	0.132021095553
10317.000012987	176.615384615	4.54350632136	97.0	0.91513	0.688419139768
