	chao1	shannon	observed_otus	simpson	equitability
10317.000002503	252.1875	5.35771055469	134.0	0.941292	0.758228549099
10317.000013618	309.25	6.50494586479	198.0	0.981174	0.85262050114
10317.000031796	341.676470588	6.07267174112	199.0	0.961836	0.795203645964
10317.000026504	289.136363636	5.94057701679	163.0	0.966734	0.808381653548
10317.000007104	295.0	5.69112435381	153.0	0.957376	0.784183576401
10317.000007077	306.714285714	5.77863932169	160.0	0.963824	0.789223719054
10317.000016408	304.75	6.24353293769	191.0	0.97504	0.823964576821
10317.000005802	194.111111111	4.24233691353	89.0	0.881804	0.655112962688
10317.000006952	235.545454545	5.6415141499	141.0	0.96557	0.790177683644
10317.000013023	317.4375	5.74986832765	144.0	0.967884	0.801942604211
10317.000002645	196.357142857	4.59487337441	131.0	0.887322	0.653291203074
10317.000002027	220.64	5.49233782911	140.0	0.953698	0.770391330524
10317.000027353	418.636363636	6.15738440091	220.0	0.95174	0.791299287991
10317.000023798	247.964285714	5.82623103895	169.0	0.951716	0.787234961617
10317.000041962	316.228571429	6.28634507333	194.0	0.975462	0.827160153526
10317.000040352	250.352941176	4.21576091911	128.0	0.790018	0.602251559873
10317.000028811	190.0	4.76156083524	131.0	0.9124	0.676990539912
10317.000027772	325.157894737	6.62975904788	215.0	0.980166	0.855652301973
10317.000027617	269.105263158	5.20786037746	142.0	0.92701	0.728397842667
10317.000039924	265.0	5.69168111502	154.0	0.964466	0.783245948281
10317.000039952	94.7142857143	4.43625542479	75.0	0.905348	0.712214569925
10317.000026028	298.884615385	5.82583907238	168.0	0.96441	0.788093738295
10317.000001441	229.785714286	4.92125762976	146.0	0.896236	0.684475342821
10317.000016347	291.459459459	5.88494018626	188.0	0.947616	0.778988810881
10317.000001595	275.12	6.03423440621	170.0	0.969306	0.8144035668
10317.000002146	236.0	5.63361741204	143.0	0.959914	0.786832213465
10317.000012158	375.027027027	6.25491378528	213.0	0.969978	0.808681138969
10317.000014313	127.9375	4.01120741608	84.0	0.858486	0.627504416752
10317.000007749	252.636363636	5.49227695642	146.0	0.947658	0.763895824084
10317.000018083	165.357142857	4.63603255143	118.0	0.898226	0.673583174107
10317.000017335	374.652173913	5.7538038286	168.0	0.966696	0.778349129175
10317.000002578	240.789473684	5.70588847632	138.0	0.963978	0.802682541365
10317.000007719	187.0	4.86192316848	112.0	0.925134	0.714216200587
10317.000009676	188.083333333	4.23632572875	98.0	0.836864	0.640440144554
10317.000006716	272.870967742	5.79118008864	176.0	0.957488	0.776356750046
10317.000006802	276.7	5.5202432972	166.0	0.940452	0.748503563756
10317.000002898	337.0	5.64334873794	167.0	0.956858	0.764297771742
10317.000001647	223.55	5.52900194553	138.0	0.950772	0.777798821563
10317.000002878	251.428571429	5.48023018318	170.0	0.926344	0.739633018477
10317.000009527	232.047619048	5.32771404612	133.0	0.949456	0.755138308753
10317.000017667	250.576923077	5.81335490481	155.0	0.966826	0.798963099174
10317.000009213	252.137931034	5.47873216322	159.0	0.944818	0.749189095015
10317.000031434	226.315789474	5.03036053899	130.0	0.92245	0.716333959274
10317.000027217	260.333333333	4.38699346336	130.0	0.822898	0.62471712963
10317.000001546	283.142857143	6.03572360402	158.0	0.97354	0.826383459761
10317.000009074	245.84	5.7562408509	152.0	0.965992	0.794191282987
10317.000027277	288.483870968	5.18525080557	165.0	0.916298	0.703913113594
10317.000001333	116.5	4.29380792743	70.0	0.911746	0.700540000446
10317.000023984	293.5	5.63338289022	169.0	0.94751	0.761177497717
10317.000021327	183.4	4.94722987332	124.0	0.926032	0.711402102057
10317.000028933	328.565217391	6.11741059257	177.0	0.970462	0.819193053455
10317.000015568	265.730769231	5.84294392253	159.0	0.966344	0.798993223091
10317.000006944	272.0	2.81641446013	111.0	0.573836	0.414518998473
10317.000002028	368.75	5.16316654848	164.0	0.89843	0.701750601999
10317.000003896	230.444444444	5.63873531439	151.0	0.953956	0.779002489838
10317.000011025	288.5	6.06111191113	173.0	0.9707	0.815254203109
10317.000017293	321.344827586	5.70911991741	177.0	0.955474	0.764518141608
10317.000031284	416.5	3.64090358441	85.0	0.81076	0.568057654882
10317.000020034	259.617647059	5.67641241266	169.0	0.955688	0.766991607083
10317.000037584	203.956521739	5.67189565676	137.0	0.964536	0.799080025346
10317.000031847	218.0	5.29303609517	134.0	0.939326	0.74907575499
10317.000013935	353.12	5.91996645563	182.0	0.964002	0.788509374502
10317.000014019	281.243902439	6.16621022779	190.0	0.971622	0.814574352118
10317.000023052	191.55	5.12526238655	120.0	0.935792	0.742050610995
10317.000015385	262.162162162	6.19191166193	181.0	0.97438	0.825605186447
10317.000017354	327.15625	6.42951002678	202.0	0.973702	0.839557648841
10317.000023475	309.103448276	6.30396741088	186.0	0.976812	0.8361632337
10317.000003475	298.677419355	5.62394472114	178.0	0.94493	0.752293373362
10317.000017269	237.8	5.39893013427	152.0	0.937532	0.74489295378
10317.000014801	174.434782609	5.33095532023	119.0	0.951792	0.773182918423
10317.000009716	431.71875	6.36851530824	216.0	0.975968	0.821226008303
10317.000013155	287.142857143	5.49710526123	155.0	0.942376	0.755499075476
10317.000015604	261.0625	5.48055186188	139.0	0.95319	0.769854927284
10317.000009236	271.058823529	5.43201719316	141.0	0.935374	0.760834529377
10317.000041289	274.2	5.39202970394	158.0	0.940656	0.738251857477
10317.000030735	333.291666667	6.0355583627	181.0	0.965014	0.8047576515
10317.000022541	291.0	5.11267928692	148.0	0.906364	0.70916323716
10317.000034132	132.5	3.22651832245	73.0	0.766038	0.521261675797
10317.000026633	244.37037037	5.68514747498	160.0	0.956646	0.776454972147
10317.000028715	181.3	4.52997533209	91.0	0.903348	0.696084554375
10317.000026126	142.315789474	4.26469334938	97.0	0.890276	0.646174192198
10317.000033665	236.555555556	4.73489312028	121.0	0.897008	0.684345528724
10317.000028755	334.785714286	5.91618673526	182.0	0.96017	0.788005935003
10317.000026501	187.352941176	5.35128911534	121.0	0.93975	0.773434729351
10317.000016485	218.55	4.37724568636	124.0	0.843582	0.629439476683
10317.000001001	218.0	4.45736333486	112.0	0.876394	0.654786387062
10317.000013049	304.045454545	5.84439666666	164.0	0.963842	0.794339837897
10317.000002334	262.954545455	5.49398474951	150.0	0.95085	0.760011418841
10317.000006797	181.217391304	4.51580531801	119.0	0.88792	0.654956443089
10317.000013156	365.384615385	6.38885722718	190.0	0.978332	0.843986669989
10317.000001529	341.888888889	6.00846085331	180.0	0.969666	0.801999288567
10317.000002418b	410.516129032	6.38407264685	210.0	0.975066	0.827569284933
10317.000005849	155.647058824	4.15558426509	100.0	0.83511	0.625477756651
10317.000003282	166.24137931	4.47530928675	124.0	0.870956	0.643540833046
10317.000011341	280.5	5.67271567671	162.0	0.95889	0.772865341183
10317.000013355	330.7	5.93810923021	185.0	0.964462	0.788448873735
10317.000006794	227.636363636	5.10645632242	136.0	0.919954	0.720491441973
10317.000009593	191.6	4.84793336655	146.0	0.857318	0.674277004515
10317.000028723	342.5	5.37033976985	164.0	0.939276	0.729908503056
10317.000002774	208.181818182	4.43971559156	125.0	0.846644	0.637360476599
10317.000001531	275.772727273	6.08137770605	166.0	0.969108	0.824589178493
10317.000018027	340.037037037	6.20531232767	185.0	0.974542	0.823927503899
10317.000001399	222.55	5.12813079357	128.0	0.940666	0.732590113367
10317.000001948	186.55	5.00608617453	115.0	0.9328	0.731296976151
10317.000001032	243.375	5.43649003116	129.0	0.957118	0.775397777466
10317.000016697	458.885714286	6.86840314633	241.0	0.98552	0.86800192123
10317.000011162	295.681818182	3.96299682542	141.0	0.746868	0.555076450859
10317.000005999	220.615384615	4.73317068531	133.0	0.909206	0.67086905855
10317.000001362	367.142857143	6.31946351207	189.0	0.976184	0.835660001037
10317.000010947	204.333333333	5.58772964612	131.0	0.962436	0.79445380221
10317.000002851	223.666666667	5.09723495947	137.0	0.922868	0.718119459012
10317.000035452	260.5	6.35862098076	180.0	0.976036	0.848738075747
10317.000005928	335.7	5.96758963165	190.0	0.953822	0.788335992179
10317.000027807	267.84375	6.03612025617	174.0	0.968234	0.810985634855
10317.000031313	313.902439024	6.24169537871	205.0	0.969496	0.812775773598
10317.000014458	179.666666667	5.18455353167	117.0	0.939258	0.754625663015
10317.000016759	362.12	6.07267834732	191.0	0.96516	0.801416745064
10317.000014308	287.5	5.79889072018	169.0	0.953426	0.783540762973
10317.000010546	273.866666667	4.51239612543	122.0	0.884624	0.651070139532
10317.000015305	359.529411765	6.40842214225	211.0	0.97199	0.829988319749
10317.000014295	199.0	4.91171329926	123.0	0.917342	0.707483332657
10317.000011055	341.170731707	5.98909157982	208.0	0.954632	0.777759686334
10317.000002818	284.571428571	3.47483076186	117.0	0.68059	0.505770931192
10317.000009667	178.526315789	4.61405103004	106.0	0.9052	0.685806418372
10317.000012254	224.55	4.91415992628	130.0	0.914846	0.699786746738
10317.000026037	367.620689655	5.99886992521	190.0	0.96439	0.792468210174
10317.000007037	221.03030303	5.53373329782	158.0	0.928496	0.757653260498
10317.000015594	416.724137931	6.45124705521	210.0	0.979012	0.836277123983
10317.000004286	245.6	5.34089120547	149.0	0.943224	0.739820824287
10317.000001351	186.75	4.92928194157	123.0	0.909612	0.710013920429
10317.000010115	245.75	5.38709026471	148.0	0.935312	0.747225897929
10317.000010981	330.066666667	5.79874657278	150.0	0.964384	0.802170703273
10317.000013028	219.357142857	5.77214460628	154.0	0.958248	0.794318723132
10317.000017095	257.545454545	6.17693681019	163.0	0.976596	0.840545014124
10317.000011048	276.363636364	6.09332333355	183.0	0.9678	0.810745967064
10317.000002079	316.714285714	5.06105843321	129.0	0.942002	0.721850576059
10317.000014937	263.71875	6.10742350355	177.0	0.969688	0.817855665058
10317.000013653	195.555555556	4.83981935112	119.0	0.90979	0.701950293288
10317.000021178	237.038461538	5.56387099895	152.0	0.948382	0.767649923185
10317.000006741	230.090909091	5.54099914864	159.0	0.948516	0.757703792406
10317.000014548	258.857142857	5.81598762019	165.0	0.960528	0.789537499316
10317.000013215	279.516129032	5.88301788632	175.0	0.960296	0.789538478782
10317.000010867	252.772727273	5.59955601747	143.0	0.961602	0.782074949965
10317.000026613	275.615384615	5.68902616577	166.0	0.956144	0.771389254081
10317.000006909	299.615384615	6.02815489275	175.0	0.967914	0.809016789657
10317.000011163	214.65	4.99261836527	132.0	0.902598	0.708736376851
10317.000012276	381.434782609	5.78765079881	179.0	0.953878	0.7733555944
10317.000015003	266.260869565	5.27324127358	152.0	0.920202	0.727551602
10317.000001613	288.24	5.68310336247	165.0	0.953114	0.771498068802
10317.000006029	282.615384615	5.59479277334	158.0	0.951716	0.766013242488
10317.000005024	312.15625	5.96157429475	187.0	0.958564	0.789937414183
10317.000026632	320.05	6.05418312811	166.0	0.973108	0.82090179781
10317.000033799	119.05	4.93271556728	91.0	0.948906	0.7579703786
10317.000029152	181.272727273	4.10564727153	121.0	0.768994	0.593399107734
10317.000022999	245.555555556	5.21078859728	130.0	0.937276	0.742027295638
10317.000037575	365.6875	6.49481219958	211.0	0.977186	0.841177148596
10317.000027681	273.137931034	6.18073814708	180.0	0.968226	0.824994573119
10317.000021296	401.217391304	6.03549067909	186.0	0.968036	0.80055226721
10317.000028712	276.125	5.30758915249	151.0	0.942098	0.733253989467
10317.000027363	261.785714286	5.58086859094	160.0	0.951482	0.762212974317
10317.000033801	280.526315789	5.45462095741	146.0	0.943264	0.758658422434
10317.000011225	320.565217391	5.85394793274	169.0	0.96314	0.790980042729
10317.000011409	292.4	5.06719111818	136.0	0.930242	0.714951348837
10317.000009475	169.0	4.80352050718	118.0	0.907554	0.697918005152
10317.000012928	202.142857143	5.42576422533	134.0	0.949164	0.767859572543
10317.000028841	289.055555556	5.72766029599	151.0	0.963014	0.791287652772
10317.000017357	275.12	5.57783379815	155.0	0.95285	0.766594066768
10317.000014534	281.545454545	5.3497578661	152.0	0.94336	0.738108632596
10317.000016715	353.434782609	6.35208383233	187.0	0.977698	0.841681815757
10317.000008954A	272.333333333	5.45533418496	154.0	0.93541	0.750721677925
10317.000015912	271.0	4.9300695651	117.0	0.921694	0.717584839571
10317.000016725	289.04	6.31992647214	172.0	0.980018	0.851023587348
10317.000018358	247.0	4.61633894908	121.0	0.882302	0.667210608269
10317.000010102	261.434782609	5.36242267491	144.0	0.952822	0.747904988383
10317.000018415	183.875	5.33956863744	134.0	0.947748	0.755661086851
10317.000008949B	225.285714286	5.7811535053	164.0	0.957496	0.785744158067
10317.000010869	320.956521739	5.87738129421	173.0	0.952054	0.790541384754
10317.000014571	385.04	6.19543372198	191.0	0.9732	0.817616880683
10317.000011949	232.130434783	4.9620647003	136.0	0.907058	0.700118619518
10317.000010827	331.789473684	5.7577868627	157.0	0.963696	0.789319563127
10317.000014162	291.4	5.78109314528	165.0	0.960006	0.784800471272
10317.000010821	144.375	5.13831059268	105.0	0.928552	0.765284882592
10317.000016736	348.136363636	5.54324920322	162.0	0.953774	0.755226496596
10317.000001929	217.029411765	5.52637186307	152.0	0.951302	0.762476149606
10317.000003196	257.666666667	5.77155383726	169.0	0.956316	0.77984702858
10317.000028833	119.769230769	4.01820616466	74.0	0.886188	0.647111094659
10317.000004291	423.384615385	6.17403317215	197.0	0.972548	0.810022460933
10317.000035347	505.176470588	6.04353338066	184.0	0.970178	0.803280868285
10317.000031035	141.142857143	4.6945315687	104.0	0.886048	0.700630371465
10317.000016765	349.888888889	5.90163865629	181.0	0.961206	0.786901323726
10317.000004918	360.125	5.95162227494	178.0	0.967918	0.796125534692
10317.000001347	233.46875	5.70937734149	158.0	0.955868	0.781701633488
10317.000005938	326.724137931	5.46405144574	176.0	0.939936	0.732502384242
10317.000003982	256.833333333	4.80137599316	134.0	0.880054	0.679495526272
10317.000001934	266.625	5.08965414677	151.0	0.907968	0.703145835314
10317.000015355	340.0	5.61088411698	160.0	0.95024	0.76631237623
10317.000002418a	283.75	6.18385043105	165.0	0.977366	0.839475962522
10317.000026083	299.0	5.45791859355	164.0	0.933176	0.741811758874
10317.000016741	206.5	5.16696029733	135.0	0.937278	0.730125043738
10317.000009476	159.4	4.37927019369	102.0	0.882172	0.656323595881
10317.000003729	301.322580645	5.60321979667	175.0	0.950078	0.751987792666
10317.000017219	291.9375	6.21470832153	183.0	0.973744	0.82689682335
10317.000003366	252.5	4.17576367049	105.0	0.887696	0.6219259721
10317.000004283	107.153846154	2.999311245	64.0	0.736082	0.4998852075
10317.000003473	331.096774194	6.06503649819	199.0	0.960266	0.794203826894
10317.000016734	236.516129032	5.34743511301	147.0	0.951376	0.742733121299
10317.000007068	151.583333333	4.75083669277	93.0	0.924324	0.726521075571
10317.000011342	311.25	5.73334312154	166.0	0.949596	0.777398300701
10317.000026056	247.058823529	4.56211961888	117.0	0.907598	0.664028738661
10317.000012209	246.848484848	5.62232943585	165.0	0.946526	0.763247828744
10317.000016355	288.9375	6.19304951007	180.0	0.975076	0.826637873226
10317.000015185	242.545454545	5.16894246923	139.0	0.92391	0.726083053144
10317.000003028	214.115384615	5.09786174299	139.0	0.915762	0.716098320089
10317.000012985	360.25	5.90093030316	182.0	0.95826	0.785973855966
10317.000016755	317.636363636	5.87627916464	174.0	0.946722	0.789510113562
10317.000014327	202.391304348	5.32839529424	128.0	0.953284	0.761199327748
10317.000013249	182.619047619	5.10971646141	117.0	0.944922	0.743732926848
10317.000008950A	225.214285714	3.7541922838	103.0	0.807066	0.561458459255
10317.000016716	242.785714286	5.89267171131	159.0	0.96844	0.805793248346
10317.000022662	279.04	5.70959237589	162.0	0.957998	0.777889517313
10317.000022443	335.055555556	5.14515728589	146.0	0.934218	0.715616527741
10317.000017074	255.043478261	5.45684333561	147.0	0.949468	0.757929399318
10317.000002511	229.884615385	4.72762751322	137.0	0.89186	0.666047639398
10317.000013821	172.954545455	4.80332242543	115.0	0.921252	0.701676927391
10317.000004819	158.647058824	4.76947289655	103.0	0.91546	0.713298814104
10317.000003594	239.363636364	5.41269620803	153.0	0.948384	0.745818788434
10317.000001391	147.235294118	3.67415650778	89.0	0.813428	0.567373031479
10317.000017075	241.1875	4.76559540149	123.0	0.897246	0.686436506229
10317.000010834	203.142857143	5.4717442688	135.0	0.94255	0.773192998144
10317.000014303	215.555555556	5.83436527715	150.0	0.966476	0.807098023474
10317.000015265	227.0	5.35712911869	134.0	0.953024	0.758146263696
10317.000003193	153.0	4.68713873786	93.0	0.916916	0.716780074205
10317.000014933	140.647058824	4.08775414834	90.0	0.867384	0.62967446855
10317.000013619	293.783783784	6.39970673835	195.0	0.97679	0.841255272797
10317.000005015	324.066666667	5.67058708791	144.0	0.964384	0.790885132937
10317.000022925	212.4	5.31498489378	117.0	0.953772	0.773610297373
10317.000003439	247.1875	5.01466357775	129.0	0.935196	0.715233352887
10317.000016735	280.652173913	5.78909752841	160.0	0.96334	0.790652059593
10317.000011168	251.84	5.82067668783	158.0	0.962992	0.796940227057
10317.000004972	226.037037037	6.04533937339	156.0	0.972702	0.829788005079
10317.000009382	314.291666667	5.79171383086	162.0	0.965512	0.789077955079
10317.000006001	162.666666667	4.27827863631	100.0	0.890346	0.643945099668
10317.000027308	259.714285714	5.26709952873	148.0	0.907754	0.730582370342
10317.000003895	252.033333333	5.7573248795	162.0	0.962558	0.784392716095
10317.000001322	178.055555556	4.87378417362	110.0	0.934698	0.718703088983
10317.000002019	222.666666667	5.34990044905	136.0	0.944124	0.754839999712
10317.000026106	242.137931034	5.38549974583	154.0	0.931416	0.741111592541
10317.000008957B	263.774193548	6.17024562126	179.0	0.971208	0.824478555446
10317.000001047	199.090909091	4.74311235769	105.0	0.907866	0.70642521862
10317.000017071	219.916666667	4.449235966	125.0	0.848648	0.638727210632
10317.000015262	210.565217391	5.33990620244	131.0	0.951512	0.75921869071
10317.000003981	224.677419355	5.31656991659	149.0	0.94696	0.736451836735
10317.000014334	406.217391304	6.05478176443	191.0	0.966534	0.799054917154
10317.000011378	364.12	5.6097001538	174.0	0.955878	0.753693771413
10317.000016718	232.0	5.69175529566	133.0	0.965422	0.806736703696
10317.000016714	306.206896552	6.38938706153	186.0	0.97801	0.847493363864
10317.000007748	238.230769231	5.21244033313	148.0	0.928678	0.723000769791
10317.000007073	326.8	5.6150562209	163.0	0.957232	0.764085444862
10317.000001247	351.53125	6.51862705432	203.0	0.980594	0.850403312359
10317.000002036	251.555555556	4.92939922874	125.0	0.930552	0.707658897734
10317.000016742	245.4	5.37614200389	146.0	0.946844	0.747743141695
10317.000015627	262.12	5.71626851998	157.0	0.959614	0.783627924844
10317.000012112	253.368421053	5.48519114168	137.0	0.954976	0.772776324138
10317.000002437	191.84	4.72596111661	128.0	0.910594	0.675137302373
10317.000003731	278.2	5.32102130064	162.0	0.943338	0.724949596865
10317.000013171	214.352941176	5.20245866007	127.0	0.93422	0.744411701664
10317.000001487	235.12	5.58219570676	144.0	0.961108	0.778557056823
10317.000014306	211.454545455	5.12404704418	131.0	0.93566	0.728528206402
10317.000002064	265.935483871	6.02473842858	174.0	0.967884	0.809456424322
10317.000003492	321.315789474	5.34313748551	155.0	0.929926	0.734338390591
10317.000002336	221.0	5.37979319777	144.0	0.919648	0.75032768079
10317.000006074	298.0	5.44303804819	137.0	0.957494	0.766837622677
10317.000012061	197.352941176	4.5295158797	110.0	0.898234	0.667936235658
10317.000016756	251.230769231	5.79365426128	161.0	0.961234	0.790304181265
10317.000011018	457.235294118	5.91279823617	189.0	0.956936	0.781884248677
10317.000015261	229.65625	5.56724311699	152.0	0.954548	0.768115175913
10317.000013458	264.576923077	6.02063723151	169.0	0.96823	0.81350294696
10317.000041935	212.260869565	3.96944580654	119.0	0.796138	0.575714390547
10317.000033721	293.535714286	6.01201984338	172.0	0.966376	0.809561743618
10317.000031491	262.0	6.09282875474	157.0	0.974968	0.835249557787
10317.000017671	191.4	5.11779599014	113.0	0.943948	0.75039027837
10317.000036943	269.551724138	5.8537544711	166.0	0.9635	0.793725176061
10317.000036102	264.0	6.00163397301	169.0	0.967646	0.810935244207
10317.000028894	213.833333333	5.01287429962	122.0	0.935294	0.723281529146
10317.000040401	323.2	5.64756788483	148.0	0.959582	0.783355907641
10317.000040358	252.714285714	5.51524230828	141.0	0.951948	0.772491440435
10317.000031506	246.2	5.92479938009	168.0	0.960488	0.801480650957
10317.000016446	367.8	5.5949261637	172.0	0.935948	0.753397077603
10317.000028793	194.4	5.33869659113	116.0	0.952844	0.778464768993
10317.000042026	318.6	6.30448159934	199.0	0.973248	0.825558661399
10317.000037582	268.625	5.6581626788	153.0	0.958342	0.77964176663
10317.000029202	162.6	4.60769803971	125.0	0.875018	0.661475844128
10317.000022618	285.6	6.08479926067	186.0	0.965564	0.807092596551
10317.000021229	110.066666667	3.07565381952	77.0	0.677756	0.490786434092
10317.000034121	175.214285714	4.48363689146	98.0	0.91362	0.677828203674
10317.000036071	195.136363636	4.73503933413	120.0	0.909148	0.685552966068
10317.000036166	280.461538462	5.62041048353	135.0	0.964514	0.794200499709
10317.000031593	233.25	4.74598143872	114.0	0.894666	0.694578930567
10317.000012263	194.0	4.39316426779	84.0	0.91371	0.687256901877
10317.000034194	440.217391304	5.84175334708	189.0	0.951696	0.772489563197
10317.000036131	313.333333333	5.75478884953	155.0	0.958962	0.790914026341
10317.000002347	197.2	4.77268541476	124.0	0.917166	0.686302945983
10317.000016767	288.774193548	5.91554108658	179.0	0.9614	0.790444508876
10317.000036109	188.071428571	4.10764870913	97.0	0.828728	0.622379235507
10317.000004973	253.444444444	5.98739168028	164.0	0.966308	0.813774972507
10317.000040395	220.666666667	5.20225103942	134.0	0.941408	0.736227763223
10317.000031379	303.333333333	5.83194838386	164.0	0.958346	0.792647932382
10317.000004737	315.954545455	5.39778004196	165.0	0.91832	0.732764585225
10317.000006666	225.055555556	4.70567999743	120.0	0.912726	0.681302234673
10317.000003969	182.176470588	4.92674656614	113.0	0.933392	0.722377901414
10317.000001749	378.576923077	6.0306116832	192.0	0.963972	0.795074686608
10317.000009507	352.142857143	6.07313203353	174.0	0.97305	0.815958368744
10317.000017356	164.066666667	3.80848244564	92.0	0.806912	0.583804135117
10317.000040348	259.285714286	5.63697769689	169.0	0.953968	0.761663224677
10317.000026595	216.214285714	5.79683763398	153.0	0.960612	0.798749875248
10317.000012335	302.555555556	5.40171064511	164.0	0.935094	0.734172268401
10317.000022554	301.111111111	6.08667899427	172.0	0.972772	0.819615135646
10317.000003718	317.0	6.16190372596	197.0	0.96911	0.808431098596
10317.000006113	292.588235294	4.96676615826	138.0	0.913552	0.698705643971
10317.000006662	293.142857143	6.04198431442	168.0	0.970142	0.81733291049
10317.000013756	356.277777778	6.41820783733	216.0	0.97114	0.827633906429
10317.000001216	369.620689655	6.02171286719	192.0	0.965796	0.793901468415
10317.000010945	254.884615385	5.10603509711	151.0	0.91936	0.705408896158
10317.000016722	200.527777778	5.97086431151	153.0	0.972548	0.822729119751
10317.000016358	269.571428571	4.7573428978	121.0	0.921066	0.687590249243
10317.000035392	294.333333333	5.6659689759	155.0	0.958846	0.77870699569
10317.000043118	431.037037037	6.36904031905	209.0	0.973806	0.82635831676
10317.000006685	160.647058824	4.85084764199	105.0	0.92792	0.722470995322
10317.000005992	161.0	4.16744194251	119.0	0.828764	0.60443105033
10317.000012947	265.12	5.78938585483	160.0	0.962514	0.790691438075
10317.000012122	267.935483871	5.60400727014	166.0	0.9507	0.75986132987
10317.000004758	272.913043478	5.56341276313	149.0	0.954884	0.770644534389
10317.000042014	422.4375	6.35914930268	214.0	0.975338	0.821439827083
10317.000014612	257.84375	5.83048168062	164.0	0.96646	0.792448585748
10317.000027267	328.25	6.02979263818	183.0	0.964066	0.80229290258
10317.000006625	180.055555556	4.64628272377	112.0	0.905466	0.682538633136
10317.000008951B	221.125	4.00074822015	86.0	0.876436	0.622561997189
10317.000006778	343.833333333	6.28841404176	195.0	0.976414	0.826625607461
10317.000012971	333.5	6.10367812302	196.0	0.968742	0.801564110514
10317.000017652	396.027027027	6.66977706108	234.0	0.97858	0.847454635042
10317.000015254	286.736842105	5.97065135548	186.0	0.962802	0.791951927937
10317.000001438	248.090909091	5.82519551658	164.0	0.96649	0.791730117969
10317.000006803	269.7	5.69806153597	167.0	0.957558	0.771707710691
10317.000013299	374.0	5.60620982363	176.0	0.955744	0.751559919072
10317.000036039	198.545454545	5.08719228159	126.0	0.930874	0.729108239509
10317.000011026	246.137931034	5.56320091568	158.0	0.941154	0.761687830932
10317.000012993	243.037037037	5.60954257005	151.0	0.959854	0.774969454192
10317.000009218	237.896551724	5.71479329436	157.0	0.958734	0.78342569012
10317.000009419	282.454545455	5.78784699383	163.0	0.956692	0.787598462258
10317.000010693	322.565217391	5.92288227946	171.0	0.96775	0.79846320314
10317.000008951A	161.25	4.02084183255	86.0	0.872298	0.625688792173
10317.000001669	189.12	4.91900550392	123.0	0.922402	0.708533702038
10317.000036068	226.3125	5.52590178443	153.0	0.945358	0.761417455455
10317.000042981	274.294117647	6.07700920721	179.0	0.967348	0.812020149623
10317.000004075	379.130434783	6.02541842959	185.0	0.961576	0.800041594119
10317.000028776	430.972972973	6.43465119477	238.0	0.971912	0.815047463752
10317.000004011	175.5	4.64947288941	102.0	0.918262	0.696819020238
10317.000004285	294.161290323	5.94511767236	179.0	0.966136	0.79439658181
10317.000011964	276.0	6.10875545116	191.0	0.968448	0.806177872441
10317.000012011	311.885714286	6.00869517252	187.0	0.965232	0.796181158285
10317.000026116	175.714285714	4.73867037153	115.0	0.893862	0.692232453231
10317.000015607	281.516129032	6.02108681072	177.0	0.962834	0.806294168906
10317.000011031	235.5	5.5320432631	155.0	0.945022	0.760300807816
10317.000018035	364.75	6.07580220287	195.0	0.955082	0.798677322041
10317.000022498	316.307692308	6.08842890574	179.0	0.967426	0.81354606887
10317.000018398	189.25	5.59453159435	134.0	0.95936	0.791743699175
10317.000023929	328.486486486	5.36550432165	192.0	0.897908	0.707387059744
10317.000009558	200.034482759	5.2870088146	139.0	0.941536	0.742667871611
10317.000012391	326.923076923	6.19010333107	200.0	0.970716	0.809814205996
10317.000040145	200.04	6.11679174116	147.0	0.978266	0.849593071488
10317.000002051	249.689655172	5.59704598863	164.0	0.93265	0.760721226995
10317.000016726	307.161290323	6.41674558134	192.0	0.978032	0.845982505612
10317.000005927	328.941176471	5.54892058804	192.0	0.92511	0.731568625094
10317.000018369	272.25	5.60573968616	165.0	0.942994	0.760995721219
10317.000002191	302.783783784	6.2993411927	204.0	0.971262	0.821036492625
10317.000013539	333.344827586	5.93059311846	189.0	0.95911	0.784237371109
10317.000026622	442.0	6.19872816199	222.0	0.965864	0.795278089889
10317.000004289	303.076923077	5.70599365504	169.0	0.950886	0.770988597256
10317.000014543	221.12	4.38934416495	130.0	0.884894	0.625051874499
10317.000018025	194.625	5.39800866519	135.0	0.942962	0.762773678523
10317.000011073	230.176470588	5.34058563982	155.0	0.94451	0.73398767563
10317.000001111	219.047619048	4.72266511835	129.0	0.880674	0.673586085046
10317.000013053	228.1875	4.13584444401	110.0	0.860996	0.60988424427
10317.000010225	375.888888889	6.59039064459	207.0	0.980862	0.8566194602
10317.000003226	459.0	6.13167008946	194.0	0.969698	0.806807948562
10317.000013167	322.2	5.85093166811	176.0	0.96049	0.784366955452
10317.000018299	155.6	4.72802569095	118.0	0.9101	0.686949135243
10317.000010879	223.038461538	4.95286232433	138.0	0.917538	0.696749705856
10317.000013685	292.459459459	6.0005093721	189.0	0.961144	0.793482810453
10317.000020032	220.1	5.89591889765	155.0	0.967254	0.810310347825
10317.000013055	298.307692308	5.20738674368	161.0	0.9226	0.710332258606
10317.000003579	270.363636364	5.85244268272	177.0	0.95374	0.783710741478
10317.000001284	252.551724138	4.80555222734	149.0	0.876122	0.665665611451
10317.000013684	271.555555556	5.79167314581	166.0	0.962586	0.785307414248
10317.000006665	370.285714286	6.6693100183	204.0	0.984514	0.869257075962
10317.000002638	216.454545455	5.40641277583	136.0	0.951916	0.76281356205
10317.000002443	348.517241379	6.35610536134	201.0	0.974666	0.830749237869
10317.000017349	348.5	6.70935320983	212.0	0.981164	0.868196463625
10317.000005814	304.75	6.17259693764	191.0	0.972664	0.814603090009
10317.000001482	246.714285714	4.40706027585	116.0	0.878204	0.642617744053
10317.000020071	271.0	5.65800005137	137.0	0.965568	0.797122355217
10317.000004026	269.75	5.85444434226	171.0	0.956832	0.789237091262
10317.000013134	303.0	6.10310596622	168.0	0.97577	0.825601177164
10317.000004822	244.181818182	5.94197040476	171.0	0.965334	0.801036471517
10317.000009101	312.7	6.35640277042	188.0	0.978404	0.841396255338
10317.000013159	310.535714286	6.05459037402	180.0	0.967986	0.808156579709
10317.000018073	303.6	5.72463415767	184.0	0.955154	0.760894133804
10317.000021267	239.142857143	5.05305325463	137.0	0.925412	0.71189495843
10317.000016772	270.363636364	6.0774233231	177.0	0.9714	0.813838288905
10317.000009596	220.565217391	5.57483719791	141.0	0.957694	0.780838588133
10317.000009003	266.181818182	5.37665864928	150.0	0.92747	0.743781090588
10317.000006635	279.451612903	5.23116461979	167.0	0.916376	0.708474285071
10317.000017265	260.307692308	5.5821718932	162.0	0.947562	0.760529423763
10317.000001734	275.75	6.01339399078	177.0	0.966252	0.805264010057
10317.000001286	269.516129032	5.4628194923	165.0	0.93743	0.74159388273
10317.000014397	301.884615385	6.04480576662	171.0	0.971304	0.81489969698
10317.000010746	196.555555556	4.45559661256	111.0	0.901214	0.65577331447
10317.000010873	286.714285714	5.14357249706	151.0	0.920182	0.710594762561
10317.000016731	321.885714286	6.13292784289	197.0	0.96393	0.804629512913
10317.000016458	409.405405405	6.48865377682	226.0	0.971658	0.829732133753
10317.000009174	276.7	5.9549743857	174.0	0.96386	0.800083245159
10317.000004719	363.333333333	6.06737639963	195.0	0.966758	0.797569732007
10317.000018345	279.166666667	5.39759937805	145.0	0.940936	0.751764306537
10317.000013222	248.625	5.27415079834	148.0	0.928104	0.731560429184
10317.000003809	227.096774194	5.72168427159	160.0	0.95271	0.78144502342
10317.000004847	260.166666667	5.27145783474	141.0	0.933344	0.738345811179
10317.000002261	306.228571429	5.89575093805	184.0	0.960474	0.783638251733
10317.000014134	252.0	5.09358022752	126.0	0.93108	0.73002377479
10317.000016729	400.6	6.39406064384	208.0	0.976876	0.830350068033
10317.000014877	259.617647059	5.95131501785	178.0	0.958574	0.796084434097
10317.000001652	214.823529412	6.11044256542	161.0	0.97421	0.83351682566
10317.000017083	242.625	5.43944190037	142.0	0.954698	0.760788012422
10317.000002606	224.965517241	5.43298935219	151.0	0.93675	0.75057827627
10317.000011357	333.5	5.85845174311	174.0	0.962458	0.787114902374
10317.000004813	279.363636364	6.06600695095	186.0	0.965538	0.804599969696
10317.000013453	270.555555556	5.29560674826	144.0	0.931192	0.738586072685
10317.000016768	304.206896552	6.1792917421	184.0	0.971764	0.821325294879
10317.000013174	187.0	3.8893074119	93.0	0.81521	0.594771823755
10317.000016166	228.55	5.23906614012	134.0	0.930764	0.741437873045
10317.000003595	247.464285714	4.51504318943	151.0	0.86784	0.623762189603
10317.000012184	242.027777778	5.91542947054	173.0	0.962078	0.79565908199
10317.000011358	337.096774194	6.59778339647	205.0	0.981878	0.859144539862
10317.000013471	321.243243243	5.94293581005	198.0	0.958518	0.778956353202
10317.000001436	336.5	5.96365516408	179.0	0.964616	0.796873592506
10317.000009385	385.7	6.49410291824	214.0	0.977546	0.838872390678
10317.000006053	261.076923077	5.33077815346	160.0	0.926366	0.728056610824
10317.000002185	212.476190476	5.06925287134	131.0	0.925896	0.720737665036
10317.000016488	203.8	4.07366605918	91.0	0.842454	0.625967210769
10317.000001516	241.473684211	4.8158866596	132.0	0.879376	0.683648100603
10317.000011352	388.935483871	6.24033558512	206.0	0.96778	0.8118565221
10317.000004009	280.0	5.4391934779	137.0	0.9513	0.766295983778
10317.000013801	187.954545455	5.43530796436	130.0	0.952538	0.773999327445
10317.000003996	402.857142857	6.22945955311	230.0	0.957644	0.794017902343
10317.000017339	205.322580645	5.72625371006	152.0	0.952546	0.79005394293
10317.000010183	331.0	6.50112563656	221.0	0.975556	0.834772339148
10317.000012318	295.375	5.03174174994	157.0	0.892524	0.689787985305
10317.000007666	283.78125	5.98308564328	180.0	0.961834	0.798612248045
10317.000006026	150.823529412	5.37733002034	123.0	0.957404	0.77455077929
10317.000002349	242.84	5.41890206394	149.0	0.942288	0.750626896792
10317.000015908	220.833333333	5.36632488175	129.0	0.950138	0.765390235726
10317.000001423	189.37037037	4.62812631893	126.0	0.888904	0.663313837151
10317.000011036	235.5	5.67979132365	155.0	0.959034	0.780606681152
10317.000005845	251.689655172	5.87195648607	166.0	0.961994	0.796193232691
10317.000009118	258.0625	5.41373955513	136.0	0.95467	0.763847328217
10317.000005576	244.161290323	5.89939695139	164.0	0.967584	0.801815189032
10317.000013584	270.789473684	4.9818851288	140.0	0.906508	0.698791886499
10317.000002801	273.40625	6.31755131763	189.0	0.972044	0.835407140268
10317.000013265	383.275862069	6.02918623061	195.0	0.962564	0.792549551807
10317.000010833	201.5	4.81189153951	122.0	0.91067	0.694282773267
10317.000013238	135.090909091	4.7095025652	81.0	0.939402	0.742841323226
10317.000012983	274.527777778	5.64062351745	180.0	0.924184	0.752900977225
10317.000004915	287.136363636	5.83705361688	161.0	0.965216	0.796224225964
10317.000001099	488.5	6.95608391614	254.0	0.986304	0.870742079439
10317.000010881	194.0	4.92798867493	135.0	0.908976	0.696356801636
10317.000015856	266.022727273	6.19893770821	196.0	0.970164	0.814074053393
10317.000017324	339.894736842	3.9181374429	152.0	0.699078	0.540587283142
10317.000003061	251.84	5.70148125929	158.0	0.95133	0.780620538304
10317.000028859	391.434782609	6.15097944119	189.0	0.971332	0.813380356796
10317.000014922	303.029411765	6.05662988644	193.0	0.963784	0.797716714986
10317.000012903	306.692307692	6.21012345643	197.0	0.972714	0.814757443734
10317.000014684	326.681818182	6.01613347524	172.0	0.966074	0.810115673756
10317.000012991	337.032258065	6.52753720699	202.0	0.979166	0.85235791956
10317.000014121	189.384615385	4.84024321525	128.0	0.897664	0.691463316464
10317.000004736	316.777777778	5.45392197997	175.0	0.91042	0.731951074545
10317.000011248	260.848484848	6.12204933158	179.0	0.970104	0.818038486486
10317.000010962	485.0	5.94590314297	182.0	0.96487	0.791964009129
10317.000016773	224.0	5.87669438561	161.0	0.964776	0.801631567145
10317.000002348	320.035714286	5.47682822306	177.0	0.926134	0.733411558274
10317.000016354	357.551724138	6.52368612137	197.0	0.982224	0.855896322394
10317.000004922	170.894736842	4.75929281811	114.0	0.89357	0.696527063694
10317.000003091	200.285714286	4.84048489895	116.0	0.924414	0.705817776746
10317.000001965	210.195652174	6.41519386388	173.0	0.980862	0.862880250022
10317.000005454	200.291666667	5.09652075591	129.0	0.93844	0.726908509772
10317.000014369	468.341463415	6.74292801341	251.0	0.979574	0.845874825593
10317.000003086	244.384615385	5.87661995057	177.0	0.957164	0.786948361313
10317.000001528	304.763157895	6.40084384007	197.0	0.97675	0.839779627807
10317.000002444	202.527777778	5.53337015267	150.0	0.95316	0.765459806033
10317.000015584	326.652173913	5.33967863642	164.0	0.930188	0.72574120211
10317.000023375	285.5	4.71896754146	158.0	0.854704	0.646099288049
10317.000015624	341.731707317	5.9632937777	206.0	0.958484	0.775813877409
10317.000020431	271.651162791	6.52579523966	200.0	0.979304	0.853730771177
10317.000006671	448.5	6.41441230134	201.0	0.976846	0.838370012417
10317.000009102	302.882352941	5.16806205342	144.0	0.923256	0.720797226245
10317.000015214	361.045454545	6.14422190844	179.0	0.97213	0.821001223348
10317.000002172	264.5	5.44850795227	160.0	0.932176	0.744135681429
10317.000016745	310.285714286	5.1740968802	156.0	0.92591	0.710200579839
10317.000001189	215.5	5.50283931955	133.0	0.949082	0.779960174502
10317.000007678	190.0	2.84570128237	88.0	0.698584	0.440549796078
10317.000003358	285.166666667	5.55837987025	151.0	0.952098	0.767901225535
10317.000009231	362.333333333	5.02972175916	163.0	0.9078	0.684434320279
10317.000006653	151.444444444	4.96793591344	118.0	0.924474	0.721806416199
10317.000018318	304.75	6.17813093434	191.0	0.969052	0.815333416459
10317.000013859	321.681818182	5.85457997833	167.0	0.956312	0.792905531753
10317.000015928	235.0	6.30277563569	179.0	0.973752	0.84218743797
10317.000013757	367.444444444	6.20719776444	195.0	0.968172	0.815949552396
10317.000012298	309.96875	5.70302973114	182.0	0.944188	0.759614507915
10317.000001731	320.8125	6.27279709768	190.0	0.97648	0.828654788445
10317.000017171	294.5625	5.94394054912	183.0	0.965272	0.790869869342
10317.000014587	277.4	5.04662089467	130.0	0.928998	0.718649468247
10317.000017343	246.090909091	5.87523390266	162.0	0.968262	0.800456943991
10317.000002171	269.476190476	6.04362442267	161.0	0.970644	0.824402257337
10317.000016764	261.387096774	5.9303020795	167.0	0.96737	0.803160831555
10317.000016727	275.538461538	5.77110031191	163.0	0.96315	0.7853196078
10317.000002013	302.6	5.48910130283	175.0	0.936024	0.736672363787
10317.000013454	287.142857143	6.09629380743	162.0	0.974814	0.830574712703
10317.000016766	273.636363636	5.71927631986	168.0	0.957406	0.773678400529
10317.000001234	261.75	4.65379824333	124.0	0.865808	0.669207200317
10317.000001922	297.692307692	6.12244061208	195.0	0.96471	0.804808041661
10317.000026623	453.090909091	6.12345360057	222.0	0.957048	0.785620591148
10317.000006761	361.085714286	6.5104030135	211.0	0.97809	0.843196396573
10317.000004076	325.681818182	5.96081566461	171.0	0.967698	0.803576999226
10317.000009532	310.037037037	6.32700069228	184.0	0.978548	0.840958143129
10317.000005846	279.24137931	6.07605868805	173.0	0.971972	0.817264630054
10317.000004821	446.833333333	6.46957937686	235.0	0.97163	0.821375669062
10317.000002712	228.37037037	5.22113974546	144.0	0.92925	0.728200050128
10317.000010832	239.130434783	5.22820124333	143.0	0.93571	0.730208826027
10317.000013734	296.136363636	6.33565364923	201.0	0.97628	0.82807617893
10317.000009659	275.222222222	5.68674635749	164.0	0.955614	0.772912832138
10317.000001116	263.714285714	4.87602861933	142.0	0.90433	0.681986165081
10317.000017292	328.103448276	6.647748352	205.0	0.981218	0.865650833893
10317.000015862	288.619047619	5.80640946928	160.0	0.964384	0.793016456052
10317.000002446	304.526315789	4.28116419687	134.0	0.83851	0.605874633263
10317.000006678	257.275862069	5.52384547911	159.0	0.948898	0.755358114287
10317.000014224	257.294117647	6.43751277725	180.0	0.98203	0.859268420574
10317.000017218	284.954545455	6.25314634101	172.0	0.9767	0.842031162039
10317.000009661	292.12	5.91047958776	172.0	0.964432	0.795888617359
10317.000006729	223.0	5.61427740106	143.0	0.962702	0.784131046074
10317.000003476	330.75	6.60018294898	217.0	0.97689	0.850369050119
10317.000001811	227.545454545	4.3638017544	133.0	0.831478	0.618515529929
10317.000016749	414.565217391	6.24264620073	195.0	0.972552	0.820609325909
10317.000003214	164.352941176	2.82188346638	98.0	0.551332	0.426607293876
10317.000013686	238.2	5.36727607951	128.0	0.952628	0.766753725645
10317.000010845	334.615384615	6.26808339495	184.0	0.976226	0.833127105427
10317.000001311	222.888888889	4.99188702266	141.0	0.912494	0.69918777473
10317.000003593	379.3	5.81817319651	170.0	0.962742	0.785243111972
10317.000001435	193.0	5.2141592863	138.0	0.928912	0.733507961885
10317.000017205	275.028571429	6.11002625084	187.0	0.961764	0.809608016027
10317.000014551	210.772727273	5.52947632388	133.0	0.961148	0.783735644098
10317.000002781	213.076923077	3.80825308649	103.0	0.787108	0.569543525945
10317.000007675	231.5	5.78568457118	160.0	0.957776	0.790185931383
10317.000003216	222.285714286	5.44872511481	138.0	0.947324	0.76650578442
10317.000005238	289.90625	5.40402239639	173.0	0.930588	0.726871906829
10317.000022448	299.428571429	5.78915359045	185.0	0.955928	0.768670876758
10317.000001004	158.789473684	4.98521630572	109.0	0.94118	0.736566273391
10317.000014122	370.0	5.40196448376	155.0	0.947104	0.742423326331
10317.000016728	338.323529412	6.4714518952	207.0	0.976282	0.841159792815
10317.000010773	253.714285714	4.20724250842	132.0	0.845822	0.597246894073
10317.000005553	234.965517241	6.03457155688	161.0	0.969308	0.823167368722
10317.000014054	305.176470588	6.05870280133	190.0	0.969076	0.800372307586
10317.000001779	288.8	5.95794371175	161.0	0.964902	0.812714672777
10317.000026081	230.130434783	5.12349138695	134.0	0.939386	0.725081618537
10317.000016769	259.9	5.44299459738	146.0	0.946534	0.757041364891
10317.000003372	257.516129032	6.00408853678	168.0	0.9714	0.812206537327
10317.000004738	355.6875	6.2038963913	201.0	0.970626	0.810855375406
10317.000041976	328.034482759	6.48502417575	202.0	0.977406	0.84680661932
10317.000036427	327.857142857	6.13663722874	188.0	0.970882	0.812305917532
10317.000043092	291.0	6.10455452345	183.0	0.964256	0.812240330882
10317.000036069	179.2	5.04084302832	104.0	0.942828	0.752315256963
10317.000028711	240.8	5.40290987244	140.0	0.948428	0.757847578725
10317.000027901	400.323529412	6.5705978642	224.0	0.97757	0.841590773034
10317.000031057	246.75	5.47171367503	149.0	0.946682	0.757942366842
10317.000021275	312.285714286	5.24122656189	158.0	0.925278	0.717604586255
10317.000031439	298.0	5.52374608236	163.0	0.937606	0.751660146685
10317.000036437	317.096774194	5.88368876897	185.0	0.962042	0.781223046504
10317.000043117	291.730769231	5.6783623897	164.0	0.956534	0.77177332707
10317.000040144	206.4	4.43133394805	111.0	0.847258	0.652202343102
10317.000039994	205.034482759	5.46970997908	144.0	0.94487	0.762868506711
10317.000036067	296.9375	6.41422274231	188.0	0.979526	0.849049877927
10317.000036877	278.023809524	6.18662468554	197.0	0.967098	0.811674445685
10317.000038417	320.035714286	5.68681255493	177.0	0.948044	0.761530924042
10317.000031891	334.652173913	5.83366309839	172.0	0.959448	0.785544724176
10317.000028719	213.2	5.62071897983	140.0	0.959902	0.788398912832
10317.000023341	278.315789474	5.21154734378	140.0	0.938888	0.731005815226
10317.000036901	249.307692308	5.22893930267	151.0	0.93526	0.72238835641
10317.000035492	282.552631579	6.12292632084	193.0	0.963406	0.806448596388
10317.000041632	259.884615385	5.02381082059	156.0	0.878404	0.689572197892
10317.000027775	306.117647059	5.6157856467	183.0	0.942628	0.747207281762
10317.000036094	245.333333333	3.91204155999	98.0	0.815902	0.591415444091
10317.000039831	293.5	5.4063213475	166.0	0.935366	0.733056602318
10317.000043164	247.214285714	5.2060798058	125.0	0.943336	0.74737884394
10317.000036422	232.176470588	6.11916177235	171.0	0.97038	0.82492362312
10317.000036939	259.625	5.34297328912	144.0	0.946838	0.745192353901
10317.000020388	366.679245283	6.73715813692	243.0	0.981924	0.85013470462
10317.000036147	276.7	5.77494693419	174.0	0.939474	0.775895576449
10317.000035412	430.647058824	5.9290889619	179.0	0.962728	0.79225479867
10317.000031272	171.142857143	3.77310094116	76.0	0.829176	0.603896401333
10317.000037565	263.551724138	5.39147146185	160.0	0.930694	0.736345862999
10317.000018298	195.384615385	5.39850041466	134.0	0.950664	0.764001170825
10317.000001764	255.285714286	5.9987581536	164.0	0.969496	0.815319844132
10317.000014232	372.794117647	6.05098951968	206.0	0.965408	0.787222936924
10317.000009677	331.142857143	5.30327461506	153.0	0.946136	0.73074151885
10317.000036045	263.5	6.05978598046	163.0	0.969532	0.824603367178
10317.000018424	257.0	4.61773232178	127.0	0.882698	0.660744121211
10317.000015901	204.0	5.2329570217	127.0	0.945654	0.748775664697
10317.000014978	294.451612903	6.07018721743	182.0	0.967882	0.808518014722
10317.000017133	426.0	5.49947906389	159.0	0.949464	0.752026129438
10317.000018401	315.651162791	6.62227985233	214.0	0.982228	0.855429579944
10317.000026136	363.4	5.90009324326	172.0	0.964406	0.794490021316
10317.000018408	154.666666667	5.05646504486	118.0	0.93828	0.734669081136
10317.000013197	333.666666667	6.07912599563	182.0	0.972366	0.809708614443
10317.000001936	233.235294118	4.72817464398	122.0	0.915686	0.68220369835
10317.000009495	263.4	4.59359226438	116.0	0.91735	0.66981700119
10317.000033748	278.05	4.84502646554	143.0	0.865996	0.676691833923
10317.000006717	305.15625	5.8895168142	180.0	0.96037	0.786122837498
10317.000001786	356.538461538	6.32391071122	192.0	0.975892	0.833743174158
10317.000022553	311.375	6.04336195182	189.0	0.967386	0.799149460279
10317.000009178	293.5625	6.08981935822	182.0	0.968358	0.811132915865
10317.000034127	221.322580645	5.40918546822	150.0	0.94215	0.748280694235
10317.000005085	216.55	5.50539312646	131.0	0.95929	0.782747337286
10317.000009648	294.916666667	5.92797272925	173.0	0.960894	0.797346221996
10317.000013001	275.527777778	5.74732733171	181.0	0.951216	0.76632605766
10317.000034147	245.307692308	5.41019000432	147.0	0.94802	0.751449475086
10317.000028856	300.15	5.34417865604	150.0	0.944938	0.739287964583
10317.000005163	192.866666667	4.12944951256	101.0	0.873718	0.62020401774
10317.000009628	317.035714286	5.90351484789	174.0	0.963812	0.793169375957
10317.000001789	290.714285714	5.95732704375	175.0	0.957522	0.799511241104
10317.000002346	264.772727273	5.06031485938	142.0	0.9332	0.707761376004
10317.000016762	258.55	5.5574840663	148.0	0.946512	0.770860672016
10317.000014291	296.052631579	6.20752217503	193.0	0.970002	0.817590688305
10317.000011191	299.045454545	5.85172376736	159.0	0.968564	0.800193822757
10317.000011969	254.4	5.60952566727	155.0	0.95503	0.770949664248
10317.000013764	297.666666667	5.84599032043	179.0	0.957776	0.781151019002
10317.000016333	266.551724138	5.81453671964	163.0	0.964034	0.791230345933
10317.000038478	315.84	6.23004460695	183.0	0.973158	0.828937389864
10317.000034126	286.8	5.79947112829	159.0	0.956766	0.793048536912
10317.000006036	301.588235294	6.22664857447	189.0	0.97174	0.823386533408
10317.000013902	332.53125	5.84613596936	193.0	0.952528	0.769992630932
10317.000015295	251.473684211	4.60141046606	128.0	0.884634	0.657344352294
10317.000006795	298.837837838	6.10985201873	193.0	0.964788	0.804726584391
10317.000002141	230.12	4.91676077554	139.0	0.913358	0.690659007473
10317.000006017	176.04	4.74107327748	123.0	0.88722	0.682904338743
10317.000021323	367.6	6.24856059972	189.0	0.975926	0.826284089982
10317.000017174	276.4	5.29470390861	145.0	0.924756	0.737433279757
10317.000014451	283.909090909	5.07453186269	123.0	0.931278	0.730935723474
10317.000013984	216.5	5.73273309435	134.0	0.967084	0.811302113493
10317.000015587	222.315789474	4.87707875741	126.0	0.903162	0.698994280133
10317.000003508	304.666666667	5.90867844582	186.0	0.953896	0.783731792082
10317.000036114	310.647058824	5.03399382395	134.0	0.93517	0.71241583403
10317.000010712	280.615384615	6.0939352099	171.0	0.971954	0.821522832608
10317.000013986	240.833333333	5.76562227149	158.0	0.959652	0.789402430094
10317.000014259	327.038461538	5.65274128339	173.0	0.94935	0.760326019044
10317.000006899	388.9375	6.27132550421	205.0	0.975846	0.816634124048
10317.000003879	191.0	5.18392900032	121.0	0.944684	0.74924576806
10317.000003287	305.0	6.5506570711	203.0	0.980694	0.854581865931
10317.000013952	294.714285714	5.81726052192	159.0	0.962804	0.795481147106
10317.000010169	127.230769231	3.82680165556	76.0	0.853614	0.612491365709
10317.000001805	347.260869565	6.04510928768	177.0	0.96889	0.809511060424
10317.000012959	219.0	5.64458000915	152.0	0.962184	0.77878538364
10317.000005009	244.125	5.62923933449	152.0	0.956214	0.776668823474
10317.000033803	277.1875	5.404705032	139.0	0.943136	0.75920069808
10317.000014237	320.103448276	5.76808673201	182.0	0.953108	0.768279769019
10317.000017185	394.387096774	6.09617830517	201.0	0.969442	0.796776515338
10317.000002811	233.4	5.13991969328	134.0	0.940396	0.727406568859
10317.000035361	194.5	5.24314766635	121.0	0.946804	0.757804784766
10317.000044399	265.555555556	5.2593394037	139.0	0.926322	0.738781140338
10317.000005987	212.035714286	5.93412784716	153.0	0.970134	0.817667179401
10317.000003922	257.84375	5.89185532284	164.0	0.968374	0.80079017031
10317.000015542	246.615384615	4.77857152104	115.0	0.914146	0.69806127618
10317.000017114	120.0	4.84754126222	87.0	0.944056	0.752379912278
10317.000014222	188.142857143	5.19813505285	120.0	0.948548	0.752601330641
10317.000001882	338.344827586	6.10639097967	194.0	0.963598	0.803481711761
10317.000012004	351.5	6.34293269977	214.0	0.969378	0.819345055778
10317.000001702	315.326086957	6.09509647006	212.0	0.96174	0.788711077695
10317.000001732	331.028571429	6.04812335116	198.0	0.961268	0.7927435631
10317.000014929	271.315789474	4.8011612852	133.0	0.91901	0.680505894567
10317.000001151	331.785714286	5.9160690232	179.0	0.968304	0.790515052652
10317.000002262	271.024390244	6.16355818371	192.0	0.968078	0.812602327714
10317.000016752	163.2	4.38703258817	103.0	0.887482	0.656102930125
10317.000027295	265.069767442	5.85706615427	184.0	0.96056	0.778496434067
10317.000029188	235.875	5.47496069965	156.0	0.94694	0.751497382735
10317.000014392	310.047619048	5.22362203604	148.0	0.942488	0.724551747701
10317.000002512	229.275862069	5.25418463639	146.0	0.933338	0.730780646087
10317.000012242	329.2	5.97705654609	183.0	0.963168	0.795276111966
10317.000031519	230.64	5.55313223339	150.0	0.95212	0.768193597204
10317.000016177	304.825	5.58406970585	186.0	0.937792	0.740675431537
10317.000015329	306.5	6.16085042482	179.0	0.9723	0.82322315356
10317.000014318	354.130434783	6.14154619934	180.0	0.974782	0.819763297594
10317.000013609	236.1875	4.47136141247	118.0	0.878548	0.649657606882
10317.000014317	257.896551724	5.27617340757	157.0	0.925546	0.723296465875
10317.000029154	240.434782609	5.56191397593	150.0	0.94871	0.769408421218
10317.000009529	167.230769231	4.73773214326	101.0	0.922702	0.711562279981
10317.000011955	239.884615385	5.36003078516	147.0	0.946422	0.744482599824
10317.000003266	205.2	5.10866612927	132.0	0.930276	0.72521015189
10317.000016405	264.285714286	6.26970281313	173.0	0.977564	0.843310871931
10317.000010984	281.652173913	5.8845391958	161.0	0.967816	0.802701666604
10317.000010843	433.954545455	5.7866431705	181.0	0.959202	0.771568277218
10317.000008955	191.9	5.52202493604	123.0	0.963868	0.795392639338
10317.000027648	234.0	4.53065876691	129.0	0.876624	0.646200529786
10317.000015263	125.583333333	3.65576211432	76.0	0.806844	0.585115961485
10317.000014357	209.545454545	5.23949094104	137.0	0.926832	0.738161067716
10317.000017093	170.0	4.82167211227	121.0	0.906314	0.696887905848
10317.000010797	224.647058824	5.00607048038	124.0	0.934902	0.719863267722
10317.000014954	222.724137931	5.6141125571	151.0	0.956734	0.775600806984
10317.000014379	459.5	5.74349668281	187.0	0.952586	0.761041076344
10317.000005915	135.15	4.37992498306	100.0	0.867152	0.659244399329
10317.000001363	223.285714286	4.88364801392	139.0	0.867216	0.686007646928
10317.000013604	220.0	2.46834936792	64.0	0.538814	0.411391561321
10317.000014095	263.176470588	5.14532812566	137.0	0.931544	0.724895022384
10317.000012275	366.083333333	5.54762559645	141.0	0.959516	0.777027199977
10317.000006619	255.066666667	5.37958300413	129.0	0.954174	0.76728122027
10317.000011145	219.4	4.07349304563	113.0	0.799888	0.597270697452
10317.000011389	370.0	6.00191834755	184.0	0.96396	0.797749574285
10317.000023487	193.12	4.88510485185	127.0	0.905636	0.699002039839
10317.000002205	182.090909091	3.63763412866	88.0	0.800632	0.563150806978
10317.000011155	203.576923077	5.35086412182	140.0	0.935062	0.750547300353
10317.000006929	334.5	5.12250331878	137.0	0.937492	0.721679369564
10317.000013648	176.0	4.81431242488	98.0	0.909746	0.727819139212
10317.000012155	289.387096774	6.49245750748	190.0	0.981474	0.857672569122
10317.000013119	288.857142857	6.00673454578	176.0	0.967406	0.805253651065
10317.000006654	225.75	5.94335374034	156.0	0.968306	0.815789377414
10317.000002071	230.785714286	5.1338790272	147.0	0.920266	0.71307120398
10317.000011049	262.625	6.05765260669	162.0	0.97146	0.825310136353
10317.000004159	210.714285714	4.8205217356	132.0	0.882264	0.684306081392
10317.000002568	136.9375	4.53917942752	93.0	0.892964	0.694153416157
10317.000008957A	276.069767442	6.2712349193	195.0	0.97242	0.82436737471
10317.000002749	362.260869565	6.22562638769	192.0	0.97042	0.820785387812
10317.000001127	196.333333333	5.51137158771	145.0	0.948952	0.767610218822
10317.000017661	250.774193548	5.97153029911	166.0	0.97024	0.809694694476
10317.000002201	114.25	3.63033898849	67.0	0.820428	0.598464492445
10317.000011298	224.047619048	4.72525900339	125.0	0.910476	0.678352761195
10317.000001939	306.8125	4.87460964887	138.0	0.886904	0.685741419125
10317.000001726	204.885714286	5.39667359998	156.0	0.92674	0.740751634276
10317.000012381	284.121212121	6.21550696408	181.0	0.974204	0.828751291381
10317.000009447	234.0	5.05061705974	132.0	0.930954	0.716969688828
10317.000029245	239.785714286	5.8266117112	156.0	0.966956	0.799765275295
10317.000014958	263.714285714	5.70930558895	152.0	0.954918	0.787715602613
10317.000015364	305.375	5.79737772579	167.0	0.958852	0.785158437575
10317.000016484	206.2	5.12799476575	139.0	0.936978	0.720331115733
10317.000010908	281.088235294	5.79314087906	181.0	0.944784	0.772434656162
10317.000003125	173.0	5.05470592578	126.0	0.90306	0.724452219375
10317.000001524	330.260869565	5.10050184742	160.0	0.926038	0.696606383089
10317.000014949	196.5	5.04782528449	130.0	0.928698	0.7188209759
10317.000015933	237.25	5.99687971663	161.0	0.969858	0.818025878118
10317.000014012	248.5	5.60569719559	156.0	0.955638	0.769442376302
10317.000004774	216.333333333	5.34075312108	144.0	0.93672	0.744882703794
10317.000008954B	281.8	5.52402316739	154.0	0.94224	0.760174134255
10317.000017636	209.125	5.30623910915	123.0	0.949708	0.764310842285
10317.000016703	310.307692308	5.92569110546	173.0	0.967564	0.797039330552
10317.000003365	160.0	4.85469623601	113.0	0.923978	0.711813614095
10317.000017216	347.64	6.50343437827	191.0	0.982148	0.858264000344
10317.000004163	276.0	5.14917357645	138.0	0.93702	0.724366021071
10317.000018338	248.65625	6.17245272362	171.0	0.975164	0.832107771249
10317.000003411	168.1	4.40033654631	82.0	0.926348	0.6921432248
10317.000013697	291.045454545	5.23680127975	151.0	0.920852	0.723474504169
10317.000017161	175.833333333	4.44359455557	105.0	0.882868	0.661815917199
10317.000001072	177.434782609	4.78598689925	122.0	0.909166	0.690545127617
10317.000002773	200.545454545	3.95253712085	98.0	0.80189	0.597537490532
10317.000010748	211.64	5.55233163443	136.0	0.962352	0.783401868735
10317.000011956	264.25	5.17620326677	140.0	0.939902	0.726048223148
10317.000007641	212.357142857	5.66934268708	147.0	0.959166	0.787444541299
10317.000005007	220.285714286	4.96502257442	136.0	0.893948	0.700535958442
10317.000012948	189.384615385	4.41944047579	128.0	0.840536	0.631348639399
10317.000017079	133.3125	4.40174877243	87.0	0.91329	0.683189100644
10317.000009193	182.25	4.78981983607	121.0	0.898012	0.692284219504
10317.000012984	273.146341463	5.95190998263	184.0	0.965816	0.791102674158
10317.000015581	234.235294118	4.89409016017	123.0	0.924388	0.704944895168
10317.000014802	275.916666667	5.50680442681	154.0	0.952226	0.757804621888
10317.000020067	278.4	5.33689707614	152.0	0.936382	0.736334223299
10317.000017353	325.848484848	6.31216145848	199.0	0.974652	0.826564322868
10317.000001059	318.125	5.16076732323	140.0	0.93883	0.723883076456
10317.000017088	271.04	5.5016907983	154.0	0.951964	0.757100923151
10317.000013213	168.130434783	5.39543713511	127.0	0.946476	0.772024690901
10317.000004602	195.055555556	5.40377349537	127.0	0.950998	0.773217527699
10317.000014399	233.526315789	5.26101413922	134.0	0.943346	0.7445439758
10317.000005008	277.0	5.46694699465	147.0	0.935804	0.759332749159
10317.000010104	305.5	6.16901940158	181.0	0.971504	0.822552822346
10317.000010565	254.541666667	5.54199119216	151.0	0.942328	0.765637097088
10317.000027213	168.0	4.09838429647	99.0	0.853108	0.618217503046
10317.000007746	293.157894737	5.63869432804	151.0	0.958184	0.778996827492
10317.000027194	222.636363636	4.7653188178	131.0	0.91658	0.677524843416
10317.000015224	319.483870968	6.4334889495	196.0	0.976464	0.844876440627
10317.000013933	260.368421053	5.53417661592	144.0	0.95422	0.771859763499
10317.000018033	203.157894737	5.16174780485	125.0	0.932292	0.741014592745
10317.000006084	179.75	5.32630227182	116.0	0.955716	0.776657484995
10317.000023423	269.625	5.63830882556	154.0	0.952538	0.775901258965
10317.000002059	328.5	5.98253803155	179.0	0.96876	0.799396752887
10317.000005851	378.526315789	5.46387695615	163.0	0.947324	0.7435132776
10317.000003047	242.235294118	5.04181684296	131.0	0.925292	0.716836857652
10317.000008982	184.333333333	5.2441300863	126.0	0.946002	0.751600930992
10317.000010765	286.4	5.04782961644	139.0	0.895238	0.709070290774
10317.000012072	210.55	4.95960883942	125.0	0.911116	0.711995754784
10317.000002005	261.307692308	5.767154286	163.0	0.960908	0.78478264061
10317.000017183	261.689655172	5.6912055574	166.0	0.947654	0.771684763232
10317.000008976	284.6	5.21516575036	155.0	0.922724	0.716750492417
10317.000012228	281.75	6.0165041681	161.0	0.9717	0.82070282178
10317.000011224	241.444444444	5.25455204331	152.0	0.912002	0.724973040026
10317.000023828	194.214285714	5.53374334257	145.0	0.950462	0.770726101569
10317.000003149	235.46875	5.57102128866	160.0	0.945656	0.760868068693
10317.000013029	201.076923077	5.11076158145	133.0	0.93478	0.724387950188
10317.000026111	186.058823529	4.34583831871	105.0	0.890042	0.647256390501
10317.000003536	236.483870968	5.91419653767	163.0	0.967008	0.804791851534
10317.000011012	266.896551724	5.81865705485	166.0	0.96302	0.78896622981
10317.000010259	141.217391304	4.92195189638	109.0	0.933882	0.727218949751
10317.000006637	295.90625	5.9754213321	179.0	0.96745	0.798445807585
10317.000012113	161.5625	4.03963695835	94.0	0.856932	0.616306689827
10317.000013079	263.0	5.28160895209	133.0	0.942158	0.748603475534
10317.000001488	160.5625	3.31266768018	93.0	0.6985	0.506589268722
10317.000004162	299.4	5.7021942806	143.0	0.964242	0.796410160517
10317.000012906	276.214285714	4.95336484472	123.0	0.933912	0.713482822529
10317.000012976	238.176470588	5.80998248811	163.0	0.96465	0.790610615357
10317.000009533	213.0	3.83501043416	84.0	0.819288	0.599940550589
10317.000014309	259.884615385	5.46578034194	156.0	0.937902	0.750237279664
10317.000013778	275.023809524	6.05870463422	188.0	0.969814	0.801989989552
10317.000010732	369.125	5.36399061699	167.0	0.945598	0.726463358298
10317.000002371	322.486486486	5.71549822287	186.0	0.948712	0.758108214201
10317.000006021	187.473684211	4.85423943206	123.0	0.903012	0.699204795082
10317.000002329	285.111111111	5.60505686236	171.0	0.929028	0.755617188548
10317.000010761	283.857142857	5.80737487844	171.0	0.949668	0.782891661271
10317.000009129	254.647058824	5.84629269057	147.0	0.962278	0.812022049137
10317.000014323	258.935483871	5.50695217373	167.0	0.94275	0.745825124571
10317.000006894	244.434782609	5.73290666367	154.0	0.957582	0.788919095334
10317.000014241	204.176470588	4.85216564024	120.0	0.916864	0.702510858262
10317.000001685	254.2	4.9798781053	124.0	0.930556	0.716096854767
10317.000011302	210.956521739	4.92839306514	134.0	0.90302	0.697471109167
10317.000012231	266.461538462	5.1924729853	121.0	0.946938	0.750480650829
10317.000015577	316.12	6.17864770567	180.0	0.973284	0.824715544502
10317.000001579	287.4	5.5962895009	161.0	0.952808	0.763381933521
10317.000002202	298.730769231	6.07418391187	171.0	0.972332	0.818860161979
10317.000017662	331.5	5.89748760215	182.0	0.96171	0.78551530573
10317.000003432	183.0	4.52154881662	108.0	0.867634	0.669374407074
10317.000011116	401.636363636	6.24794457585	190.0	0.975834	0.82537169784
10317.000006737	342.5	6.0713317538	183.0	0.963116	0.807819881639
10317.000006841	386.230769231	6.06403491571	192.0	0.966604	0.799481199166
10317.000013563	282.04	5.21668781557	165.0	0.888592	0.708180780564
10317.000013295	320.44	6.00674669986	181.0	0.94906	0.800916017515
10317.000016699	337.25	6.35071054236	191.0	0.977552	0.838108900325
10317.000017217	358.434782609	6.50972879159	192.0	0.98176	0.858241394202
10317.000016702	305.103448276	6.16452135461	182.0	0.973936	0.821082841238
10317.000006728	173.214285714	4.33061117434	96.0	0.882312	0.657651607563
10317.000002498	247.03030303	6.0863081067	178.0	0.961064	0.814141938434
10317.000013286	220.565217391	5.2044152158	141.0	0.930938	0.728955498591
10317.000022964	259.615384615	5.36843574773	150.0	0.944772	0.742643573948
10317.000002466	287.0	5.40945348741	154.0	0.928962	0.744407924619
10317.000017644	254.625	5.53880962271	154.0	0.952536	0.762208933989
10317.000017173	330.555555556	5.35039907633	155.0	0.93979	0.735336393157
10317.000013332	375.96875	6.58592283484	215.0	0.97857	0.849994697175
10317.000002173	195.875	4.76411443782	113.0	0.918274	0.698532174019
10317.000011329	292.666666667	5.66047039843	161.0	0.955576	0.772136758954
10317.000007039	306.375	6.00024090234	178.0	0.964716	0.802629060781
10317.000002886	291.0	5.63960380852	149.0	0.960022	0.781198526192
10317.000006887	282.529411765	5.98933693536	180.0	0.961748	0.799446660038
10317.000009126	226.434782609	5.06090616204	136.0	0.913048	0.714064577889
10317.000022636	219.235294118	4.79070614657	122.0	0.905936	0.691226043238
10317.000014233	334.035714286	6.32756566671	191.0	0.976382	0.835054450567
10317.000023088	338.0	5.66361545682	168.0	0.955894	0.766148845201
10317.000004974	308.730769231	6.08455109414	181.0	0.96683	0.811290149924
10317.000002414	135.272727273	3.80410361156	78.0	0.851684	0.60522834961
10317.000006027	347.4	5.41955088826	156.0	0.944524	0.743891788738
10317.000017098	258.84	6.04647047542	165.0	0.97162	0.820826227737
10317.000003841	146.875	4.66575225857	111.0	0.912532	0.686703956653
10317.000014559	311.2	5.1274354514	136.0	0.936916	0.723451475689
10317.000003761	335.15	6.01307931607	165.0	0.971562	0.816293279221
10317.000014799	300.391304348	5.84326408086	163.0	0.965838	0.795139506895
10317.000002208	241.028571429	5.83721106319	174.0	0.96038	0.78426110133
10317.000016313	195.333333333	5.61786658642	137.0	0.954098	0.791468187346
10317.000022899	367.0	5.79143834298	181.0	0.95289	0.772207646687
10317.000004793	245.2	5.95927874901	167.0	0.962808	0.807085239733
10317.000003837	248.0	5.23633177605	136.0	0.938448	0.738816117042
10317.000010285	177.111111111	4.61326078096	86.0	0.932116	0.717875929027
10317.000005848	171.529411765	4.51407829402	131.0	0.85732	0.641803897339
10317.000005907	259.368421053	5.5080738957	143.0	0.945764	0.769297887715
10317.000013421	238.275	5.8242352763	183.0	0.945458	0.774942507235
10317.000020072	178.25	5.04698404068	123.0	0.93011	0.726967734356
10317.000001477	147.0	5.09340713159	110.0	0.928762	0.751089360652
10317.000014132	346.444444444	5.89570109168	188.0	0.949244	0.780413230612
10317.000003382	307.30952381	6.06152642624	201.0	0.962748	0.792247480596
10317.000003221	206.5	4.25470955233	83.0	0.864406	0.66740129189
10317.000014607	205.75	3.55766595685	106.0	0.757006	0.528791322798
10317.000017125	389.590909091	6.53794013823	238.0	0.972986	0.828130595822
10317.000013826	225.5	4.91117375593	143.0	0.896764	0.685930448317
10317.000004872	231.647058824	5.29091916852	131.0	0.944932	0.75225379838
10317.000001118	393.37037037	6.03283284142	195.0	0.964152	0.793028906673
10317.000014293	243.375	5.26770196541	129.0	0.948172	0.751323808729
10317.000016721	229.0	6.35703307525	168.0	0.98024	0.859951313191
10317.000016763	238.0	5.96443257327	151.0	0.96788	0.823998213427
10317.000012173	160.235294118	5.10445473114	112.0	0.94302	0.749844071535
10317.000004641	234.44	5.37828333404	146.0	0.938242	0.748040969566
10317.000013509	289.375	5.74600316096	161.0	0.96181	0.783804162084
10317.000012951	264.777777778	5.54044897762	162.0	0.94336	0.754844986674
10317.000023799	257.6	5.93461310942	170.0	0.962902	0.800958292061
10317.000004705	312.75	5.11294738682	153.0	0.88208	0.704516211293
10317.000014605	327.681818182	5.80331291103	173.0	0.955082	0.780578763771
10317.000015455	226.03030303	5.69275576857	157.0	0.962022	0.780404624796
10317.000007651	170.666666667	3.95041425219	89.0	0.865194	0.61003348799
10317.000001827	203.44	5.08603463104	135.0	0.90871	0.718689721569
10317.000012872	193.8	4.86034606177	114.0	0.932156	0.71131630272
10317.000014666	354.888888889	6.16467259284	193.0	0.968062	0.811946984037
10317.000017146	237.545454545	4.71643291627	134.0	0.890922	0.667474297188
10317.000006636	274.12	5.92476905345	169.0	0.95616	0.800549327206
10317.000017276	122.461538462	3.12409317609	74.0	0.703022	0.50311887249
10317.000004161	314.25	5.76732075552	150.0	0.962678	0.797823406901
10317.000023299	199.476190476	4.82811941925	118.0	0.927172	0.701492055395
10317.000013733	239.8	5.46660439246	154.0	0.94245	0.752272598327
10317.000010304	330.285714286	6.30695873785	200.0	0.971606	0.825101700145
10317.000012034	121.0	4.72598785889	88.0	0.928576	0.731641441215
10317.000015874	290.84	5.43427969487	158.0	0.947332	0.744036531522
10317.000023823	200.181818182	4.14096821635	117.0	0.857444	0.602729023183
10317.000014391	328.884615385	6.18178779417	185.0	0.972122	0.82080396891
10317.000018411	168.066666667	4.26946445773	105.0	0.829184	0.635881492045
10317.000002963	198.909090909	4.33333868684	92.0	0.896572	0.664259604803
10317.000014646	278.037037037	5.36043952659	161.0	0.935622	0.731209972192
10317.000001793	252.576923077	5.54956868549	157.0	0.948342	0.760775491493
10317.000013214	204.4	4.54915981915	109.0	0.898828	0.672138878147
10317.000023154	285.058823529	5.37157897959	143.0	0.946396	0.750234009373
10317.000009222	243.84	5.73573774375	150.0	0.965026	0.793454364998
10317.000010738	275.5	5.52685794346	136.0	0.958632	0.779807678326
10317.000027198	219.2	4.3229872476	109.0	0.88619	0.638721855103
10317.000007734	312.323529412	5.82693407921	181.0	0.962484	0.776940508771
10317.000006818	111.153846154	3.547692548	73.0	0.787294	0.573149127936
10317.000026639	405.75	5.92823921101	208.0	0.950962	0.769857232574
10317.000005041	175.2	4.57142899399	100.0	0.921748	0.688068625119
10317.000013312	231.483870968	5.38800439037	158.0	0.931722	0.737700730094
10317.000001285	364.774193548	5.74156561215	192.0	0.944014	0.756966908091
10317.000018306	187.166666667	4.90178100793	123.0	0.911034	0.706052685113
10317.000017215	357.107142857	6.53131114486	201.0	0.981436	0.853648806528
10317.000016698	318.578947368	6.4478155277	206.0	0.977312	0.838849292327
10317.000009098	213.115384615	4.98650426976	138.0	0.892166	0.701482325915
10317.000012013	243.24	5.05246215336	141.0	0.92514	0.70767221972
10317.000014909	129.05	4.23374198452	92.0	0.873226	0.648992377637
10317.000014979	278.12	5.84580017203	158.0	0.968902	0.80038001873
10317.000014538	221.666666667	4.22096852737	120.0	0.834114	0.611124277842
10317.000004278	127.476190476	4.27514453823	94.0	0.866638	0.652236873276
10317.000009556	260.0	5.39206075037	145.0	0.94615	0.750992900156
10317.000022663	247.545454545	5.60188234943	144.0	0.95286	0.78130278187
10317.000001141	220.037037037	5.17422272913	143.0	0.932402	0.72266979192
10317.000002359	287.866666667	5.42013292447	136.0	0.95282	0.76474939564
10317.000004823	180.571428571	4.96305088341	113.0	0.926046	0.727700975408
10317.000014236	280.0	5.42367690364	142.0	0.944656	0.75858303979
10317.000001799	289.928571429	4.94489892533	132.0	0.906962	0.70196227547
10317.000023213	257.428571429	5.50646369488	131.0	0.955142	0.782899548864
10317.000013652	307.588235294	5.61565556798	153.0	0.953266	0.773784685303
10317.000010205	205.125	5.18985003713	119.0	0.935292	0.752717506871
10317.000005989	334.045454545	5.76185389345	164.0	0.962676	0.78312105573
10317.000011072	158.666666667	3.7764982849	72.0	0.882292	0.612081716393
10317.000017111	220.0	4.61179051862	114.0	0.89953	0.674939960845
10317.000011369	325.6	5.93450203394	183.0	0.9587	0.789614029515
10317.000013178	134.866666667	3.5731758414	88.0	0.719514	0.55317186594
10317.000013905	152.125	4.1414889495	93.0	0.854702	0.633336652179
10317.000012914	370.607142857	5.32252845339	183.0	0.923024	0.708188002171
10317.000003423	134.476190476	4.17772400373	101.0	0.826778	0.627454386896
10317.000013306	295.0	5.28498509884	135.0	0.934002	0.746802714633
10317.000002489	230.230769231	5.39825081699	116.0	0.96315	0.787148698841
10317.000004759	161.25	3.94339143706	106.0	0.852166	0.586123374034
10317.000004734	288.714285714	6.04356159071	173.0	0.969562	0.812893584678
10317.000002687	197.0	4.68763413949	120.0	0.878024	0.678689502114
10317.000004158	259.2	5.05907877219	129.0	0.924502	0.721568220211
10317.000004157	279.0	5.18801313152	141.0	0.927138	0.726658143551
10317.000001321	216.12	5.7588382337	150.0	0.96053	0.796649975641
10317.000003022	214.0	5.86065928581	155.0	0.967474	0.80546441476
10317.000003757	231.55	5.44638983075	137.0	0.953878	0.767309835612
10317.000013103	142.142857143	3.64026572582	95.0	0.767732	0.554086108256
10317.000002087	302.647058824	5.14619760133	135.0	0.928784	0.727191139963
10317.000023258	208.791666667	5.2475525698	130.0	0.951888	0.747262562929
10317.000009214	233.916666667	4.70148693124	139.0	0.878644	0.660419419575
10317.000013829	229.833333333	5.23510214059	138.0	0.929576	0.736454122431
10317.000016757	229.5	5.48469792511	141.0	0.949522	0.768213246798
10317.000003092	261.870967742	5.88715164935	165.0	0.96806	0.799198226486
10317.000014593	255.285714286	5.82227457952	164.0	0.958646	0.791333119475
10317.000006047	283.315789474	5.24812237495	145.0	0.934238	0.730945518829
10317.000001065	246.588235294	5.11341006913	128.0	0.94037	0.730487152732
10317.000010098	272.24	5.19109524659	149.0	0.920172	0.719071071949
10317.000009117	263.9	5.7707903315	150.0	0.963808	0.79830337135
10317.000006702	145.076923077	3.91189573666	82.0	0.848478	0.615314783712
10317.000026135	300.0	6.05461951436	167.0	0.971978	0.819997561458
10317.000009624	228.047619048	5.5210635192	138.0	0.956426	0.776682074145
10317.000020358	203.5	4.9941756134	121.0	0.923026	0.721820253144
10317.000009075	289.176470588	5.59218739604	143.0	0.962646	0.781045794401
10317.000001765	299.615384615	6.07591373645	175.0	0.972094	0.815426330734
10317.000012996	189.217391304	5.3708561545	127.0	0.94492	0.768507436695
10317.000016353	340.260869565	5.52144636787	170.0	0.94036	0.745195713853
10317.000008949A	291.607142857	5.84393523578	173.0	0.960282	0.786042698686
10317.000005571	121.166666667	3.18274991067	67.0	0.700026	0.524679049507
10317.000004792	210.8	5.31871141504	131.0	0.941982	0.756205252247
10317.000011039	256.078947368	5.71533796082	175.0	0.944796	0.767034764556
10317.000006626	294.0	5.3953592419	144.0	0.948328	0.752498699891
10317.000017126	203.391304348	5.22178314479	134.0	0.93607	0.738991966283
10317.000014608	193.384615385	4.88276694378	132.0	0.896022	0.693142215079
10317.000013258	234.636363636	5.3754312288	143.0	0.938202	0.750772042674
10317.000015264	231.315789474	5.26915202605	135.0	0.93694	0.744565398631
10317.000007732	168.75	5.11400218459	117.0	0.939786	0.744356725345
10317.000027644	263.75	5.49517267695	165.0	0.9287	0.745985923115
10317.000007697	337.2	5.98202886693	177.0	0.965574	0.801063851969
10317.000004881	182.75	5.04068385183	119.0	0.930782	0.731082970555
10317.000006651	218.636363636	3.89228096104	127.0	0.734114	0.556940416615
10317.000023808	351.416666667	5.96132849549	177.0	0.968228	0.798291829356
10317.000004642	155.0	3.01111416696	77.0	0.730584	0.480487750365
10317.000002345	258.037037037	5.49683494006	158.0	0.933444	0.752601307402
10317.000001353	247.033333333	5.50590824797	157.0	0.950336	0.754790199176
10317.000011077	381.5	5.17997066354	133.0	0.93835	0.734197491156
10317.000028759	244.066666667	5.08451945501	118.0	0.941138	0.738745191134
10317.000004631	267.033333333	6.03318750579	177.0	0.965876	0.807914593952
10317.000009433	155.4	4.83618961093	98.0	0.927772	0.731126493059
10317.000009061	282.363636364	6.12607424721	189.0	0.96264	0.810086995834
10317.000013995	458.636363636	6.23116769008	196.0	0.974446	0.818306648269
10317.000015155	190.045454545	5.23414346667	125.0	0.948532	0.751407630896
10317.000022965	337.0	5.66891329612	167.0	0.95506	0.767760066163
10317.000016701	295.153846154	6.29979665378	197.0	0.974616	0.826522411944
10317.000010714	314.954545455	5.83747087297	164.0	0.965694	0.793398520229
10317.000002529	240.0	5.56222406126	165.0	0.946474	0.755088346597
10317.000021223	301.588235294	5.63775133765	147.0	0.95911	0.783056654195
10317.000012401	371.454545455	6.3768364511	206.0	0.97495	0.829615041143
10317.000022638	158.117647059	4.35450341761	105.0	0.872594	0.648546944874
10317.000013972	192.115384615	5.4958109531	135.0	0.95444	0.776593776922
10317.000017163	229.888888889	5.18581072941	143.0	0.936722	0.724288256797
10317.000001126	227.772727273	5.47768792406	139.0	0.949088	0.769452628994
10317.000009472	390.434782609	5.81123000541	188.0	0.945516	0.76923180328
10317.000001026	327.243243243	6.34668601115	204.0	0.973678	0.827207268663
10317.000010919	246.076923077	4.87746561859	145.0	0.889758	0.679321361516
10317.000014311	292.714285714	5.22106998081	146.0	0.939178	0.726174879241
10317.000005039	224.647058824	4.82525421002	124.0	0.91663	0.693862237224
10317.000001025	181.714285714	4.79104792479	121.0	0.881136	0.692461718129
10317.000004249	236.884615385	5.40717986579	144.0	0.949126	0.754147339714
10317.000017176	185.928571429	4.87801660722	112.0	0.915302	0.716580325703
10317.000002258	251.473684211	4.81197164019	128.0	0.904852	0.687424520028
10317.000013118	335.038461538	6.10312596214	181.0	0.97079	0.813766849884
10317.000013431	321.5	6.34207892207	188.0	0.97772	0.839500209288
10317.000021159	379.555555556	5.54250829324	162.0	0.947258	0.755125553119
10317.000014197	286.6	6.21822906041	187.0	0.972588	0.823945411382
10317.000015541	211.0	4.58391719535	109.0	0.89972	0.677274284415
10317.000022661	437.315789474	5.8492940487	182.0	0.959148	0.779096169917
10317.000014258	250.161290323	6.02246468003	170.0	0.970696	0.812815079125
10317.000014324	276.571428571	5.13638513935	128.0	0.93964	0.733769305621
10317.000002369	330.571428571	3.8442646044	127.0	0.748114	0.550069830976
10317.000010757	196.111111111	5.64093593269	137.0	0.962708	0.794718291881
10317.000010305	305.545454545	6.22810080087	176.0	0.975644	0.834929672833
10317.000002372	202.032258065	4.99286746203	143.0	0.885932	0.697340388839
10317.000013056	271.25	5.50614833055	147.0	0.950616	0.76477762693
10317.000013852	224.333333333	5.6231590106	152.0	0.9581	0.7758299183
10317.000012017	333.64	5.79931597114	177.0	0.955902	0.776596451466
10317.000021237	132.75	2.19975488564	71.0	0.46708	0.357698429365
10317.000016489	215.333333333	4.26843741781	117.0	0.831152	0.621282507119
10317.000012355	293.05	5.80165500357	158.0	0.960292	0.794335865712
10317.000018409	277.526315789	5.24293180604	143.0	0.9255	0.732266204158
10317.000004077	169.0	4.59865966059	87.0	0.929938	0.71375135659
10317.000004294	307.375	5.84314929575	169.0	0.960388	0.789520940863
10317.000022993	373.357142857	6.08613757286	193.0	0.969742	0.801603162584
10317.000010847	281.5	5.65756063062	163.0	0.958616	0.769869358599
10317.000008963	127.352941176	3.93101606384	86.0	0.835594	0.611710879319
10317.000013372	206.55	4.68722048253	121.0	0.913334	0.677455287348
10317.000016407	287.619047619	5.75679727437	159.0	0.957132	0.787213101806
10317.000006657	200.956521739	5.4636083235	134.0	0.955518	0.773215307115
10317.000017327	325.230769231	5.73838043682	178.0	0.946024	0.767600997255
10317.000010764	193.565217391	5.08147340705	129.0	0.911298	0.724762330748
10317.000005805	370.333333333	5.63289862328	171.0	0.946674	0.759370533719
10317.000018032	274.541666667	5.87851775975	162.0	0.966464	0.800904345108
10317.000012988	122.0	3.76929405863	78.0	0.821276	0.599690191237
10317.000013732	193.352941176	4.24293303645	106.0	0.885798	0.630645541235
10317.000011093	335.454545455	6.48521396248	203.0	0.979132	0.846044326373
10317.000003078	324.0	6.65884753406	208.0	0.983352	0.864736012201
10317.000004979	272.333333333	5.47315402655	154.0	0.932016	0.753173909252
10317.000014188	256.307692308	5.56252347792	158.0	0.942362	0.761595079276
10317.000012921	226.903225806	5.53809636628	149.0	0.959134	0.767137704374
10317.000011223	390.848484848	6.51051036393	219.0	0.977054	0.837387611264
10317.000013608	178.0	4.85454477822	125.0	0.91248	0.696912878699
10317.000009594	258.833333333	4.85856739839	136.0	0.906352	0.685515749036
10317.000022994	368.454545455	6.36091240555	203.0	0.977916	0.829828265098
10317.000002494	179.5	4.34655766847	109.0	0.83036	0.642204387454
10317.000005887	233.2	4.82503668114	123.0	0.911262	0.694998429954
10317.000009427	160.333333333	4.29199895903	92.0	0.87525	0.657922617727
10317.000004078	319.217391304	5.35383178989	164.0	0.930416	0.727664824732
10317.000014803	199.0	5.27200618823	140.0	0.93348	0.739486169325
10317.000002244	201.1	5.47595660403	146.0	0.944378	0.761625900492
10317.000002506	222.230769231	3.96298678796	108.0	0.83693	0.586684350656
10317.000028817	256.666666667	5.68288351644	162.0	0.95383	0.774250633761
10317.000027879	318.565217391	5.58368435931	167.0	0.93667	0.756217223515
10317.000002325	263.166666667	4.45230537807	129.0	0.867292	0.635025112704
10317.000026127	248.9	5.30381924438	135.0	0.94938	0.749464101706
10317.000031851	286.2	5.37997567733	170.0	0.931988	0.7261022834
10317.000036428	309.0	5.33524268264	151.0	0.94491	0.737074379614
10317.000042001	167.0	5.26622570446	120.0	0.947796	0.762459696091
10317.000026648	155.0	4.44565227204	112.0	0.844164	0.653066032687
10317.000027761	380.085714286	6.43949812621	215.0	0.975964	0.831096779755
10317.000030744	220.5	5.23118904579	129.0	0.938854	0.746116030078
10317.000039842	257.166666667	5.62995422164	138.0	0.964656	0.79200040119
10317.000041636	210.666666667	5.07015328622	122.0	0.92919	0.731546015853
10317.000021239	207.076923077	4.9160372291	109.0	0.937854	0.72634505699
10317.000036165	387.636363636	5.83096756983	176.0	0.963198	0.781690598954
10317.000027762	148.5	4.43612838201	89.0	0.87836	0.685038757278
10317.000023342	273.315789474	5.15492051941	135.0	0.932656	0.728423744933
10317.000041617	289.9375	6.10943252891	181.0	0.968144	0.814607742732
10317.000029227	245.214285714	5.30833229367	123.0	0.950864	0.764612344646
10317.000030751	173.714285714	4.34624521675	113.0	0.866106	0.637262634999
10317.000042989	316.8125	5.22736716923	148.0	0.932224	0.725071223035
10317.000011074	277.916666667	5.7453541804	156.0	0.964696	0.788611803137
10317.000026658	243.8	6.0009529439	158.0	0.971084	0.821622821221
10317.000036106	182.0	3.84035143712	83.0	0.856358	0.60240434251
10317.000014136	249.625	5.7890312838	149.0	0.967558	0.801897236142
10317.000031222	244.375	5.27325265037	130.0	0.936164	0.750922308654
10317.000005898	313.666666667	6.33907457588	182.0	0.978634	0.844332441106
10317.000030756	219.647058824	4.00733454542	112.0	0.83623	0.588677186852
10317.000038402	231.65	5.4146166869	134.0	0.954244	0.76628196177
10317.000033785	379.774193548	6.27842899651	207.0	0.972478	0.816070662262
10317.000028955	492.714285714	6.28936655938	202.0	0.972846	0.821257884239
10317.000035491	279.885714286	5.85604634193	185.0	0.955218	0.777552746815
10317.000031319	193.636363636	5.49075947296	131.0	0.953078	0.78066674957
10317.000036399	133.555555556	4.01273448605	88.0	0.87767	0.621220987072
10317.000002326	186.769230769	5.01647841253	114.0	0.914156	0.734166421841
10317.000036934	154.0	4.51601870439	89.0	0.909134	0.697375633591
10317.000036101	183.724137931	5.53311801731	138.0	0.95409	0.778377854779
10317.000039907	266.153846154	6.60315152967	195.0	0.982572	0.867998530015
10317.000040048	222.0	5.61428810142	155.0	0.951554	0.771604193209
10317.000043083	301.2	4.57335345908	155.0	0.862664	0.628542504821
10317.000036085	216.833333333	4.69231774357	125.0	0.89829	0.673623751729
10317.000042009	224.115384615	5.54087159458	149.0	0.942482	0.767522129297
10317.000040002	170.875	5.02067947125	109.0	0.938592	0.741805960111
10317.000036124	160.714285714	3.3202989736	100.0	0.677226	0.499754792814
10317.000040003	249.125	5.82210341898	167.0	0.961118	0.788507121678
10317.000037487	250.75	5.31592373345	162.0	0.901608	0.72425509123
10317.000033728	236.230769231	4.85068955675	146.0	0.89077	0.674660350475
10317.000036081	202.6	5.51887840383	141.0	0.949586	0.773000729517
10317.000037612	160.0	4.4306499509	109.0	0.871736	0.654629031701
10317.000043003	195.142857143	5.32126581214	132.0	0.932646	0.7553901332
10317.000028718	233.272727273	4.78093427892	108.0	0.925958	0.707774078753
10317.000030771	85.75	3.54407828868	67.0	0.814398	0.584244342179
10317.000034241	278.772727273	5.64566803363	156.0	0.957072	0.774928804756
10317.000009144	149.6	4.32279856886	83.0	0.889952	0.678081855872
10317.000004765	238.25	5.70771762835	152.0	0.963678	0.787496510936
10317.000009566	155.041666667	4.19821938806	110.0	0.85054	0.619082243887
10317.000006675	347.032258065	6.44176918588	203.0	0.977102	0.840376632606
10317.000031829	128.375	3.74588292349	89.0	0.770952	0.578449215586
10317.000033666	263.375	4.79335259283	104.0	0.927566	0.715378810118
10317.000031926	272.142857143	5.53982132544	140.0	0.963456	0.777051677184
10317.000027821	170.111111111	4.95321498346	121.0	0.927334	0.715900114454
10317.000013063	162.130434783	4.77807936057	111.0	0.910512	0.703236224358
10317.000010852	153.142857143	4.51317925617	106.0	0.90227	0.670813409084
10317.000016754	322.25	5.78261289034	177.0	0.944818	0.774359712971
10317.000014234	205.4	4.73685891794	110.0	0.917188	0.698511672887
10317.000022526	310.833333333	4.87768914527	121.0	0.92894	0.704984182804
10317.000033713	180.25	3.63060628575	94.0	0.735684	0.55390297819
10317.000009621	223.9375	4.78452272031	117.0	0.89769	0.696400106194
10317.000001325	161.0	4.257912766	116.0	0.789816	0.620869723761
10317.000014018	232.666666667	5.52351689407	146.0	0.952826	0.768240844938
10317.000013201	207.391304348	5.3879082626	133.0	0.945652	0.763670102771
10317.000010207	202.291666667	5.33912924551	131.0	0.950984	0.759108224308
10317.000006777	196.5	5.10844122039	129.0	0.937334	0.728608706335
10317.000014165	244.473684211	5.2718647265	135.0	0.939006	0.74494872082
10317.000002125	175.222222222	5.1202714899	128.0	0.937318	0.731467355701
10317.000014678	178.166666667	2.15419670885	61.0	0.565498	0.363225782265
10317.000002711	126.0	3.27181130828	64.0	0.735492	0.545301884713
10317.000021226	179.75	4.97762762063	116.0	0.9335	0.725815312724
10317.000013755	173.260869565	4.6744310238	120.0	0.902408	0.676777916067
10317.000016381	136.882352941	3.88501531969	91.0	0.818114	0.596978782288
10317.000001221	318.235294118	5.37424709141	155.0	0.93072	0.738613964257
10317.000009497	187.090909091	4.18920890537	93.0	0.883244	0.640634220146
10317.000002161	208.0	5.17279170227	121.0	0.949522	0.747636067498
10317.000043152	261.833333333	5.16432697251	139.0	0.932818	0.725434712798
10317.000039986	267.037037037	6.16336640036	175.0	0.971316	0.827163035359
10317.000006736	286.375	5.60542706008	158.0	0.956404	0.767469240021
10317.000023343	122.375	4.0039347459	68.0	0.890742	0.657734568623
10317.000036151	217.535714286	5.80198792326	150.0	0.964856	0.802619096104
10317.000038424	288.625	5.3750455945	142.0	0.933404	0.751781217526
10317.000036191	243.473684211	5.19909936222	134.0	0.93839	0.735781734717
10317.000005799	57.0	1.66492041812	37.0	0.401172	0.319595992376
10317.000016719	273.368421053	5.97746571356	157.0	0.968006	0.819434747786
10317.000016723	218.181818182	5.45204973555	135.0	0.953486	0.770410032702
10317.000004927	160.875	3.32587865355	73.0	0.795536	0.537313880534
10317.000016717	213.714285714	5.8050231652	143.0	0.967704	0.810771994655
10317.000009694	233.0	5.76586471636	153.0	0.958746	0.7944820976
10317.000002382	396.913043478	6.07923563474	186.0	0.968402	0.806354632798
10317.000001575	246.6	5.39539891559	150.0	0.935818	0.74637352887
10317.000001305	232.047619048	5.16971234209	142.0	0.922954	0.723062264396
10317.000012154	215.333333333	4.90141320686	117.0	0.930326	0.713413829821
10317.000010555	327.235294118	5.13673230507	146.0	0.91066	0.714444735474
10317.000001404	263.260869565	5.67511346636	149.0	0.96132	0.786117327816
10317.000001155	174.0	4.79909762563	108.0	0.899072	0.710462997954
10317.000006034	233.161290323	5.52830808665	153.0	0.952254	0.761749021339
10317.000013758	153.0	5.28214515516	112.0	0.954314	0.775946783389
10317.000001782	354.161290323	5.55675058511	188.0	0.939654	0.735546393616
10317.000015538	359.363636364	4.77410806951	127.0	0.915686	0.683119683242
10317.000014556	190.5	3.62298261446	87.0	0.795362	0.562317924532
10317.000010979	217.055555556	4.66434221835	122.0	0.900684	0.672993650051
10317.000013061	229.03030303	5.90056935156	166.0	0.965524	0.800072922524
10317.000005228	34.25	0.739882705285	23.0	0.170442	0.163561970074
10317.000002067	173.954545455	4.47802406902	116.0	0.875914	0.652965365784
10317.000010822	243.333333333	5.21603798084	115.0	0.945308	0.761967067663
10317.000012156	296.794117647	5.79928136808	179.0	0.961072	0.774909690548
10317.000008991	214.047619048	5.04641421195	124.0	0.939166	0.725664618414
10317.000001405	180.214285714	4.83424163067	103.0	0.932564	0.722985306143
10317.000010776	299.652173913	6.32979287943	179.0	0.976258	0.845797527334
10317.000013965	186.045454545	5.06625237965	121.0	0.934228	0.732237682103
10317.000003281	99.0	4.40302504309	74.0	0.915844	0.709084163103
10317.000018434	204.2	4.89679140877	131.0	0.903168	0.69621739055
10317.000002882	161.285714286	4.60514573607	112.0	0.901458	0.67649561229
10317.000002184	179.058823529	3.66584192113	107.0	0.70309	0.543775105407
10317.000002272	229.375	4.60101516451	115.0	0.903328	0.672123563144
10317.000002126	240.625	4.84222290233	140.0	0.9063	0.679201946509
10317.000012202	185.526315789	4.81516423259	113.0	0.9291	0.706017284755
10317.000001794	215.142857143	4.75495003213	128.0	0.901206	0.679278576019
10317.000013182	247.037037037	5.79600061104	155.0	0.965648	0.796577997875
10317.000002276	281.5625	5.11540493822	170.0	0.878324	0.690394795241
10317.000006839	184.571428571	4.2430129774	104.0	0.86102	0.633243959485
10317.000009198	271.111111111	5.06181874991	157.0	0.898324	0.693911160587
10317.000002793	195.5	5.49957065722	128.0	0.954956	0.785652951032
10317.000002922	226.888888889	4.98615596181	140.0	0.92534	0.699390941552
10317.000023223	386.588235294	4.77171495342	151.0	0.90201	0.659221903894
10317.000002709	170.5	2.71775477426	88.0	0.556932	0.420742092294
10317.000012211	214.647058824	4.27671525646	114.0	0.84728	0.625901375201
10317.000014897	218.0	4.35463455937	108.0	0.884292	0.644664260948
10317.000014594	144.583333333	3.61902854323	86.0	0.744994	0.563162067137
10317.000003838	173.75	4.37325099255	110.0	0.8786	0.644892938481
10317.000016737	331.5	5.82066645141	172.0	0.957224	0.783794632116
10317.000011192	212.375	4.87749822532	123.0	0.929774	0.702554992369
10317.000003578	219.285714286	5.73244855886	135.0	0.969172	0.810032207318
10317.000013798	215.125	5.25663174607	129.0	0.93899	0.749744881255
10317.000015605	182.0	5.2890752477	129.0	0.947746	0.754372245402
10317.000009219	237.545454545	4.63306930833	134.0	0.86698	0.655676596127
10317.000007005	120.375	3.31128754949	66.0	0.756872	0.547827868949
10317.000004636	159.157894737	5.47832053394	116.0	0.961954	0.798824105496
10317.000003088	294.315789474	5.55116963909	156.0	0.93208	0.761957881298
10317.000006703	118.866666667	2.73697600308	72.0	0.671548	0.443599557926
10317.000007865	209.0	4.65305526836	110.0	0.9143	0.686153730952
10317.000017746	131.1875	4.79650932272	94.0	0.92979	0.731778824158
10317.000002805	202.588235294	4.22075081525	112.0	0.81839	0.620028023157
10317.000010918	283.935483871	6.19508202617	182.0	0.973544	0.825153367009
10317.000014668	200.333333333	5.38496453479	127.0	0.954056	0.770526182843
10317.000026105	103.545454545	4.08473617518	74.0	0.888222	0.657825405017
10317.000001301	115.15	3.24045545609	80.0	0.706056	0.512573918503
10317.000026638	185.4	4.07728909725	97.0	0.869046	0.617779233566
10317.000003491	275.181818182	6.05071734813	177.0	0.967488	0.810262045517
10317.000004703	233.647058824	5.04272879573	126.0	0.928664	0.722735629217
10317.000009097	156.230769231	4.13902798488	111.0	0.82527	0.60918084296
10317.000018414	135.0	4.53196757433	96.0	0.91474	0.688229822696
10317.000012201	315.555555556	4.59538868985	140.0	0.871854	0.644579360775
10317.000005017	295.3	5.51215617809	149.0	0.954878	0.763544466717
10317.000009019	151.909090909	4.19842062915	88.0	0.871254	0.649967501326
10317.000005885	239.0	5.0767262351	135.0	0.925658	0.717374384775
10317.000016414	124.625	4.31333360244	83.0	0.902096	0.676597164439
10317.000004864	174.0	5.6618608074	132.0	0.966612	0.803739925886
10317.000009221	199.322580645	5.51132875215	146.0	0.955218	0.766545651708
10317.000009105	188.142857143	5.06868200592	120.0	0.939364	0.73385873654
10317.000014563	240.0625	4.66658844062	118.0	0.90522	0.678022731551
10317.000002035	154.0	2.92909520356	69.0	0.666874	0.47950945016
10317.000003732	176.25	4.99922493768	115.0	0.93365	0.730294675833
10317.000014667	169.894736842	4.52316629002	113.0	0.866896	0.663203460634
10317.000013814	133.5	4.0356728626	78.0	0.88061	0.642070741391
10317.000018426	259.1	4.92388182629	116.0	0.92975	0.717978342283
10317.000015599	221.12	5.64051108601	143.0	0.96194	0.787795034393
10317.000002132	333.142857143	4.73197922135	155.0	0.850206	0.650343363827
10317.000003225	115.0	3.99781216677	84.0	0.859088	0.625408893576
10317.000009392	76.0	2.6992459424	55.0	0.675748	0.466887735092
10317.000009149	257.714285714	5.17113332065	127.0	0.937392	0.739929407667
10317.000013912	167.333333333	3.90729592517	85.0	0.83063	0.609620471602
10317.000012212	238.434782609	5.46072228646	148.0	0.948002	0.757439157939
10317.000007677	221.0	4.73821276922	107.0	0.924488	0.702845950114
10317.000017208	196.875	5.22484199125	128.0	0.947416	0.74640599875
10317.000013117	159.454545455	3.60816316833	106.0	0.707782	0.536296942375
10317.000012055	218.5	4.81687905447	108.0	0.912574	0.71309537767
10317.000005026	96.0769230769	3.64214251807	67.0	0.839176	0.600410314408
10317.000009033	206.555555556	5.44963144389	130.0	0.951514	0.776039021166
10317.000013524	357.875	6.02956916837	208.0	0.958898	0.783016215836
10317.000006092	225.193548387	5.55859723877	156.0	0.944282	0.762977399433
10317.000002274	103.1	3.72251136588	68.0	0.833928	0.611504573081
10317.000008999	322.5	2.93413975407	75.0	0.660464	0.471058783353
10317.000016761	240.882352941	4.91389690152	126.0	0.91658	0.70427114225
10317.000013277	167.588235294	4.27741962204	104.0	0.87696	0.638378942572
10317.000007693	148.0	4.66488726546	105.0	0.910026	0.69477460322
10317.000004025	62.3	2.92882915522	47.0	0.765124	0.527280998366
10317.000010737	229.0	5.75696331218	145.0	0.959434	0.801815627469
10317.000001128	248.588235294	5.19030193432	130.0	0.933118	0.739109951588
10317.000003559	331.615384615	5.42041110963	135.0	0.95645	0.765939289402
10317.000014798	220.047619048	4.89181377634	130.0	0.907338	0.696604607817
10317.000020104	329.166666667	5.42187024127	166.0	0.937656	0.735164915623
10317.000017117	80.875	2.90887769056	52.0	0.70833	0.510290053819
10317.000009766	140.333333333	4.70083670929	97.0	0.923296	0.712257392135
10317.000014561	254.125	5.80890732763	172.0	0.952908	0.782211181462
10317.000004923	109.2	3.57049302277	74.0	0.795676	0.57500923391
10317.000014172	160.714285714	3.38339947036	100.0	0.702972	0.509252363946
10317.000002056	277.833333333	5.88915900854	155.0	0.963642	0.809381297036
10317.000002243	123.0	4.80730544179	94.0	0.910772	0.733425932667
10317.000010274	251.0	5.56464713623	146.0	0.960096	0.773961463269
10317.000003507	197.125	4.37489707708	111.0	0.86363	0.643895982103
10317.000017766	154.2	4.26432144514	94.0	0.871906	0.650585649479
10317.000001275	119.052631579	2.47573654862	78.0	0.569256	0.393886733484
10317.000003189	382.6	4.71892359912	127.0	0.895402	0.675223423379
10317.000009693	84.0909090909	3.2476282012	59.0	0.748796	0.552069567021
10317.000022444	165.428571429	3.0406620639	65.0	0.760706	0.504894778649
10317.000016315	148.066666667	3.08562350571	85.0	0.667696	0.481422265618
10317.000011315	248.0	5.45549984509	143.0	0.949408	0.761955011267
10317.000013913	138.928571429	3.37196796681	86.0	0.76119	0.524716627079
10317.000013498	217.25	3.99944632881	98.0	0.865804	0.604629140667
10317.000002589	261.75	5.46080172433	141.0	0.958386	0.764866229654
10317.000004086	400.434782609	6.37313818944	198.0	0.975168	0.835344119669
10317.000013551	294.3	3.21771177748	99.0	0.691638	0.485373160909
10317.000006766	244.5	5.47560388454	144.0	0.94797	0.763690538387
10317.000011962	256.6	3.43817844701	97.0	0.752086	0.520943007767
10317.000002199	109.545454545	3.9479758667	70.0	0.876526	0.644117077933
10317.000012052	186.9	4.89161761084	118.0	0.912242	0.71071789947
10317.000010263	242.285714286	5.25969297151	137.0	0.94272	0.74100721299
10317.000010556	186.875	3.85844143803	104.0	0.783346	0.575848989072
10317.000040007	166.235294118	5.18235444879	108.0	0.949204	0.76720070425
10317.000036451	279.058823529	5.6017756849	149.0	0.95112	0.775958570439
10317.000023129	254.541666667	5.60090952058	151.0	0.95507	0.77377678125
10317.000028914	193.090909091	4.58512897019	99.0	0.918882	0.691640114262
10317.000038479	149.235294118	4.55305168248	101.0	0.90822	0.683825032334
10317.000026549	133.142857143	4.51476928067	96.0	0.910342	0.685618069986
10317.000042999	260.476190476	5.94821304225	152.0	0.971596	0.820677777367
10317.000041554	254.875	6.08842868589	175.0	0.970942	0.817105916677
10317.000037489	258.636363636	5.75392147972	152.0	0.965236	0.793871278244
10317.000031493	259.0	5.01115297663	129.0	0.91852	0.714732641529
10317.000023972	291.447368421	6.22401066437	193.0	0.972672	0.819762381771
10317.000039813	165.076923077	4.57507870015	102.0	0.883886	0.6856695228
10317.000012123	382.837209302	5.88144816297	214.0	0.952628	0.759733029063
10317.000009455	149.157894737	4.96848810477	106.0	0.932826	0.738487938186
10317.000018344	169.0	4.39764149142	100.0	0.897912	0.661910999547
10317.000010548	153.4375	5.01498040141	97.0	0.947934	0.759855549811
10317.000010161	296.0	4.95150625078	89.0	0.948432	0.764624780121
10317.000023819	252.153846154	4.43260750516	116.0	0.848606	0.646342926337
10317.000008950B	171.571428571	3.53143042267	91.0	0.778046	0.542646260048
10317.000001067	81.625	2.0268923138	41.0	0.62425	0.378324337693
10317.000009526	131.058823529	5.19665701384	100.0	0.948446	0.782174819172
10317.000013166	185.857142857	4.13679367082	80.0	0.876472	0.654356330653
10317.000010876	141.9375	4.93179599308	98.0	0.938034	0.745580094866
10317.000010993	218.615384615	4.60920137094	131.0	0.865186	0.655328333009
10317.000015613	91.0714285714	2.76552526249	60.0	0.708088	0.468186301697
10317.000018335	274.1875	5.42539992293	136.0	0.953842	0.765492538649
10317.000015525	219.2	5.61839490631	146.0	0.95872	0.781436996174
10317.000001622	132.05	4.21420102527	89.0	0.890232	0.650768143901
10317.000012936	262.0	1.78204057797	57.0	0.446526	0.305515888975
10317.000009111	58.3636363636	2.74811187475	46.0	0.703238	0.497525310046
10317.000002271	107.714285714	3.34073543408	70.0	0.761982	0.54504506071
10317.000002465	284.125	5.86267377199	159.0	0.967354	0.80169118087
10317.000001747	167.928571429	4.17600679286	94.0	0.863594	0.637111935982
10317.000002038	221.0	3.66358185477	80.0	0.833688	0.579503879162
10317.000013724	169.476190476	4.73869122908	118.0	0.913918	0.688498763498
10317.000023378	189.0	4.4911066948	111.0	0.86645	0.660999677256
10317.000012307	193.0	4.45883930404	108.0	0.859466	0.660090830915
10317.000020347	266.0	6.04170996226	171.0	0.969536	0.814482351885
10317.000020368	221.0	5.34548373065	137.0	0.946558	0.753093768551
10317.000010567	196.461538462	4.80746436925	106.0	0.923284	0.714554281923
10317.000020063	180.25	4.94731845201	119.0	0.917538	0.717541582946
10317.000010178	199.5	4.66102977659	117.0	0.89423	0.67842537723
10317.000011259	141.117647059	3.48754499887	88.0	0.728452	0.539915151173
10317.000005025	133.9375	4.22480065613	90.0	0.878026	0.650785005982
10317.000013165	258.5	5.0763381291	149.0	0.909974	0.70317490369
10317.000016738	266.772727273	4.9364250254	144.0	0.887268	0.688490468785
10317.000001225	87.625	2.32705231728	47.0	0.634702	0.41894231588
10317.000003137	169.789473684	4.64081843907	120.0	0.866124	0.671911386872
10317.000009642	165.214285714	3.50228392043	88.0	0.76999	0.54219691874
10317.000015394	88.0	3.31834473562	58.0	0.82393	0.566465602805
10317.000001086	90.0	2.7939238534	65.0	0.668032	0.463924479563
10317.000001756	108.75	3.75849974984	70.0	0.857516	0.613203818366
10317.000012999	149.964285714	4.60376103192	113.0	0.904764	0.675020561379
10317.000001248	197.193548387	5.08306337875	142.0	0.908104	0.710943099636
10317.000016739	244.066666667	5.10469588651	130.0	0.90568	0.726919469674
10317.000010559	156.789473684	4.94170171731	107.0	0.93278	0.733030618897
10317.000001654	140.105263158	3.30987485555	88.0	0.774264	0.512409612945
10317.000011375	116.0	2.51986071729	54.0	0.64247	0.437864461528
10317.000042586	284.25	6.04383847911	177.0	0.96856	0.809340884247
10317.000041282	122.105263158	4.77506298237	96.0	0.91089	0.725146571731
10317.000001208	135.333333333	4.08597421776	73.0	0.897994	0.66011147471
10317.000027729	272.333333333	5.79958973063	154.0	0.96406	0.798095512804
10317.000013573	242.03030303	5.9324369356	173.0	0.954822	0.797946683272
10317.000010544	47.1666666667	2.18447238164	32.0	0.61928	0.436894476328
10317.000005878	71.0	0.857049660158	38.0	0.176618	0.163312023263
10317.000012987	170.714285714	4.55628671292	100.0	0.913302	0.685789484717
