	chao1	shannon	observed_otus	simpson	equitability
10317.000002503	243.142857143	5.28113973771	141.0	0.93288	0.73970190521
10317.000013618	296.451612903	6.34884087587	184.0	0.978066	0.843861047859
10317.000031796	349.692307692	6.13031089228	207.0	0.964664	0.796818260192
10317.000026504	311.307692308	5.87329717805	174.0	0.959732	0.78910946742
10317.000007104	256.476190476	5.61953758326	148.0	0.956586	0.779467915008
10317.000007077	306.272727273	5.62434346677	159.0	0.95739	0.76910070914
10317.000016408	321.533333333	6.23555946403	191.0	0.973196	0.822912310434
10317.000005802	160.055555556	4.33435742753	100.0	0.888418	0.652385798808
10317.000006952	210.44	5.65838987807	142.0	0.964576	0.791411190283
10317.000013023	277.1875	5.72261935218	139.0	0.96647	0.80385822747
10317.000002645	192.5	4.64764147704	126.0	0.896254	0.666110795037
10317.000002027	358.176470588	5.68372826308	158.0	0.958498	0.778189879878
10317.000027353	339.459459459	6.33684149762	211.0	0.965604	0.820717535515
10317.000023798	248.303030303	5.81781225818	173.0	0.949884	0.782529008855
10317.000041962	356.538461538	6.32208682571	192.0	0.976832	0.833502713443
10317.000040352	218.0	4.18612582322	119.0	0.790104	0.607140894353
10317.000028811	251.130434783	4.80546345544	140.0	0.91154	0.674045825368
10317.000027772	447.947368421	6.71605696461	244.0	0.97964	0.846838910273
10317.000027617	225.0	5.34637922158	154.0	0.934292	0.735728122965
10317.000039924	298.15	5.55086501958	148.0	0.960374	0.769942565416
10317.000039952	94.0	4.26807485711	71.0	0.884588	0.694024449164
10317.000026028	275.7	5.95552423439	173.0	0.96776	0.801052056948
10317.000001441	264.25	5.04176331008	157.0	0.906486	0.691161814114
10317.000016347	284.035714286	5.82980540903	174.0	0.946684	0.783266111355
10317.000001595	245.0	6.09065402142	174.0	0.971098	0.818312543259
10317.000002146	298.375	5.64820756769	160.0	0.95728	0.771409865611
10317.000012158	373.0	6.3321587027	214.0	0.970078	0.81795333027
10317.000014313	117.333333333	3.8890926885	76.0	0.848386	0.622461236967
10317.000007749	190.035714286	5.39671421316	137.0	0.941386	0.760311329969
10317.000018083	168.954545455	4.56016328951	111.0	0.900542	0.671163405245
10317.000017335	217.03125	5.74044736732	150.0	0.967778	0.794105871664
10317.000002578	223.724137931	5.84791162915	152.0	0.965212	0.806839143784
10317.000007719	248.066666667	4.93327483345	122.0	0.928376	0.711796536671
10317.000009676	145.0	4.26406500333	88.0	0.851942	0.660130063305
10317.000006716	273.636363636	5.65317904977	173.0	0.951408	0.760384901125
10317.000006802	253.71875	5.66710409911	167.0	0.948046	0.767515040505
10317.000002898	256.55	5.49603318286	146.0	0.954294	0.764418260537
10317.000001647	291.714285714	5.69319667449	156.0	0.953488	0.78145262313
10317.000002878	255.2	5.57151768852	170.0	0.929584	0.751953532557
10317.000009527	223.0	5.24918543954	130.0	0.947438	0.747495087028
10317.000017667	245.5	5.72675809707	148.0	0.96248	0.794340126308
10317.000009213	366.230769231	5.50496134841	147.0	0.952624	0.764612760796
10317.000031434	255.894736842	5.0092927088	136.0	0.915356	0.706782218264
10317.000027217	227.789473684	4.45779176468	125.0	0.842038	0.639955471273
10317.000001546	261.6	6.14889101217	165.0	0.975528	0.834730118142
10317.000009074	228.5	5.72289000939	146.0	0.96725	0.795970744839
10317.000027277	274.5	5.17675740465	156.0	0.922458	0.710565765503
10317.000001333	114.75	4.24644138024	64.0	0.910612	0.707740230041
10317.000023984	292.5	5.6346685764	168.0	0.949924	0.762233039268
10317.000021327	159.285714286	4.96237134264	119.0	0.928644	0.719724801001
10317.000028933	320.6875	6.04666789033	187.0	0.965366	0.801212726965
10317.000015568	362.333333333	5.85066068639	164.0	0.966026	0.795191210707
10317.000006944	278.052631579	2.76965721888	120.0	0.550362	0.400999144339
10317.000002028	263.28125	5.35589042909	167.0	0.909908	0.725366322504
10317.000003896	230.285714286	5.63846614358	146.0	0.953296	0.784228613286
10317.000011025	275.0	6.21080240208	180.0	0.9745	0.829007499509
10317.000017293	417.391304348	5.89485511016	189.0	0.961224	0.779511523101
10317.000031284	142.3	3.5856824566	72.0	0.810494	0.581154950143
10317.000020034	369.130434783	5.64805685279	175.0	0.953516	0.758005211237
10317.000037584	210.0	5.7413367541	135.0	0.967218	0.811288167025
10317.000031847	338.0	5.45647836819	158.0	0.942492	0.747075871568
10317.000013935	356.333333333	5.97695468689	188.0	0.965132	0.791168759047
10317.000014019	285.184210526	6.07988819028	189.0	0.967918	0.80397954062
10317.000023052	250.0625	5.18478958391	128.0	0.93829	0.740684226273
10317.000015385	287.78125	6.1676532078	184.0	0.972178	0.819778350179
10317.000017354	343.6	6.4793942691	201.0	0.977558	0.846863219676
10317.000023475	315.791666667	6.09979157396	174.0	0.972446	0.819540223214
10317.000003475	396.535714286	5.60848882196	194.0	0.941854	0.737967518631
10317.000017269	246.40625	5.47653442858	162.0	0.938132	0.746137104495
10317.000014801	232.666666667	5.51817212107	131.0	0.954916	0.784564232787
10317.000009716	317.135135135	6.37331324871	199.0	0.977582	0.834572021723
10317.000013155	248.037037037	5.47055043295	156.0	0.938432	0.750892026082
10317.000015604	296.3125	5.37254245388	141.0	0.947696	0.752504210516
10317.000009236	286.75	5.423133123	148.0	0.934414	0.752225286436
10317.000041289	240.25	5.41829097022	154.0	0.942312	0.745624071916
10317.000030735	354.142857143	5.93855108345	176.0	0.963194	0.796113080334
10317.000022541	286.9375	5.04863142748	136.0	0.909472	0.712332683862
10317.000034132	118.058823529	3.31957617098	81.0	0.772044	0.523604843879
10317.000026633	312.576923077	5.6928388875	172.0	0.956558	0.766581730592
10317.000028715	173.066666667	4.70800874579	101.0	0.909822	0.707098108552
10317.000026126	143.05	4.2760203382	100.0	0.891498	0.643605191933
10317.000033665	205.866666667	4.62744332029	114.0	0.887262	0.677230763366
10317.000028755	436.214285714	5.99530875832	198.0	0.962494	0.785821014389
10317.000026501	136.105263158	5.32284850919	110.0	0.940508	0.784923486447
10317.000016485	218.5	4.33126054245	108.0	0.853014	0.64120394915
10317.000001001	171.24	4.2518709039	114.0	0.853176	0.6222653804
10317.000013049	258.894736842	5.72240612958	146.0	0.96322	0.795903444196
10317.000002334	253.785714286	5.55187614595	152.0	0.955244	0.765994987623
10317.000006797	159.04	4.50351770627	112.0	0.895662	0.661566461251
10317.000013156	301.24	6.32363832723	178.0	0.97661	0.845888685789
10317.000001529	296.0	5.92339696751	177.0	0.966568	0.793212352712
10317.000002418b	323.884615385	6.13579640643	180.0	0.97143	0.81899582487
10317.000005849	191.0	4.13500402666	106.0	0.82967	0.61460358436
10317.000003282	218.157894737	4.5215724534	125.0	0.8816	0.64911175377
10317.000011341	267.04	5.44146111268	150.0	0.953654	0.752745551612
10317.000013355	330.64	5.93005045289	181.0	0.960598	0.790689641117
10317.000006794	252.368421053	5.11389271564	136.0	0.921928	0.72154067403
10317.000009593	253.772727273	4.63317651741	144.0	0.835754	0.646195952744
10317.000028723	312.142857143	5.27963579124	154.0	0.938494	0.726543398747
10317.000002774	174.368421053	4.30211633988	115.0	0.833408	0.628459950693
10317.000001531	292.24	6.03758639507	169.0	0.967482	0.8157931023
10317.000018027	356.115384615	6.2348688532	188.0	0.974394	0.825308825618
10317.000001399	217.636363636	4.96530813942	126.0	0.932712	0.711639520538
10317.000001948	290.625	4.77258687533	105.0	0.920286	0.710815066677
10317.000001032	224.315789474	5.37361548884	128.0	0.953972	0.767659355549
10317.000016697	387.341463415	6.76362875248	233.0	0.983254	0.860054508892
10317.000011162	324.75	3.95672678232	142.0	0.744564	0.553407934041
10317.000005999	220.636363636	4.68984277676	129.0	0.906682	0.668904687569
10317.000001362	256.875	6.29228969598	177.0	0.977076	0.842611417244
10317.000010947	177.555555556	5.63449749015	125.0	0.964398	0.808881995178
10317.000002851	213.476190476	5.22886464166	132.0	0.934518	0.742273154095
10317.000035452	232.783783784	6.41285657011	180.0	0.97703	0.855977351352
10317.000005928	313.441176471	6.03520471182	193.0	0.95684	0.794894812338
10317.000027807	329.615384615	6.05088644785	179.0	0.969692	0.808529582761
10317.000031313	405.965517241	6.11047092769	203.0	0.965778	0.79715631431
10317.000014458	325.833333333	5.4606382243	136.0	0.95102	0.77046445909
10317.000016759	284.516129032	5.92805258274	180.0	0.960652	0.791266527322
10317.000014308	262.5	5.85420189574	170.0	0.957226	0.790105684286
10317.000010546	156.75	4.33744178774	105.0	0.872476	0.64600583585
10317.000015305	353.0	6.36933043925	206.0	0.971974	0.828638522398
10317.000014295	218.0	4.83719314027	116.0	0.910246	0.705337787274
10317.000011055	390.5	6.04657306785	205.0	0.959382	0.787367502683
10317.000002818	194.714285714	3.50377912067	116.0	0.671556	0.51090534126
10317.000009667	179.0	4.54045232519	101.0	0.905342	0.681932728775
10317.000012254	273.619047619	4.99120862025	145.0	0.911466	0.695163205783
10317.000026037	341.965517241	5.97588207069	188.0	0.963362	0.791026776972
10317.000007037	255.625	5.46000686846	155.0	0.922628	0.750400428078
10317.000015594	331.533333333	6.27967654155	192.0	0.976684	0.82791134972
10317.000004286	268.5	5.28666514098	153.0	0.937896	0.728452889052
10317.000001351	234.625	4.75041512958	124.0	0.897326	0.683100521981
10317.000010115	271.142857143	5.39935511789	146.0	0.939134	0.750971748152
10317.000010981	222.037037037	5.82608326718	152.0	0.963324	0.803827474319
10317.000013028	226.724137931	5.70641802198	155.0	0.955996	0.784266142817
10317.000017095	343.2	6.24450215455	183.0	0.976236	0.830861036086
10317.000011048	303.625	6.05621617145	184.0	0.96716	0.804966611138
10317.000002079	228.620689655	5.1448733098	138.0	0.94392	0.723761076027
10317.000014937	308.391304348	6.01063129413	171.0	0.966734	0.810292639556
10317.000013653	276.545454545	4.82948531061	121.0	0.910514	0.698017166258
10317.000021178	228.5	5.67063524457	157.0	0.952892	0.777372181472
10317.000006741	303.5	5.6857776429	161.0	0.956562	0.775588884369
10317.000014548	232.3125	5.72074316213	159.0	0.957828	0.782282883113
10317.000013215	305.103448276	5.93174678581	182.0	0.960302	0.790078454471
10317.000010867	236.75	5.58802198771	148.0	0.959636	0.775096488501
10317.000026613	257.323529412	5.7017359943	169.0	0.958338	0.770413306065
10317.000006909	308.307692308	5.85730034247	171.0	0.962524	0.789622108381
10317.000011163	192.3	5.01180605145	126.0	0.911388	0.718303709525
10317.000012276	320.230769231	5.76633540074	173.0	0.952618	0.775605077239
10317.000015003	268.541666667	5.3052384866	156.0	0.917	0.728201179183
10317.000001613	338.045454545	5.62380632003	168.0	0.949962	0.760763641277
10317.000006029	358.714285714	5.76957658628	168.0	0.95898	0.78048279806
10317.000005024	311.090909091	5.87488953801	187.0	0.951966	0.778451264852
10317.000026632	301.666666667	6.0254850387	170.0	0.971534	0.81322271839
10317.000033799	173.25	5.03554080591	98.0	0.951654	0.761264050061
10317.000029152	162.043478261	3.95695780082	113.0	0.754608	0.580183866527
10317.000022999	241.0	5.18868277978	129.0	0.936954	0.740053430128
10317.000037575	319.428571429	6.56091142144	205.0	0.980146	0.854343176416
10317.000027681	247.677419355	6.13608771072	172.0	0.971272	0.826268374937
10317.000021296	334.517241379	6.10833172352	187.0	0.969864	0.809383482966
10317.000028712	197.636363636	5.33720921337	144.0	0.943022	0.744388429767
10317.000027363	271.129032258	5.64803629308	164.0	0.955778	0.767651562576
10317.000033801	217.954545455	5.27566554405	132.0	0.932764	0.748916862779
10317.000011225	363.894736842	5.76303080069	167.0	0.95816	0.780506717551
10317.000011409	172.0	4.99430265818	121.0	0.93293	0.721838615233
10317.000009475	263.666666667	4.83780468306	125.0	0.907264	0.694509689844
10317.000012928	254.882352941	5.50779597066	140.0	0.953098	0.772559590854
10317.000028841	281.136363636	5.79189881935	155.0	0.966172	0.796014264841
10317.000017357	264.181818182	5.58614305687	148.0	0.954588	0.774835868071
10317.000014534	219.730769231	5.52933872886	147.0	0.952424	0.767998662165
10317.000016715	347.8	6.21972995517	184.0	0.974968	0.826700170942
10317.000008954A	254.0	5.5305884488	150.0	0.941114	0.765074998502
10317.000015912	245.272727273	4.99713429043	120.0	0.923292	0.723499847182
10317.000016725	356.066666667	6.15375233052	161.0	0.977668	0.839424649445
10317.000018358	217.526315789	4.61845550608	118.0	0.882168	0.67102935209
10317.000010102	252.12	5.38013257101	147.0	0.951444	0.747274641584
10317.000018415	207.037037037	5.33870212998	137.0	0.947566	0.752138348712
10317.000008949B	225.75	5.69238755959	156.0	0.956422	0.781341563388
10317.000010869	229.333333333	5.8932966507	160.0	0.960872	0.804883163878
10317.000014571	295.7	6.21893886025	185.0	0.974186	0.825736804443
10317.000011949	267.375	4.80860602654	125.0	0.904252	0.690317964214
10317.000010827	304.375	5.84459088046	166.0	0.964778	0.792482661939
10317.000014162	337.434782609	5.75509531674	171.0	0.95792	0.775843858474
10317.000010821	159.260869565	5.21155423343	120.0	0.926946	0.754544199201
10317.000016736	251.1	5.42730895655	151.0	0.951252	0.749793518324
10317.000001929	218.730769231	5.62008466106	146.0	0.957878	0.781672016477
10317.000003196	347.285714286	5.78559590926	181.0	0.955816	0.771428639516
10317.000028833	149.111111111	4.0120394525	71.0	0.893398	0.652390964138
10317.000004291	333.875	6.06131978673	178.0	0.971074	0.810799347342
10317.000035347	479.636363636	6.06348946942	192.0	0.969992	0.799409287632
10317.000031035	347.0	4.72499062622	128.0	0.875956	0.674998660888
10317.000016765	304.636363636	5.76939715869	161.0	0.961656	0.786995304218
10317.000004918	408.0	5.94523501182	173.0	0.968514	0.799668097689
10317.000001347	293.0	5.73494140515	177.0	0.953126	0.767975941778
10317.000005938	285.538461538	5.44691614327	164.0	0.939732	0.740316363358
10317.000003982	283.05	5.04130134664	148.0	0.894154	0.699262633513
10317.000001934	248.5	5.0693193595	140.0	0.909494	0.711055985216
10317.000015355	239.357142857	5.69997521092	158.0	0.95323	0.780414337101
10317.000002418a	333.5	6.13787544169	174.0	0.976118	0.824656998285
10317.000026083	271.7	5.62643597689	169.0	0.941662	0.760238837199
10317.000016741	231.75	5.17393792203	134.0	0.941646	0.73222086257
10317.000009476	198.058823529	4.51965567555	117.0	0.888262	0.65784799789
10317.000003729	296.6	5.5314445472	169.0	0.946716	0.747403682876
10317.000017219	344.2	6.05259642586	189.0	0.96994	0.800370589348
10317.000003366	266.5	4.22679765475	124.0	0.883822	0.607805340272
10317.000004283	87.0714285714	3.02900301905	62.0	0.743262	0.508717358506
10317.000003473	369.529411765	6.2101324355	212.0	0.966108	0.803596837211
10317.000016734	334.0	5.55634651731	160.0	0.95718	0.758863846422
10317.000007068	174.714285714	4.9496649942	104.0	0.937208	0.738707488226
10317.000011342	314.391304348	5.78194361116	170.0	0.95045	0.780353427292
10317.000026056	211.3125	4.50021673889	108.0	0.904816	0.666216385905
10317.000012209	247.8	5.55419758449	147.0	0.951926	0.77145143813
10317.000016355	370.4	6.24877807114	188.0	0.974962	0.82714998709
10317.000015185	313.5	5.05051157113	141.0	0.908464	0.707399011765
10317.000003028	370.714285714	4.94458174037	145.0	0.901338	0.688669129146
10317.000012985	329.206896552	6.03744165857	188.0	0.962124	0.799175412071
10317.000016755	405.5	5.93742324991	185.0	0.949952	0.788357790803
10317.000014327	255.714285714	5.3023465887	134.0	0.951946	0.750393385334
10317.000013249	226.071428571	5.18196748068	120.0	0.946206	0.750260541839
10317.000008950A	147.285714286	3.61939198856	98.0	0.78248	0.547173205455
10317.000016716	234.538461538	5.91963673779	157.0	0.968906	0.811507128549
10317.000022662	286.545454545	5.6684439415	157.0	0.957142	0.777071781608
10317.000022443	278.333333333	4.9825741582	139.0	0.927574	0.699903835036
10317.000017074	201.391304348	5.12162646225	127.0	0.93919	0.732845548454
10317.000002511	239.0	4.63504644195	135.0	0.877246	0.654962161778
10317.000013821	174.0	4.89909009976	118.0	0.926618	0.711803599958
10317.000004819	178.153846154	4.76710468282	102.0	0.920672	0.714448560831
10317.000003594	228.44	5.44172171494	140.0	0.953662	0.763291582338
10317.000001391	160.333333333	3.78176368134	95.0	0.830546	0.575623561124
10317.000017075	296.230769231	4.70281850512	121.0	0.899668	0.679709707194
10317.000010834	306.8	5.56795788465	164.0	0.939788	0.756767723986
10317.000014303	216.12	5.84706916504	150.0	0.966366	0.808855418206
10317.000015265	258.3	5.54025367938	141.0	0.95879	0.775994653715
10317.000003193	186.0	4.84908744221	108.0	0.925362	0.717863538165
10317.000014933	148.4	4.18427047913	91.0	0.875222	0.64296289457
10317.000013619	287.088235294	6.34402457119	187.0	0.976924	0.840613924695
10317.000005015	318.833333333	5.74642096789	152.0	0.96591	0.792836429066
10317.000022925	218.75	5.09993637255	119.0	0.943324	0.739676746743
10317.000003439	228.833333333	5.13016356379	146.0	0.938956	0.713531119122
10317.000016735	306.607142857	5.8745961192	173.0	0.964016	0.790166762793
10317.000011168	223.75	5.69729256074	150.0	0.959496	0.788136043339
10317.000004972	262.033333333	6.13641737203	172.0	0.97246	0.826312766205
10317.000009382	288.176470588	5.60664733914	142.0	0.962964	0.784174215595
10317.000006001	149.5	4.32094094815	100.0	0.893154	0.650366417442
10317.000027308	234.636363636	5.24703571588	143.0	0.913876	0.732839386223
10317.000003895	195.7	5.75603933972	148.0	0.963452	0.798401632939
10317.000001322	226.066666667	4.82746119846	112.0	0.93164	0.709153739409
10317.000002019	260.714285714	5.39596248451	139.0	0.948938	0.75797262955
10317.000026106	238.896551724	5.51091079967	158.0	0.938372	0.754528509231
10317.000008957B	271.076923077	6.03761156757	170.0	0.968056	0.814859361533
10317.000001047	238.428571429	4.62318289383	97.0	0.90108	0.700491507143
10317.000017071	230.0	4.41273706743	118.0	0.848142	0.641139898696
10317.000015262	205.75	5.39423878522	136.0	0.95385	0.761095882412
10317.000003981	257.0	5.29328407922	142.0	0.947048	0.740345636111
10317.000014334	398.25	6.12306279977	192.0	0.96958	0.807263424069
10317.000011378	330.166666667	5.55071622045	167.0	0.953804	0.751752237167
10317.000016718	238.117647059	5.66760879696	134.0	0.966082	0.802085657878
10317.000016714	316.5	6.37169124286	180.0	0.978186	0.850482672435
10317.000007748	250.625	5.10470274166	150.0	0.922812	0.7061600187
10317.000007073	374.555555556	5.48264232751	157.0	0.953478	0.751600736521
10317.000001247	281.84375	6.47121531766	188.0	0.98074	0.856593978138
10317.000002036	176.5	4.72025560477	103.0	0.923868	0.705938118988
10317.000016742	234.12	5.43200241544	143.0	0.9508	0.758673188377
10317.000015627	268.615384615	5.67143505281	159.0	0.95589	0.775540246916
10317.000012112	239.230769231	5.6940822642	149.0	0.961288	0.788744887734
10317.000002437	165.230769231	4.83803278363	120.0	0.924942	0.70046466158
10317.000003731	266.111111111	5.26746746172	152.0	0.943734	0.726754986435
10317.000013171	209.8	5.34795885268	139.0	0.941516	0.751229543558
10317.000001487	227.115384615	5.73338512863	152.0	0.963954	0.791037868134
10317.000014306	234.65	5.16540818007	137.0	0.934708	0.727723983168
10317.000002064	258.363636364	6.02694633395	172.0	0.96886	0.811571703007
10317.000003492	263.04	5.33664936611	155.0	0.92464	0.733446690691
10317.000002336	258.476190476	5.17228300021	150.0	0.899242	0.715508746541
10317.000006074	216.454545455	5.59890593526	136.0	0.963654	0.789973233111
10317.000012061	283.75	4.47443217906	124.0	0.888752	0.643414706654
10317.000016756	265.5	5.71563954754	156.0	0.960184	0.784533149417
10317.000011018	301.25	5.954803266	190.0	0.958378	0.786646875991
10317.000015261	284.055555556	5.59875270369	146.0	0.957426	0.77870505154
10317.000013458	292.5	6.07810764559	177.0	0.96811	0.813929927716
10317.000041935	284.0	4.17881179015	119.0	0.823548	0.606080092848
10317.000033721	235.964285714	5.95519343596	157.0	0.967496	0.816381500967
10317.000031491	310.636363636	6.20586257278	167.0	0.97759	0.840480919462
10317.000017671	213.235294118	4.93504982815	116.0	0.928848	0.719606810175
10317.000036943	298.391304348	5.7197466113	161.0	0.95823	0.780222543292
10317.000036102	246.46875	6.08083387112	171.0	0.970722	0.819756642359
10317.000028894	261.772727273	5.11046471682	139.0	0.934616	0.717868663979
10317.000040401	198.956521739	5.54042137278	132.0	0.959388	0.78650076627
10317.000040358	218.55	5.37314136961	133.0	0.943546	0.761577076287
10317.000031506	342.2	5.94228585476	182.0	0.959016	0.791482204767
10317.000016446	318.037037037	5.58591775988	173.0	0.941274	0.751337873106
10317.000028793	264.090909091	5.33435663419	119.0	0.954096	0.773676232978
10317.000042026	312.6	6.17852602587	185.0	0.971838	0.820370878605
10317.000037582	252.066666667	5.51727533935	138.0	0.952484	0.77614916751
10317.000029202	210.5	4.53724004291	122.0	0.877032	0.654654739016
10317.000022618	340.64	6.0940845221	184.0	0.966334	0.809999911969
10317.000021229	187.625	3.27323645657	80.0	0.718634	0.51775920375
10317.000034121	125.052631579	4.48685996324	90.0	0.9152	0.691152417755
10317.000036071	213.25	4.8159248505	117.0	0.917636	0.700970770413
10317.000036166	201.714285714	5.48202422782	131.0	0.956816	0.779424787421
10317.000031593	240.473684211	4.92283107174	131.0	0.8986	0.6999196651
10317.000012263	124.625	4.47571533016	83.0	0.921174	0.702068650455
10317.000034194	384.0	5.83477603579	189.0	0.951872	0.771566912098
10317.000036131	304.714285714	5.70841378045	158.0	0.956388	0.781569707152
10317.000002347	236.375	4.80522320804	122.0	0.92285	0.693320634443
10317.000016767	328.6	6.01128900929	186.0	0.966132	0.797342138546
10317.000036109	115.5	4.03322344151	90.0	0.817824	0.621274600898
10317.000004973	232.085714286	6.03313989952	167.0	0.96513	0.817088504705
10317.000040395	198.333333333	5.14984104814	125.0	0.939398	0.739305272412
10317.000031379	302.142857143	5.86026795749	170.0	0.952426	0.790924383393
10317.000004737	328.913043478	5.45582781051	170.0	0.923312	0.736339580072
10317.000006666	211.772727273	4.7291609848	123.0	0.91163	0.681188491744
10317.000003969	149.882352941	4.87728905207	104.0	0.934932	0.727905817712
10317.000001749	298.2	5.99179921099	182.0	0.96276	0.798077131586
10317.000009507	370.25	6.25380716705	192.0	0.975756	0.824500736352
10317.000017356	148.045454545	4.22466839575	101.0	0.860444	0.634504987817
10317.000040348	343.896551724	5.63900343349	180.0	0.951372	0.752684731132
10317.000026595	297.05	5.90487898654	162.0	0.965256	0.804495866294
10317.000012335	241.0	5.21372901168	137.0	0.931054	0.734531620982
10317.000022554	381.260869565	6.1527832991	183.0	0.972744	0.818657401372
10317.000003718	349.926829268	6.19963761616	209.0	0.968052	0.804378972085
10317.000006113	273.526315789	4.93954741834	139.0	0.903756	0.693859854701
10317.000006662	254.083333333	6.04446429477	177.0	0.968926	0.809424688306
10317.000013756	358.444444444	6.33310574646	200.0	0.971186	0.828522356939
10317.000001216	298.90625	6.0972250651	182.0	0.970512	0.812119318296
10317.000010945	298.869565217	5.15120705217	158.0	0.916322	0.705279529846
10317.000016722	268.555555556	5.99967142619	163.0	0.972162	0.816423100742
10317.000016358	256.2	4.78764456163	126.0	0.918976	0.686176363012
10317.000035392	219.2	5.84779349377	146.0	0.969168	0.813343002444
10317.000043118	352.916666667	6.33666129834	207.0	0.972782	0.823639701132
10317.000006685	169.769230769	4.76989490625	97.0	0.926308	0.722720893488
10317.000005992	196.8	4.28897333455	126.0	0.836534	0.614705641966
10317.000012947	307.44	5.82185557336	168.0	0.964024	0.787554868169
10317.000012122	322.64	5.49301614501	166.0	0.946198	0.744811766248
10317.000004758	231.5	5.36969503055	134.0	0.94707	0.759924604094
10317.000042014	365.583333333	6.3728191425	211.0	0.975576	0.825377188758
10317.000014612	305.869565217	5.89119929046	165.0	0.968666	0.799747705723
10317.000027267	391.285714286	6.22531303145	200.0	0.971892	0.814420480566
10317.000006625	210.0	4.78851444235	123.0	0.910984	0.68973776557
10317.000008951B	98.2352941176	3.98739227913	76.0	0.87173	0.638194388547
10317.000006778	372.657894737	6.31499188576	212.0	0.975428	0.817165746321
10317.000012971	423.451612903	6.21699126256	212.0	0.970214	0.804484375727
10317.000017652	353.53125	6.59762424396	214.0	0.979292	0.852244704466
10317.000015254	312.96875	5.96010767169	185.0	0.96227	0.791369777635
10317.000001438	229.538461538	5.80673252024	152.0	0.968364	0.801157642577
10317.000006803	313.64	5.5679513535	164.0	0.954704	0.756766836307
10317.000013299	209.8	5.5020956717	154.0	0.951158	0.757156638755
10317.000036039	221.235294118	5.15593965383	124.0	0.934394	0.741414165449
10317.000011026	261.533333333	5.67169731245	164.0	0.950778	0.770867444619
10317.000012993	264.533333333	5.76702894909	167.0	0.961106	0.781048200287
10317.000009218	314.6875	5.83012738613	181.0	0.958916	0.777366291775
10317.000009419	313.15	5.81707462597	163.0	0.95891	0.791575699072
10317.000010693	326.941176471	6.00351768693	190.0	0.967822	0.793082193051
10317.000008951A	131.333333333	3.69684738448	69.0	0.851508	0.605194824157
10317.000001669	182.636363636	4.99097506966	120.0	0.929054	0.722608097025
10317.000036068	312.75	5.54656628311	164.0	0.946602	0.75386028935
10317.000042981	267.037037037	5.91962257345	167.0	0.963756	0.801714469996
10317.000004075	293.344827586	6.04244844319	176.0	0.964586	0.810041401558
10317.000028776	416.146341463	6.61491634693	242.0	0.977188	0.835336606874
10317.000004011	165.894736842	4.58948792414	104.0	0.912286	0.684953244444
10317.000004285	364.444444444	5.98465099366	192.0	0.963222	0.789015238123
10317.000011964	354.8125	5.96311748038	197.0	0.963654	0.782350687403
10317.000012011	304.44	5.8399499944	165.0	0.963448	0.792790462397
10317.000026116	255.714285714	4.92857842503	134.0	0.90772	0.697497341484
10317.000015607	336.64	5.999144725	180.0	0.96421	0.800755787368
10317.000011031	248.357142857	5.65820993669	175.0	0.942562	0.759367819778
10317.000018035	346.913043478	6.09582134543	188.0	0.957384	0.806903124063
10317.000022498	281.24137931	6.15685087011	175.0	0.971454	0.826288609691
10317.000018398	243.0	5.5166954044	139.0	0.95506	0.77493202262
10317.000023929	311.032258065	5.13148867342	176.0	0.873172	0.687919527353
10317.000009558	328.875	5.23886827264	146.0	0.934946	0.728650362709
10317.000012391	394.285714286	6.24837940963	203.0	0.972438	0.81514750001
10317.000040145	198.517241379	6.13842909957	151.0	0.978478	0.848036179328
10317.000002051	236.551724138	5.38467006666	158.0	0.916872	0.737244209857
10317.000016726	295.24137931	6.42106133356	189.0	0.978202	0.8490948813
10317.000005927	343.0	5.65761608978	203.0	0.93191	0.738078037401
10317.000018369	212.25	5.61834451236	158.0	0.944138	0.769237838055
10317.000002191	541.5	6.31362645201	228.0	0.971318	0.806040483218
10317.000013539	289.7	5.98649895738	179.0	0.965244	0.799926018432
10317.000026622	375.794117647	6.05398603274	209.0	0.96144	0.785481243185
10317.000004289	297.037037037	5.82798213178	171.0	0.956526	0.785669723156
10317.000014543	218.833333333	4.49314319285	136.0	0.891618	0.63395650792
10317.000018025	228.8125	5.49625585893	136.0	0.945658	0.775489901257
10317.000011073	229.2	5.26062200909	146.0	0.942204	0.73167599098
10317.000001111	186.807692308	4.62249232464	121.0	0.88569	0.66809997049
10317.000013053	177.0	4.11675262911	102.0	0.857216	0.616979946289
10317.000010225	342.028571429	6.58972871041	209.0	0.981402	0.854991780904
10317.000003226	305.677419355	6.16592584989	185.0	0.970962	0.818697855396
10317.000013167	287.037037037	5.83369326109	170.0	0.961122	0.787337759793
10317.000018299	205.5	4.80378099621	134.0	0.910744	0.679835884706
10317.000010879	251.833333333	4.83875664696	129.0	0.914768	0.690144031948
10317.000013685	309.535714286	5.8626776169	179.0	0.957518	0.783380803508
10317.000020032	250.5	5.82895916811	153.0	0.965316	0.803175921482
10317.000013055	259.730769231	5.17395668073	153.0	0.92432	0.712922719976
10317.000003579	298.0	5.78498288452	179.0	0.949906	0.772999103225
10317.000001284	199.291666667	4.65828391852	128.0	0.874958	0.665469131218
10317.000013684	239.652173913	5.73299479928	152.0	0.96217	0.790984014209
10317.000006665	290.885714286	6.62190235718	196.0	0.983672	0.869619787587
10317.000002638	238.260869565	5.470828771	145.0	0.95243	0.761963515472
10317.000002443	438.885714286	6.39418648995	228.0	0.97356	0.81632532544
10317.000017349	387.84	6.68788922622	213.0	0.981098	0.864659380196
10317.000005814	267.0	6.02578822732	172.0	0.969474	0.811415755613
10317.000001482	172.142857143	4.34649955966	109.0	0.877678	0.642195801871
10317.000020071	312.5	5.66659982764	140.0	0.963244	0.794834461498
10317.000004026	221.090909091	5.77577953088	160.0	0.954206	0.788833140128
10317.000013134	265.772727273	5.99685967698	156.0	0.973352	0.823133644077
10317.000004822	282.454545455	5.93569836289	163.0	0.968472	0.807717776235
10317.000009101	328.555555556	6.42739828877	190.0	0.97985	0.849078056614
10317.000013159	343.5	6.15642748483	184.0	0.97197	0.818286274612
10317.000018073	278.857142857	5.65716008154	166.0	0.95608	0.767068452203
10317.000021267	321.769230769	5.05058062925	136.0	0.927148	0.712607704954
10317.000016772	329.7	5.97582809925	184.0	0.967384	0.794281768948
10317.000009596	229.913043478	5.56246228269	145.0	0.957	0.774726004599
10317.000009003	241.916666667	5.27048903047	147.0	0.921266	0.732045679031
10317.000006635	313.777777778	5.21569244577	172.0	0.915228	0.702330527937
10317.000017265	384.666666667	5.71231544599	172.0	0.953772	0.769204389377
10317.000001734	358.473684211	6.00547557766	175.0	0.967232	0.80597308109
10317.000001286	250.774193548	5.49390978678	166.0	0.934724	0.744932937365
10317.000014397	335.875	6.15531256085	180.0	0.973752	0.821600808465
10317.000010746	166.75	4.34749773262	95.0	0.900772	0.661734137217
10317.000010873	208.65	4.85472858323	126.0	0.906898	0.695791001144
10317.000016731	278.5	5.96412994395	169.0	0.959068	0.805867734408
10317.000016458	374.375	6.37062508121	207.0	0.97212	0.828054316125
10317.000009174	319.777777778	5.94079345365	178.0	0.96222	0.794677005073
10317.000004719	303.428571429	6.03898028911	189.0	0.96526	0.798570047128
10317.000018345	191.652173913	5.42255026174	134.0	0.943096	0.767404729205
10317.000013222	235.0	5.209080531	142.0	0.928398	0.728568499547
10317.000003809	208.893617021	5.74690212471	166.0	0.9552	0.779236799777
10317.000004847	220.0	5.21868972882	133.0	0.931888	0.73968544513
10317.000002261	237.857142857	5.95255747434	177.0	0.96105	0.797117286714
10317.000014134	243.894736842	5.21600606538	131.0	0.937166	0.741602782065
10317.000016729	293.5625	6.16841818105	182.0	0.972008	0.821601878669
10317.000014877	291.2	5.88004086444	175.0	0.958504	0.78913894348
10317.000001652	253.230769231	6.06794176727	163.0	0.972964	0.825713190081
10317.000017083	226.038461538	5.36770110536	141.0	0.952496	0.751826107891
10317.000002606	231.896551724	5.35172732037	151.0	0.926812	0.739351765078
10317.000011357	358.12	5.95134627119	187.0	0.96499	0.788582151615
10317.000004813	283.181818182	6.08341514579	185.0	0.966718	0.807742268492
10317.000013453	207.384615385	5.2498067583	137.0	0.930246	0.739614402548
10317.000016768	252.5	6.11552655424	172.0	0.971188	0.823499667227
10317.000013174	131.052631579	3.87743762438	90.0	0.82178	0.597277474836
10317.000016166	206.2	5.2395186953	133.0	0.93259	0.742637696392
10317.000003595	244.037037037	4.44078936344	144.0	0.865276	0.619363433026
10317.000012184	266.40625	6.08342923854	182.0	0.966344	0.810281784476
10317.000011358	291.456521739	6.68429109301	212.0	0.982904	0.864953402705
10317.000013471	358.386363636	5.90993550699	212.0	0.955934	0.764751079121
10317.000001436	278.857142857	5.79797142446	166.0	0.960782	0.786161413567
10317.000009385	305.757575758	6.26975293436	195.0	0.973258	0.824172564589
10317.000006053	290.615384615	5.36481844673	166.0	0.927768	0.727429120436
10317.000002185	222.666666667	5.14670680988	136.0	0.930024	0.726170552871
10317.000016488	128.375	4.10547248956	89.0	0.843478	0.633977993894
10317.000001516	202.136363636	4.84409701879	127.0	0.886742	0.693134292917
10317.000011352	314.322580645	6.12806282112	188.0	0.966358	0.811170924247
10317.000004009	202.44	5.38786084562	134.0	0.947376	0.762495448386
10317.000013801	233.038461538	5.47627996654	148.0	0.951066	0.759597113513
10317.000003996	384.5	6.32028219447	221.0	0.964242	0.811551267658
10317.000017339	252.230769231	5.73490875578	162.0	0.950644	0.781338685877
10317.000010183	350.941176471	6.53693735007	214.0	0.978986	0.844405506288
10317.000012318	298.076923077	5.05923387976	164.0	0.88834	0.687624617072
10317.000007666	314.607142857	6.03548591041	181.0	0.966474	0.804747990996
10317.000006026	204.8	5.37215184827	125.0	0.957966	0.77121995582
10317.000002349	208.714285714	5.3944695783	130.0	0.949858	0.768183855066
10317.000015908	216.666666667	5.36706442217	128.0	0.950744	0.766723488882
10317.000001423	238.55	4.73787450577	128.0	0.899906	0.67683921511
10317.000011036	284.0	5.63559980305	151.0	0.959424	0.778569312715
10317.000005845	348.047619048	5.90561581378	174.0	0.9641	0.793451652169
10317.000009118	220.724137931	5.60400625794	149.0	0.959392	0.776267549657
10317.000005576	326.047619048	5.88733389973	164.0	0.96703	0.80017564212
10317.000013584	172.038461538	4.83832964756	123.0	0.900218	0.69691314924
10317.000002801	349.517241379	6.28712782334	202.0	0.969738	0.820965552793
10317.000013265	364.444444444	6.00614338602	192.0	0.96169	0.791848791006
10317.000010833	224.647058824	4.77478165594	124.0	0.912048	0.686604381416
10317.000013238	223.272727273	4.86277162138	98.0	0.94305	0.735145113841
10317.000012983	295.588235294	5.56504887367	183.0	0.91685	0.74045651016
10317.000004915	293.055555556	5.85309669406	155.0	0.966046	0.80442504389
10317.000001099	530.03030303	6.96478942972	260.0	0.985128	0.868171292073
10317.000010881	258.333333333	4.92643208126	140.0	0.90911	0.691013678311
10317.000015856	341.53125	6.21804624643	202.0	0.970564	0.811944963968
10317.000017324	241.5	3.95149126016	149.0	0.70643	0.547360994408
10317.000003061	253.625	5.66837467894	153.0	0.955094	0.781048884503
10317.000028859	357.5	6.13667035999	203.0	0.96858	0.800574224834
10317.000014922	343.833333333	6.03241717448	195.0	0.962578	0.792974266357
10317.000012903	303.097560976	6.34374925446	201.0	0.975528	0.829134282516
10317.000014684	274.84375	6.14148155178	181.0	0.96843	0.81888103359
10317.000012991	311.363636364	6.48181250487	198.0	0.978528	0.849588350321
10317.000014121	222.772727273	4.79103677697	134.0	0.88488	0.678032310071
10317.000004736	286.5625	5.428034072	175.0	0.909556	0.728476752374
10317.000011248	342.7	6.18069324114	197.0	0.967986	0.810896250451
10317.000010962	239.0	5.84428990776	168.0	0.961262	0.790589685686
10317.000016773	282.75	5.80461293929	164.0	0.96112	0.788932641679
10317.000002348	356.903225806	5.67846928758	194.0	0.939126	0.747175580233
10317.000016354	302.459459459	6.60525891979	199.0	0.983192	0.864944821567
10317.000004922	164.789473684	4.7331926304	115.0	0.890098	0.691432256154
10317.000003091	183.666666667	4.7404920165	110.0	0.916384	0.699047420689
10317.000001965	254.888888889	6.39939421956	173.0	0.980562	0.860755107535
10317.000005454	191.55	5.12122835066	120.0	0.941648	0.741466551376
10317.000014369	368.5	6.77517928962	239.0	0.981544	0.857523541946
10317.000003086	371.333333333	5.97875142517	188.0	0.965046	0.791406593073
10317.000001528	347.652173913	6.31926279194	185.0	0.975012	0.8390575919
10317.000002444	254.576923077	5.54219077104	159.0	0.947802	0.757866740781
10317.000015584	273.111111111	5.35139101284	159.0	0.93444	0.731775832536
10317.000023375	375.866666667	4.64645875932	149.0	0.846886	0.643627967148
10317.000015624	233.416666667	5.81457319611	172.0	0.955132	0.782974131434
10317.000020431	310.21875	6.44230535505	196.0	0.9779	0.846034253036
10317.000006671	296.035714286	6.2657730947	186.0	0.973668	0.831097109331
10317.000009102	201.214285714	5.19967666913	138.0	0.931228	0.73147060276
10317.000015214	363.333333333	6.18871755446	195.0	0.972724	0.813520288881
10317.000002172	367.75	5.47159069917	163.0	0.937426	0.744562948083
10317.000016745	248.935483871	5.20209981946	157.0	0.92656	0.713141916288
10317.000001189	382.866666667	5.5627909573	156.0	0.95165	0.763553032515
10317.000007678	178.5	2.9375228409	96.0	0.703694	0.446095606556
10317.000003358	199.115384615	5.53394808403	142.0	0.951074	0.774006127984
10317.000009231	302.75	4.82096316171	154.0	0.896134	0.663424353352
10317.000006653	190.789473684	5.05640687152	121.0	0.931424	0.730814687054
10317.000018318	332.117647059	6.25534418139	198.0	0.970092	0.819904546726
10317.000013859	276.615384615	5.83463387979	167.0	0.954368	0.790204164288
10317.000015928	299.9375	6.35472812129	191.0	0.9745	0.838639103779
10317.000013757	271.0	6.25509610535	192.0	0.970434	0.82467066973
10317.000012298	279.121212121	5.61261618105	176.0	0.940616	0.752418745555
10317.000001731	324.533333333	6.16973351167	185.0	0.97435	0.819203428218
10317.000017171	311.045454545	5.84206626025	171.0	0.962018	0.78756840319
10317.000014587	262.176470588	5.26699649302	136.0	0.943584	0.743142731186
10317.000017343	314.8	5.9790132204	172.0	0.969368	0.805117164267
10317.000002171	319.333333333	5.92265754904	161.0	0.966784	0.807901337242
10317.000016764	246.25	5.96071537502	160.0	0.969622	0.814090946779
10317.000016727	303.869565217	5.80635365773	163.0	0.96539	0.790116811491
10317.000002013	314.571428571	5.58245714235	187.0	0.934878	0.739702558717
10317.000013454	233.7	6.03524350086	160.0	0.97365	0.824269703642
10317.000016766	281.111111111	5.7696938509	167.0	0.957888	0.781409116936
10317.000001234	235.043478261	4.55664720117	136.0	0.848582	0.64291655607
10317.000001922	289.375	6.22814616246	198.0	0.966564	0.816339630273
10317.000026623	427.774193548	6.1943061429	220.0	0.960716	0.796044183915
10317.000006761	317.0	6.63083766681	212.0	0.981332	0.858036480292
10317.000004076	292.538461538	5.983461564	171.0	0.96773	0.806629890793
10317.000009532	352.965517241	6.46114039145	199.0	0.97957	0.846072802122
10317.000005846	234.7	5.98204166545	161.0	0.970402	0.816001840548
10317.000004821	401.512195122	6.50263906918	236.0	0.97247	0.824931311548
10317.000002712	318.681818182	5.40009473089	164.0	0.930928	0.733952641789
10317.000010832	270.8	5.2586449231	143.0	0.93969	0.734460813017
10317.000013734	294.512195122	6.40105222987	199.0	0.978426	0.83820438321
10317.000009659	289.125	5.70598998311	164.0	0.955216	0.775528325118
10317.000001116	259.0	4.99446508908	148.0	0.91706	0.692766127442
10317.000017292	351.263157895	6.63998676164	221.0	0.980278	0.852602701562
10317.000015862	271.176470588	5.62143046975	145.0	0.959884	0.782938948011
10317.000002446	220.230769231	4.32331424246	130.0	0.842894	0.615649074153
10317.000006678	309.588235294	5.6066349179	155.0	0.953284	0.770552371787
10317.000014224	307.535714286	6.49671767145	186.0	0.98291	0.86172978103
10317.000017218	313.222222222	6.2923166269	181.0	0.977656	0.838992790204
10317.000009661	292.161290323	5.89218277847	177.0	0.9641	0.789032406567
10317.000006729	300.0	5.63560527118	150.0	0.963208	0.779602520477
10317.000003476	344.731707317	6.55032935943	224.0	0.975396	0.838994694723
10317.000001811	221.5	4.43139382301	130.0	0.848828	0.631039834568
10317.000016749	290.166666667	6.19008139115	191.0	0.971596	0.816910528839
10317.000003214	148.12	2.69658791338	103.0	0.516954	0.403288372208
10317.000013686	221.652173913	5.30107558273	134.0	0.948284	0.7502135113
10317.000010845	290.724137931	6.23780337518	179.0	0.97639	0.833505735688
10317.000001311	213.666666667	4.73715829376	125.0	0.894026	0.680061009668
10317.000003593	288.0	5.91225661697	168.0	0.965866	0.799783921446
10317.000001435	260.368421053	5.20804502567	144.0	0.919366	0.726373710273
10317.000017205	347.037037037	6.04365454775	192.0	0.960918	0.796794255367
10317.000014551	289.333333333	5.70080246782	150.0	0.964508	0.788621586997
10317.000002781	194.285714286	3.81957411712	110.0	0.78173	0.563246056614
10317.000007675	226.2	5.78729681169	159.0	0.957646	0.791383760287
10317.000003216	186.214285714	5.57817284629	137.0	0.955706	0.785875969719
10317.000005238	250.137931034	5.4562974943	162.0	0.933762	0.743379972637
10317.000022448	391.55	5.62424649484	173.0	0.949678	0.756493307081
10317.000001004	171.05	5.0413511727	117.0	0.939214	0.733782175833
10317.000014122	249.375	5.34169820081	135.0	0.946866	0.754816644231
10317.000016728	357.037037037	6.429011913	202.0	0.975124	0.839492605745
10317.000010773	268.565217391	4.24661885579	138.0	0.853028	0.597398079111
10317.000005553	276.884615385	6.05967338463	173.0	0.967382	0.81506071307
10317.000014054	271.0	6.06237004347	180.0	0.97025	0.809194996955
10317.000001779	262.076923077	5.91710098142	161.0	0.963724	0.807143373714
10317.000026081	254.588235294	5.26670151075	136.0	0.942332	0.743101110893
10317.000016769	244.12	5.5954137085	153.0	0.951946	0.770995546853
10317.000003372	254.516129032	5.95544002231	165.0	0.969972	0.808468574833
10317.000004738	308.578947368	6.18396319714	196.0	0.970396	0.812107529208
10317.000041976	362.8	6.41172962319	199.0	0.976502	0.839602565503
10317.000036427	283.121212121	6.02714337037	180.0	0.967416	0.804492999645
10317.000043092	286.25	6.22715170356	194.0	0.967522	0.81937146292
10317.000036069	168.8	5.14806693264	110.0	0.949454	0.759149661738
10317.000028711	247.666666667	5.48685917917	153.0	0.950696	0.75603775051
10317.000027901	402.9375	6.46103819849	219.0	0.975424	0.831024457514
10317.000031057	304.791666667	5.53266058129	163.0	0.947124	0.752873213592
10317.000021275	397.666666667	5.20631173514	160.0	0.92898	0.71105747935
10317.000031439	239.8	5.32761130472	139.0	0.935364	0.748371316787
10317.000036437	309.675675676	5.83990709619	189.0	0.960036	0.772245422533
10317.000043117	266.555555556	5.66807086329	161.0	0.957384	0.773173527613
10317.000040144	206.666666667	4.37991190468	118.0	0.838556	0.636370631641
10317.000039994	370.0	5.53974308756	160.0	0.941818	0.75659621561
10317.000036067	335.777777778	6.4854141442	194.0	0.980622	0.853353752717
10317.000036877	373.081081081	6.26337348358	214.0	0.970328	0.809068035113
10317.000038417	287.885714286	5.69067790904	181.0	0.947988	0.758772646094
10317.000031891	254.277777778	5.8836224403	173.0	0.95959	0.791380854584
10317.000028719	385.833333333	5.47762176452	142.0	0.953652	0.766128042428
10317.000023341	245.541666667	5.18301195981	142.0	0.935558	0.72492241658
10317.000036901	279.451612903	5.34721632004	167.0	0.938174	0.724191558631
10317.000035492	323.0	6.08213758542	203.0	0.957654	0.793460019382
10317.000041632	263.04	5.08832355901	155.0	0.895262	0.699317833999
10317.000027775	304.117647059	5.57843043924	181.0	0.943834	0.743806009247
10317.000036094	191.125	3.97804084159	105.0	0.81016	0.592477714901
10317.000039831	265.04	5.41492341332	157.0	0.936364	0.742317332144
10317.000043164	191.526315789	4.99730290316	119.0	0.93233	0.724791151081
10317.000036422	296.24	6.075812523	173.0	0.969674	0.817231519447
10317.000036939	307.291666667	5.41388887264	155.0	0.946428	0.744062164291
10317.000020388	387.657894737	6.6857154015	227.0	0.982756	0.854235479708
10317.000036147	265.5	5.85930673716	173.0	0.946376	0.788110253499
10317.000035412	316.956521739	5.76215940663	169.0	0.95859	0.778577661782
10317.000031272	128.583333333	3.70227452824	79.0	0.815372	0.587310167682
10317.000037565	305.636363636	5.51113501098	176.0	0.935174	0.738814335023
10317.000018298	228.434782609	5.38297562744	138.0	0.95055	0.75725639831
10317.000001764	281.0	5.99868647027	167.0	0.969788	0.812422360466
10317.000014232	300.333333333	5.96505343644	193.0	0.96372	0.785655211108
10317.000009677	240.636363636	5.08213918317	134.0	0.937036	0.719229413356
10317.000036045	301.4	6.1323860979	170.0	0.971554	0.827650497963
10317.000018424	224.545454545	4.53987472247	130.0	0.869516	0.646487743643
10317.000015901	170.454545455	5.02326186746	117.0	0.93233	0.73114922897
10317.000014978	272.533333333	6.03324976336	175.0	0.968162	0.80970055375
10317.000017133	266.0	5.54866959159	155.0	0.952684	0.762585860623
10317.000018401	360.236842105	6.60807834267	222.0	0.98051	0.847796480965
10317.000026136	346.0	5.7599577884	156.0	0.962512	0.79061630578
10317.000018408	186.5	5.00047216126	119.0	0.935108	0.725250809074
10317.000013197	273.387096774	6.10311506904	174.0	0.974048	0.819986752882
10317.000001936	195.0	4.65701785576	118.0	0.913368	0.676632192365
10317.000009495	218.230769231	4.56497958063	104.0	0.91589	0.68129552278
10317.000033748	221.1875	5.08773424598	150.0	0.888408	0.703812678643
10317.000006717	321.2	5.85576311728	175.0	0.960096	0.785880715147
10317.000001786	351.0	6.36428073637	199.0	0.976202	0.83338923315
10317.000022553	382.285714286	6.20054668835	211.0	0.969448	0.803065280837
10317.000009178	343.0	6.16395601676	191.0	0.97128	0.813462740019
10317.000034127	373.714285714	5.25188270911	148.0	0.934056	0.728471694421
10317.000005085	214.791666667	5.48963174767	136.0	0.957248	0.774555277484
10317.000009648	325.875	5.7265470504	170.0	0.952306	0.772876893628
10317.000013001	331.5	5.73037179376	182.0	0.946326	0.76325633137
10317.000034147	406.772727273	5.34914379343	168.0	0.939468	0.723608509687
10317.000028856	214.954545455	5.06649977417	129.0	0.937084	0.722626665717
10317.000005163	153.0	4.24263584053	98.0	0.880132	0.641394095964
10317.000009628	436.055555556	5.77076199582	172.0	0.959326	0.777074637982
10317.000001789	303.565217391	5.95598748782	173.0	0.956534	0.801114367182
10317.000002346	240.285714286	5.10905889157	149.0	0.931604	0.707707387227
10317.000016762	238.038461538	5.53444271885	153.0	0.943088	0.762594316139
10317.000014291	284.636363636	6.15573148354	184.0	0.96787	0.818193765067
10317.000011191	227.538461538	5.7871488476	150.0	0.966028	0.800566329767
10317.000011969	271.260869565	5.6219865081	157.0	0.955376	0.770703056627
10317.000013764	218.322580645	5.51680530385	147.0	0.950056	0.766257829471
10317.000016333	253.84	5.88346212974	160.0	0.966778	0.803540003876
10317.000038478	288.24137931	6.16593229729	182.0	0.970478	0.821270771616
10317.000034126	272.615384615	5.77337995539	163.0	0.957216	0.785629817054
10317.000006036	366.888888889	6.41012866261	198.0	0.978068	0.84019255906
10317.000013902	331.090909091	5.8694134854	190.0	0.95633	0.775366636972
10317.000015295	230.0	4.53722875746	126.0	0.872996	0.650286187054
10317.000006795	376.90625	6.03306744637	203.0	0.960826	0.787058455305
10317.000002141	229.047619048	5.03444420009	139.0	0.917494	0.707190036926
10317.000006017	244.0	4.72108603881	122.0	0.88851	0.681180920423
10317.000021323	297.538461538	6.25024891837	176.0	0.976832	0.837898815609
10317.000017174	220.565217391	5.37048224636	141.0	0.926926	0.752215647914
10317.000014451	245.285714286	5.22090578312	140.0	0.932198	0.732318491314
10317.000013984	277.181818182	6.02336230559	161.0	0.97216	0.821638330612
10317.000015587	205.125	4.77139253861	119.0	0.89176	0.692025910243
10317.000003508	317.476190476	5.74393003769	167.0	0.951122	0.777919836734
10317.000036114	236.625	4.9761876462	126.0	0.928004	0.713198796775
10317.000010712	255.428571429	6.08818837138	174.0	0.971614	0.817981269745
10317.000013986	272.37037037	5.76050344393	164.0	0.956744	0.782937509693
10317.000014259	467.666666667	5.66872345451	170.0	0.95136	0.765072797936
10317.000006899	421.037037037	6.47313526269	211.0	0.979398	0.838369654953
10317.000003879	212.4	5.13502413532	117.0	0.941758	0.747416526619
10317.000003287	327.833333333	6.54476679243	209.0	0.980574	0.849158146165
10317.000013952	221.75	5.80216371612	148.0	0.962938	0.804799396273
10317.000010169	205.5	3.75820627968	83.0	0.845544	0.589518907318
10317.000001805	262.037037037	5.91646493232	162.0	0.964458	0.806074365279
10317.000012959	280.217391304	5.69879815061	153.0	0.96494	0.785240953651
10317.000005009	269.516129032	5.69770011203	165.0	0.958576	0.773479620672
10317.000033803	255.0	5.35392512424	133.0	0.94134	0.758853408519
10317.000014237	391.5	5.61551360579	169.0	0.94946	0.758763016496
10317.000017185	384.6	6.1941652789	207.0	0.972082	0.805118058056
10317.000002811	212.285714286	5.09695000789	128.0	0.93574	0.728135715413
10317.000035361	231.526315789	5.31494488276	132.0	0.948836	0.754492833976
10317.000044399	205.869565217	5.19313114894	134.0	0.921682	0.734937107212
10317.000005987	251.884615385	5.99818011484	159.0	0.97206	0.820220992394
10317.000003922	314.75	5.86869783768	166.0	0.967306	0.795751384425
10317.000015542	174.0	4.61451470227	105.0	0.907532	0.68727226166
10317.000017114	156.230769231	4.85589357868	90.0	0.945722	0.747998068752
10317.000014222	183.272727273	5.2277497307	123.0	0.94862	0.753005229831
10317.000001882	323.571428571	6.0385733659	196.0	0.961538	0.793014243421
10317.000012004	289.069767442	6.09534397372	198.0	0.961134	0.798932895295
10317.000001702	318.113207547	6.12258933466	219.0	0.96195	0.787492864786
10317.000001732	242.375	6.05415059317	182.0	0.964054	0.806382018064
10317.000014929	209.0	4.97738425612	129.0	0.930822	0.709916263557
10317.000001151	340.047619048	5.84493981938	166.0	0.96782	0.792529975439
10317.000002262	411.5	6.11728440313	208.0	0.966178	0.794407154272
10317.000016752	180.714285714	4.66717621892	120.0	0.90314	0.675727544011
10317.000027295	308.193548387	5.88019287588	179.0	0.962502	0.785721221753
10317.000029188	287.344827586	5.62630907274	170.0	0.949218	0.759348389258
10317.000014392	197.12	5.24603454797	131.0	0.945858	0.745872180136
10317.000002512	199.5	5.13836468754	133.0	0.932074	0.728300352893
10317.000012242	320.777777778	5.92902968811	179.0	0.964616	0.792246878407
10317.000031519	201.5	5.36942989652	134.0	0.948228	0.759887082061
10317.000016177	362.807692308	5.46909481242	180.0	0.931218	0.730005613043
10317.000015329	276.516129032	6.01395102831	172.0	0.966592	0.809821791568
10317.000014318	254.137931034	6.0083666908	166.0	0.972074	0.814689432745
10317.000013609	202.0	4.55065137832	118.0	0.886472	0.661177885542
10317.000014317	258.777777778	5.37304006086	156.0	0.93437	0.737507676233
10317.000029154	265.12	5.55881003132	160.0	0.943892	0.759200303428
10317.000009529	197.769230769	4.93741896208	111.0	0.932	0.726687777021
10317.000011955	242.5	5.18134666553	134.0	0.939768	0.73326935535
10317.000003266	218.375	5.20209743286	137.0	0.92834	0.732892916241
10317.000016405	328.037037037	6.27387367442	183.0	0.977264	0.834769058027
10317.000010984	307.636363636	5.91764052671	164.0	0.96936	0.804294760403
10317.000010843	252.884615385	5.81575256028	160.0	0.96401	0.794292498494
10317.000008955	189.0	5.74904756052	136.0	0.968442	0.811157347741
10317.000027648	183.9	4.5115515136	115.0	0.870458	0.6590545717
10317.000015263	148.076923077	3.69817014873	85.0	0.793842	0.576992445238
10317.000014357	282.4	5.16378672816	135.0	0.92354	0.729676597807
10317.000017093	240.476190476	4.77862307133	132.0	0.90095	0.67835827899
10317.000010797	244.464285714	5.17597013045	148.0	0.936842	0.717942105726
10317.000014954	234.785714286	5.52924770797	151.0	0.953312	0.76387655942
10317.000014379	302.391304348	5.70614226825	165.0	0.954062	0.774625668317
10317.000005915	194.125	4.44983230687	108.0	0.870644	0.658757426447
10317.000001363	236.275862069	5.0822743726	153.0	0.880708	0.700289757522
10317.000013604	93.1666666667	2.49157323645	51.0	0.555542	0.439243019738
10317.000014095	282.615384615	5.25260713779	158.0	0.933194	0.719162762259
10317.000012275	227.2	5.61940246986	144.0	0.960258	0.783746338871
10317.000006619	223.882352941	5.44823525457	130.0	0.955992	0.775840200859
10317.000011145	223.9375	4.0856102635	117.0	0.796528	0.594671524767
10317.000011389	256.916666667	5.89988111624	162.0	0.964028	0.80381494362
10317.000023487	219.652173913	4.94734724843	132.0	0.911564	0.702309831706
10317.000002205	142.0	3.72750280305	97.0	0.799	0.564780610317
10317.000011155	202.107142857	5.29466937568	141.0	0.930802	0.741596931563
10317.000006929	273.526315789	5.17360922888	139.0	0.93647	0.72673859441
10317.000013648	191.6875	4.80455471877	112.0	0.893418	0.705788779016
10317.000012155	314.333333333	6.55934480751	207.0	0.980812	0.852584120015
10317.000013119	260.033333333	6.01190638804	170.0	0.968208	0.811390091285
10317.000006654	273.12	6.05332578373	168.0	0.969794	0.818867134287
10317.000002071	281.058823529	5.1081144208	139.0	0.924608	0.717538517122
10317.000011049	245.038461538	5.99755102105	160.0	0.968174	0.819121813726
10317.000004159	235.260869565	4.90397884838	142.0	0.890534	0.685895426288
10317.000002568	133.5	4.52958395661	91.0	0.888306	0.69602441488
10317.000008957A	283.736842105	6.2829636922	192.0	0.97451	0.828344727031
10317.000002749	355.7	6.06845492817	194.0	0.96406	0.798490068791
10317.000001127	235.375	5.67364295722	154.0	0.95559	0.780763673936
10317.000017661	276.538461538	6.0007396226	164.0	0.972544	0.815589155039
10317.000002201	105.461538462	3.75521843482	72.0	0.841084	0.608632752253
10317.000011298	188.576923077	4.74066677885	125.0	0.907282	0.680564683762
10317.000001939	304.4375	4.80218018318	131.0	0.890202	0.682765729025
10317.000001726	193.428571429	5.28663599488	151.0	0.917918	0.730359269102
10317.000012381	254.785714286	6.22554326864	171.0	0.975306	0.839264902632
10317.000009447	316.125	5.12112958697	138.0	0.928904	0.72042090002
10317.000029245	276.25	5.97809905005	169.0	0.970666	0.807755227135
10317.000014958	258.0	5.74092118609	153.0	0.958254	0.791045112997
10317.000015364	244.444444444	5.65155743033	155.0	0.956686	0.776726333353
10317.000016484	332.588235294	5.17837923223	142.0	0.940326	0.724274459736
10317.000010908	319.25	5.72393246391	174.0	0.943418	0.769041504493
10317.000003125	229.047619048	4.97690183219	139.0	0.887144	0.699107041532
10317.000001524	266.04	5.00376936754	149.0	0.922042	0.693122671032
10317.000014949	245.636363636	5.14424371809	139.0	0.93588	0.722613611426
10317.000015933	298.619047619	6.02448479919	170.0	0.968928	0.813087722205
10317.000014012	291.956521739	5.55549218202	158.0	0.954456	0.760632386645
10317.000004774	257.12	5.25377470847	152.0	0.92541	0.724865790769
10317.000008954B	206.956521739	5.39552201134	140.0	0.93653	0.756811308868
10317.000017636	206.8	5.2890753301	127.0	0.948806	0.756805545987
10317.000016703	247.8	5.99263966341	162.0	0.969602	0.816452606123
10317.000003365	197.545454545	4.98658065617	125.0	0.921716	0.715867797851
10317.000017216	382.137931034	6.62139922651	208.0	0.983148	0.859872873351
10317.000004163	311.8125	5.2291891161	143.0	0.938674	0.730346799563
10317.000018338	283.965517241	6.16536620593	175.0	0.974828	0.827431422006
10317.000003411	236.0	4.49125675613	89.0	0.927974	0.693551827605
10317.000013697	296.076923077	5.34394386928	162.0	0.922876	0.728072626441
10317.000017161	238.8	4.497979811	101.0	0.895864	0.675553761345
10317.000001072	237.916666667	5.10507042193	143.0	0.924254	0.7130114749
10317.000002773	213.4	4.04761845078	107.0	0.806556	0.600406181466
10317.000010748	235.12	5.62425850569	144.0	0.96276	0.784423617341
10317.000011956	285.045454545	5.18299594301	145.0	0.939924	0.721874870285
10317.000007641	255.576923077	5.80425764316	160.0	0.960696	0.792722568146
10317.000005007	216.037037037	5.06716960567	139.0	0.912466	0.711786985439
10317.000012948	211.0	4.09893422983	131.0	0.795688	0.582779427447
10317.000017079	206.5	4.50246014367	96.0	0.920712	0.683748790245
10317.000009193	227.235294118	4.96286622772	130.0	0.904552	0.706722626876
10317.000012984	299.0	5.88312955117	166.0	0.966462	0.79770821647
10317.000015581	260.058823529	5.06835772156	130.0	0.93522	0.721744838281
10317.000014802	209.0	5.46979191442	146.0	0.952464	0.760768481849
10317.000020067	247.545454545	5.44166365201	144.0	0.946874	0.758956844167
10317.000017353	335.8	6.35468384338	200.0	0.976486	0.831345290337
10317.000001059	277.75	5.16817379435	139.0	0.942376	0.725975077129
10317.000017088	277.0	5.38940181708	144.0	0.95081	0.751667809077
10317.000013213	171.043478261	5.42025313903	128.0	0.946592	0.774321877005
10317.000004602	222.5	5.24481495631	131.0	0.94432	0.745698780688
10317.000014399	219.217391304	5.36721879206	137.0	0.949462	0.756155893539
10317.000005008	325.125	5.41278468723	147.0	0.936516	0.751809864114
10317.000010104	296.125	6.08424751184	171.0	0.96901	0.820216834944
10317.000010565	245.473684211	5.33004958868	136.0	0.933106	0.752039158167
10317.000027213	170.789473684	4.01743665866	101.0	0.848264	0.603380753085
10317.000007746	273.78125	5.72221939038	170.0	0.955742	0.772292815928
10317.000027194	191.035714286	4.86555054946	132.0	0.920912	0.690698229971
10317.000015224	319.833333333	6.48131522051	198.0	0.977356	0.849523169943
10317.000013933	296.052631579	5.57485217177	150.0	0.955928	0.771198228986
10317.000018033	252.1875	5.20113576252	134.0	0.93	0.736069928121
10317.000006084	276.0	5.3008461696	117.0	0.952944	0.771552368171
10317.000023423	274.772727273	5.63345101109	152.0	0.95259	0.777249910494
10317.000002059	351.894736842	5.87653389741	164.0	0.967614	0.798707762272
10317.000005851	242.576923077	5.33976623272	147.0	0.946272	0.741667950563
10317.000003047	201.291666667	4.91228759547	130.0	0.917728	0.699520122879
10317.000008982	193.677419355	5.56086505827	144.0	0.955526	0.775582039861
10317.000010765	196.565217391	4.96790995357	132.0	0.888682	0.705228848556
10317.000012072	174.25	4.73277308924	113.0	0.899718	0.693936788949
10317.000002005	240.9	5.94001623301	177.0	0.965234	0.795437867355
10317.000017183	308.076923077	5.7574822033	174.0	0.948404	0.773549094725
10317.000008976	239.5	5.12080398066	142.0	0.917676	0.71622169219
10317.000012228	327.291666667	5.99779973218	175.0	0.969472	0.804942933727
10317.000011224	262.9	5.21013851522	149.0	0.903306	0.721708947568
10317.000023828	207.214285714	5.47519083055	144.0	0.947918	0.763632929138
10317.000003149	216.0	5.37452017091	151.0	0.93704	0.742500642677
10317.000013029	206.476190476	4.97914960091	125.0	0.92772	0.714801004085
10317.000026111	188.058823529	4.31278802617	107.0	0.885732	0.639740287221
10317.000003536	246.833333333	5.93353621353	164.0	0.966776	0.806455219046
10317.000011012	291.774193548	5.99166437458	182.0	0.965876	0.798059172064
10317.000010259	180.652173913	5.11011155003	123.0	0.9415	0.736060622718
10317.000006637	250.384615385	6.12819598718	183.0	0.969852	0.815385941302
10317.000012113	183.083333333	4.07721651521	93.0	0.855176	0.623507798631
10317.000013079	184.333333333	5.25516813838	119.0	0.947832	0.762191013422
10317.000001488	173.6875	3.21457473417	94.0	0.694636	0.490431178356
10317.000004162	253.636363636	5.6998657932	147.0	0.96323	0.791684054524
10317.000012906	258.666666667	4.95094769954	120.0	0.934572	0.716812816275
10317.000012976	226.2	5.84526445696	153.0	0.967066	0.805422637409
10317.000009533	115.666666667	3.62352836456	76.0	0.80135	0.579956850774
10317.000014309	267.035714286	5.48757016485	157.0	0.944164	0.75227628053
10317.000013778	293.607142857	6.00001447295	175.0	0.96766	0.805240166048
10317.000010732	229.25	5.24072844457	143.0	0.94461	0.731958466578
10317.000002371	283.181818182	5.64851739655	175.0	0.946362	0.758067019142
10317.000006021	188.176470588	4.95190271476	119.0	0.913418	0.718206468213
10317.000002329	281.34375	5.67182773613	175.0	0.932968	0.761195415216
10317.000010761	261.033333333	5.8720395766	171.0	0.951784	0.79160910315
10317.000009129	308.0	5.89932342626	165.0	0.960424	0.800850581156
10317.000014323	352.0	5.55096033021	174.0	0.94474	0.745801756161
10317.000006894	244.230769231	5.53175809793	154.0	0.946954	0.761238556678
10317.000014241	180.75	4.80763339718	117.0	0.918894	0.699763927158
10317.000001685	256.2	4.90615366987	126.0	0.922534	0.703161364266
10317.000011302	310.0	5.05342912948	152.0	0.908036	0.697224016121
10317.000012231	202.4375	5.05355425529	113.0	0.942548	0.740970916326
10317.000015577	306.730769231	6.14441448096	179.0	0.97138	0.82102695521
10317.000001579	251.935483871	5.54614260821	160.0	0.95192	0.757470236847
10317.000002202	332.5	5.98395027905	175.0	0.969762	0.803084248888
10317.000017662	336.833333333	6.01037047709	188.0	0.965064	0.795592003099
10317.000003432	150.555555556	4.65614296556	105.0	0.882638	0.693472252885
10317.000011116	330.0	6.27171066585	192.0	0.975842	0.826861130198
10317.000006737	256.2	6.06697212553	178.0	0.961666	0.811555438882
10317.000006841	280.571428571	6.0445783313	188.0	0.964434	0.800120092566
10317.000013563	329.833333333	5.20134751155	181.0	0.880216	0.693527252408
10317.000013295	311.5	6.09580119329	187.0	0.952342	0.807723127134
10317.000016699	308.451612903	6.43190752207	196.0	0.977028	0.844668760037
10317.000017217	306.607142857	6.45748840215	188.0	0.980386	0.854776948016
10317.000016702	370.848484848	6.15787947662	199.0	0.972434	0.80636142047
10317.000006728	232.090909091	4.30408118651	102.0	0.871626	0.64505497865
10317.000002498	274.076923077	5.92340695343	173.0	0.95091	0.796732099046
10317.000013286	308.0	5.18814245217	150.0	0.932124	0.717702666826
10317.000022964	227.275862069	5.34206909761	144.0	0.946756	0.745066244979
10317.000002466	237.545454545	5.24918298477	143.0	0.91894	0.733139289502
10317.000017644	237.294117647	5.63661050915	160.0	0.954854	0.769825985192
10317.000017173	382.25	5.47633973947	151.0	0.945594	0.756567218426
10317.000013332	480.636363636	6.65529121872	242.0	0.9735	0.840435176022
10317.000002173	171.928571429	4.54537815918	98.0	0.908836	0.687162138067
10317.000011329	250.107142857	5.57644353859	151.0	0.956326	0.770396757215
10317.000007039	268.028571429	5.91066059432	180.0	0.960366	0.788945073845
10317.000002886	297.391304348	5.73880636564	160.0	0.963382	0.783783491352
10317.000006887	363.037037037	5.97535839334	187.0	0.961064	0.791763873883
10317.000009126	289.4	4.94511092226	133.0	0.903998	0.700908995136
10317.000022636	238.476190476	4.80003789782	130.0	0.9093	0.683535528987
10317.000014233	310.034482759	6.29203004177	184.0	0.976494	0.836309992331
10317.000023088	319.0	5.65465596438	161.0	0.957596	0.771343620232
10317.000004974	310.416666667	6.03508142329	189.0	0.96709	0.798054477064
10317.000002414	117.25	3.78048901582	70.0	0.84978	0.616791393932
10317.000006027	328.166666667	5.64855373761	165.0	0.95566	0.766807855172
10317.000017098	256.0625	6.03042283187	167.0	0.972604	0.81672052306
10317.000003841	166.681818182	4.57456021011	111.0	0.911192	0.673282339512
10317.000014559	241.473684211	5.18325006982	132.0	0.940372	0.735797853158
10317.000003761	339.714285714	5.87502339672	152.0	0.968212	0.810579767226
10317.000014799	292.833333333	5.92799615878	171.0	0.968578	0.79915260473
10317.000002208	223.6	5.79051314663	166.0	0.960056	0.785150127065
10317.000016313	216.115384615	5.45068462039	141.0	0.944798	0.763449179276
10317.000022899	280.0	5.80332440189	172.0	0.960316	0.781459400329
10317.000004793	280.12	6.06703128689	175.0	0.965404	0.814234249417
10317.000003837	225.038461538	5.28256622874	140.0	0.941686	0.740967389874
10317.000010285	170.055555556	4.73423109496	102.0	0.935936	0.709521778413
10317.000005848	190.565217391	4.54444429986	126.0	0.865942	0.651320335387
10317.000005907	244.043478261	5.48953308883	145.0	0.946516	0.764568606651
10317.000013421	270.6	5.81746755021	174.0	0.951836	0.78160845282
10317.000020072	157.047619048	5.0559948528	112.0	0.934522	0.742725318525
10317.000001477	170.285714286	5.1519900144	121.0	0.931558	0.744629549353
10317.000014132	356.8125	6.01445253639	199.0	0.9552	0.787579963038
10317.000003382	318.848484848	6.00956584562	192.0	0.961618	0.792300007422
10317.000003221	137.588235294	4.20440195399	94.0	0.84682	0.641444040066
10317.000014607	208.0	3.70222563066	102.0	0.774332	0.554854560511
10317.000017125	445.529411765	6.56503890638	232.0	0.975438	0.83546128585
10317.000013826	372.071428571	4.98691176904	152.0	0.899792	0.688046584322
10317.000004872	170.04	5.1747529003	123.0	0.937482	0.745371564773
10317.000001118	345.037037037	6.056760461	190.0	0.965122	0.800115718763
10317.000014293	201.333333333	5.38790464414	128.0	0.955838	0.769700663448
10317.000016721	280.555555556	6.30598030168	175.0	0.978406	0.846302729453
10317.000016763	294.517241379	6.14000231524	180.0	0.97004	0.819557222531
10317.000012173	163.5	5.14215779941	114.0	0.945964	0.752559720521
10317.000004641	212.096774194	5.45698171339	145.0	0.946556	0.760034931498
10317.000013509	246.488372093	5.79355556892	173.0	0.96124	0.779266345476
10317.000012951	275.25	5.68772688204	168.0	0.950182	0.769410532144
10317.000023799	295.714285714	5.74047406987	160.0	0.956806	0.784011259805
10317.000004705	257.576923077	5.16079480737	162.0	0.884614	0.703119928247
10317.000014605	269.785714286	5.7682819661	168.0	0.955738	0.780307667569
10317.000015455	244.043478261	5.58119810779	145.0	0.960484	0.777335484032
10317.000007651	184.230769231	3.94186790506	90.0	0.86492	0.607202265143
10317.000001827	207.333333333	4.93917280979	135.0	0.89508	0.69793719252
10317.000012872	241.333333333	4.98800151796	113.0	0.93766	0.731359330224
10317.000014666	266.026315789	6.15268184219	187.0	0.965668	0.815260088092
10317.000017146	225.25	4.87470196384	139.0	0.903558	0.684750992323
10317.000006636	288.714285714	5.88992204254	173.0	0.953508	0.792228187099
10317.000017276	95.0666666667	2.99581471396	68.0	0.679926	0.492128624369
10317.000004161	201.619047619	5.59051240534	136.0	0.956468	0.788788954603
10317.000023299	212.181818182	5.00195040276	129.0	0.927928	0.713420093307
10317.000013733	336.235294118	5.4601052086	155.0	0.94359	0.750413943533
10317.000010304	311.071428571	6.39094205796	207.0	0.975152	0.830695118255
10317.000012034	167.545454545	4.76757814561	93.0	0.931914	0.72908126004
10317.000015874	308.884615385	5.47454414556	165.0	0.947514	0.743185539043
10317.000023823	201.142857143	3.99258272815	114.0	0.844648	0.584318307462
10317.000014391	326.103448276	6.18150720384	188.0	0.970958	0.818245350635
10317.000018411	162.476190476	4.30488048223	111.0	0.833476	0.633590961594
10317.000002963	146.526315789	4.54118289896	99.0	0.91152	0.685011104276
10317.000014646	250.8	5.36082877002	165.0	0.932676	0.727748340909
10317.000001793	248.823529412	5.57005085758	165.0	0.948428	0.756150857317
10317.000013214	176.5	4.47392704223	103.0	0.895594	0.669098435579
10317.000023154	205.391304348	5.32794141314	136.0	0.945208	0.751741706796
10317.000009222	241.75	5.68723197425	153.0	0.962056	0.783647242992
10317.000010738	257.541666667	5.74272212492	154.0	0.964488	0.7902698246
10317.000027198	139.15	4.34561643737	104.0	0.881342	0.648556903751
10317.000007734	324.12	5.71466725271	171.0	0.958234	0.770393754964
10317.000006818	106.0	3.70396055213	77.0	0.797666	0.59104622889
10317.000026639	368.076923077	5.8845092206	189.0	0.953714	0.778143424992
10317.000005041	157.647058824	4.73817945004	102.0	0.927866	0.710113520526
10317.000013312	252.0	5.3981682906	150.0	0.938808	0.746756630886
10317.000001285	386.272727273	5.65486183342	179.0	0.94071	0.755612110416
10317.000018306	201.352941176	4.79130121219	114.0	0.904024	0.701211522834
10317.000017215	336.857142857	6.49154404814	197.0	0.98064	0.851679338045
10317.000016698	383.576923077	6.31401801359	197.0	0.974962	0.828388229724
10317.000009098	224.607142857	5.11820252316	148.0	0.896012	0.709929347427
10317.000012013	252.130434783	4.93307795507	141.0	0.913782	0.690950693059
10317.000014909	147.117647059	4.10963004619	94.0	0.85832	0.626985176215
10317.000014979	274.035714286	5.84559105729	164.0	0.967488	0.794502173225
10317.000014538	167.5625	3.89796995822	100.0	0.80305	0.58670293981
10317.000004278	215.0	4.21811358897	105.0	0.842808	0.628233444528
10317.000009556	227.483870968	5.58717263582	154.0	0.95328	0.768864284719
10317.000022663	310.5	5.79720595276	174.0	0.95653	0.778886196838
10317.000001141	304.05	5.27587813292	150.0	0.940472	0.729839598806
10317.000002359	240.0	5.2786271826	136.0	0.944684	0.744783754192
10317.000004823	166.285714286	4.8322895669	117.0	0.919332	0.703352698747
10317.000014236	268.555555556	5.45993047051	142.0	0.94806	0.76365364806
10317.000001799	168.105263158	4.77109240321	116.0	0.891876	0.695699274553
10317.000023213	245.375	5.45264769692	131.0	0.949748	0.775248082723
10317.000013652	239.275862069	5.57527134272	156.0	0.951294	0.765266099967
10317.000010205	234.0	5.04995888994	120.0	0.929166	0.731147948564
10317.000005989	308.142857143	5.61064105865	150.0	0.960558	0.776149091417
10317.000011072	92.375	3.71177219007	67.0	0.877372	0.61188882549
10317.000017111	150.037037037	4.52594414506	115.0	0.89084	0.661157070038
10317.000011369	277.7	5.8834268896	175.0	0.957062	0.789593369628
10317.000013178	145.666666667	3.47108371435	91.0	0.696188	0.533373271016
10317.000013905	133.8	3.91944797056	81.0	0.822014	0.61822408555
10317.000012914	359.137931034	5.45572863196	185.0	0.9323	0.724399455872
10317.000003423	185.555555556	4.02328718261	109.0	0.803284	0.594441136581
10317.000013306	292.375	5.36735167638	154.0	0.938012	0.738614192989
10317.000002489	243.882352941	5.51514248225	129.0	0.963914	0.786615849313
10317.000004759	164.066666667	3.79867808723	92.0	0.845868	0.582301220226
10317.000004734	300.037037037	6.0184669896	174.0	0.96469	0.808613822334
10317.000002687	215.142857143	4.82303309557	128.0	0.889396	0.689004727938
10317.000004158	257.625	5.20357877115	142.0	0.933132	0.72779899543
10317.000004157	182.0	5.08111802014	129.0	0.92228	0.724711642489
10317.000001321	186.517241379	5.5715990683	139.0	0.957248	0.782644358393
10317.000003022	228.933333333	5.71745988895	153.0	0.962998	0.787812366224
10317.000003757	245.235294118	5.42781746749	134.0	0.95474	0.768150149423
10317.000013103	192.8125	3.53538145462	100.0	0.745246	0.532127931977
10317.000002087	267.434782609	5.33824207584	150.0	0.927326	0.738466726639
10317.000023258	314.05	5.37930645358	148.0	0.954162	0.746146230618
10317.000009214	359.6875	4.73575486801	147.0	0.879724	0.65777366541
10317.000013829	275.714285714	5.2564184674	160.0	0.927556	0.717900858801
10317.000016757	233.441176471	5.41301379746	154.0	0.937514	0.744897867461
10317.000003092	250.142857143	5.83297953878	148.0	0.967728	0.809073759544
10317.000014593	301.0	5.90827793943	168.0	0.96142	0.79924570355
10317.000006047	240.0	5.18222159354	136.0	0.932138	0.731181483362
10317.000001065	235.545454545	5.20739574557	132.0	0.944736	0.73922549723
10317.000010098	277.5	5.2694930041	159.0	0.91526	0.720576691343
10317.000009117	243.25	5.74314851243	157.0	0.960428	0.787312830938
10317.000006702	104.0625	3.81138069907	75.0	0.84585	0.611894628573
10317.000026135	212.230769231	5.87264806802	153.0	0.965596	0.809195842267
10317.000009624	266.730769231	5.69703234661	160.0	0.958782	0.778078160941
10317.000020358	201.8	4.90459333026	122.0	0.917528	0.707658231929
10317.000009075	227.038461538	5.52600536056	142.0	0.960536	0.772895218278
10317.000001765	303.5	6.17716960455	176.0	0.976332	0.82810191451
10317.000012996	319.117647059	5.52462938092	147.0	0.948874	0.767344556295
10317.000016353	305.833333333	5.68142958618	187.0	0.946838	0.752816885988
10317.000008949A	339.235294118	5.83005910325	158.0	0.963066	0.798224824138
10317.000005571	97.0833333333	3.33781116538	70.0	0.726242	0.544567962705
10317.000004792	164.045454545	5.32118610096	123.0	0.94218	0.766463807438
10317.000011039	271.583333333	5.97252996344	186.0	0.954922	0.792201107986
10317.000006626	207.730769231	5.25244356679	135.0	0.94513	0.742204384834
10317.000017126	216.5	5.15217604442	128.0	0.93392	0.736025149203
10317.000014608	397.230769231	5.00451863017	148.0	0.903704	0.694160621668
10317.000013258	219.142857143	5.17652791877	132.0	0.931054	0.734843597769
10317.000015264	260.533333333	5.39427533845	163.0	0.93472	0.734042030844
10317.000007732	217.25	5.11600740644	121.0	0.942556	0.739428896191
10317.000027644	382.666666667	5.51214773329	170.0	0.925068	0.743940734238
10317.000007697	264.666666667	6.10451191481	176.0	0.969286	0.818361535691
10317.000004881	176.6875	4.98085181051	112.0	0.929546	0.731686810448
10317.000006651	240.166666667	3.97542415371	121.0	0.75859	0.574577646266
10317.000023808	348.896551724	5.93338423433	185.0	0.966836	0.787821499341
10317.000004642	127.076923077	3.05130540482	73.0	0.75329	0.492955070987
10317.000002345	268.473684211	5.38206937333	145.0	0.93108	0.749601325847
10317.000001353	289.055555556	5.55967774706	151.0	0.953446	0.768080529797
10317.000011077	240.0	5.21607728945	136.0	0.939468	0.735958326172
10317.000028759	209.588235294	5.14062321483	119.0	0.941802	0.745577822548
10317.000004631	342.652173913	6.02400599215	180.0	0.965126	0.804074227657
10317.000009433	230.666666667	4.80299720059	100.0	0.924036	0.722923113235
10317.000009061	320.607142857	6.12633415651	187.0	0.966564	0.811768892366
10317.000013995	309.363636364	6.27383563952	188.0	0.976176	0.830466854345
10317.000015155	185.913043478	5.32339725613	126.0	0.952302	0.762961686287
10317.000022965	277.516129032	5.81397044773	173.0	0.96089	0.782012263386
10317.000016701	361.405405405	6.36367033292	211.0	0.974994	0.824192278507
10317.000010714	295.352941176	5.62739681289	145.0	0.962084	0.783769925543
10317.000002529	258.714285714	5.45031168414	147.0	0.945506	0.757022184218
10317.000021223	246.75	5.60768531092	149.0	0.957832	0.776777172472
10317.000012401	337.323529412	6.41655647232	206.0	0.976088	0.834782545013
10317.000022638	245.0	4.42784407124	112.0	0.873256	0.650450009135
10317.000013972	211.037037037	5.47672470541	141.0	0.953616	0.767096479188
10317.000017163	241.285714286	5.33767203138	150.0	0.939508	0.738387869432
10317.000001126	213.384615385	5.46462896277	143.0	0.94443	0.763230050615
10317.000009472	364.25	5.72818031018	191.0	0.939198	0.755953033698
10317.000001026	308.565217391	6.16692436226	178.0	0.96934	0.82492566371
10317.000010919	278.166666667	4.91737025813	144.0	0.88829	0.68583287233
10317.000014311	257.25	5.06605023746	133.0	0.933184	0.718050663992
10317.000005039	171.344827586	4.77853008448	122.0	0.916114	0.689469222644
10317.000001025	234.647058824	4.77171737953	127.0	0.880156	0.68277760314
10317.000004249	198.565217391	5.2725111287	134.0	0.94337	0.746171041235
10317.000017176	271.272727273	5.06658575777	121.0	0.934554	0.732285866047
10317.000002258	241.894736842	4.98616359044	129.0	0.919384	0.711168445807
10317.000013118	286.04	6.06630503278	169.0	0.971286	0.819673538126
10317.000013431	345.03030303	6.36965891495	201.0	0.976342	0.832520700689
10317.000021159	264.0	5.38522841012	150.0	0.944986	0.744966590074
10317.000014197	337.0	6.27021812834	196.0	0.973216	0.823434937995
10317.000015541	171.352941176	4.43769209226	105.0	0.888168	0.660936821655
10317.000022661	274.166666667	5.75367856438	175.0	0.957604	0.772180317807
10317.000014258	324.285714286	5.99056783555	170.0	0.969772	0.808510157877
10317.000014324	243.55	5.13762313965	133.0	0.938766	0.728195247549
10317.000002369	192.037037037	3.98579599246	122.0	0.783022	0.575089748511
10317.000010757	237.260869565	5.668630537	144.0	0.96296	0.790612249899
10317.000010305	287.516129032	6.25787179043	183.0	0.975748	0.832639930424
10317.000002372	238.2	5.03307725025	153.0	0.890482	0.69351085533
10317.000013056	324.0	5.62513381568	162.0	0.953196	0.766382666332
10317.000013852	322.142857143	5.71535064783	164.0	0.960854	0.776800577725
10317.000012017	255.307692308	5.6402600704	157.0	0.953576	0.773208130287
10317.000021237	197.076923077	2.39257369981	87.0	0.496722	0.371347925269
10317.000016489	213.071428571	4.00187480109	107.0	0.80302	0.593620766691
10317.000012355	306.791666667	5.78999335524	165.0	0.961616	0.786008701064
10317.000018409	286.714285714	5.41759146286	151.0	0.934752	0.748451027259
10317.000004077	197.0	4.56599609684	87.0	0.925576	0.708681691804
10317.000004294	258.0	5.67056747087	156.0	0.955154	0.778346520964
10317.000022993	330.913043478	5.9203052332	172.0	0.966884	0.797211711238
10317.000010847	230.5	5.51549838228	142.0	0.955494	0.771425658851
10317.000008963	129.3125	3.80486365182	83.0	0.817004	0.596837665522
10317.000013372	196.555555556	4.62535287404	111.0	0.915948	0.680757987887
10317.000016407	265.884615385	5.83186375985	162.0	0.961174	0.794548084437
10317.000006657	228.55	5.34947592902	134.0	0.94942	0.75706317665
10317.000017327	298.4	5.68204721471	172.0	0.94439	0.765128554179
10317.000010764	222.2	5.0550893902	139.0	0.906238	0.710090073588
10317.000005805	266.181818182	5.72178401106	168.0	0.955618	0.774017629901
10317.000018032	271.0	5.80493861408	157.0	0.96532	0.7957834703
10317.000012988	123.0	3.69941817362	78.0	0.81223	0.588573021233
10317.000013732	186.545454545	4.33084302068	114.0	0.888054	0.633823025353
10317.000011093	350.2	6.27080751694	190.0	0.975028	0.828391959028
10317.000003078	271.0	6.54901234312	196.0	0.980604	0.860047523437
10317.000004979	350.476190476	5.44415593837	164.0	0.92712	0.739941210739
10317.000014188	272.555555556	5.5184947584	146.0	0.941768	0.767542338928
10317.000012921	263.75	5.48351683998	143.0	0.958054	0.765868069697
10317.000011223	379.028571429	6.44073527779	217.0	0.974734	0.829825776433
10317.000013608	203.666666667	4.90589981957	122.0	0.914336	0.707846738468
10317.000009594	198.0	4.73776933277	135.0	0.896128	0.669477573323
10317.000022994	282.25	6.26477228401	181.0	0.977424	0.835320135684
10317.000002494	227.461538462	4.3620152677	109.0	0.840022	0.64448824949
10317.000005887	272.315789474	4.85723147187	134.0	0.913476	0.68740024941
10317.000009427	155.571428571	4.40131931598	97.0	0.882182	0.666875369602
10317.000004078	249.625	5.12791000999	149.0	0.918708	0.710318646179
10317.000014803	226.5	5.27206004433	135.0	0.937498	0.744976320498
10317.000002244	245.12	5.53702448008	154.0	0.944228	0.761963276212
10317.000002506	161.882352941	3.79801012781	101.0	0.824294	0.570424976384
10317.000028817	408.0	5.79944946797	183.0	0.955714	0.771644636263
10317.000027879	264.043478261	5.62386236214	156.0	0.942306	0.771935741253
10317.000002325	268.055555556	4.35865295768	130.0	0.856296	0.620681381797
10317.000026127	229.888888889	5.44471021143	143.0	0.953336	0.760448052112
10317.000031851	387.555555556	5.43045307199	170.0	0.933598	0.732914907418
10317.000036428	221.7	5.37963413388	148.0	0.948122	0.746191682094
10317.000042001	204.384615385	5.33058498505	134.0	0.948034	0.754389711391
10317.000026648	182.214285714	4.29680343771	105.0	0.84074	0.639953279397
10317.000027761	382.076923077	6.37316158998	203.0	0.973798	0.831426262179
10317.000030744	166.24	5.21537023376	123.0	0.935086	0.751222086716
10317.000039842	180.0	5.63264085714	131.0	0.965178	0.800839201041
10317.000041636	222.055555556	5.02950865155	127.0	0.923696	0.719664554486
10317.000021239	185.0	4.92702403442	115.0	0.936124	0.719747453835
10317.000036165	303.375	5.8541283865	165.0	0.966088	0.794715221006
10317.000027762	113.588235294	4.43318637366	88.0	0.878522	0.686312145618
10317.000023342	235.5	5.10261099783	127.0	0.93011	0.730124655285
10317.000041617	271.028571429	6.2317132708	183.0	0.97293	0.829159413613
10317.000029227	222.157894737	5.39173689109	129.0	0.951328	0.769014709503
10317.000030751	262.1875	4.48006787772	124.0	0.875222	0.644225109237
10317.000042989	200.84	5.24094967492	137.0	0.935632	0.738366580154
10317.000011074	260.107142857	5.8166534528	161.0	0.965508	0.793441468443
10317.000026658	298.0	6.01311896155	165.0	0.970462	0.816298661213
10317.000036106	139.333333333	3.76963498577	77.0	0.848648	0.601525991239
10317.000014136	215.2	5.75198713873	142.0	0.968094	0.80450217925
10317.000031222	237.3125	5.31449696097	134.0	0.936376	0.752112918154
10317.000005898	303.371428571	6.28745975348	194.0	0.975776	0.827306823649
10317.000030756	179.789473684	4.16196028662	110.0	0.849726	0.613735366127
10317.000038402	313.833333333	5.45677348488	147.0	0.952936	0.757919697387
10317.000033785	391.260869565	6.15138850404	193.0	0.970454	0.810197341103
10317.000028955	331.454545455	6.24168162871	199.0	0.970536	0.817335136772
10317.000035491	283.035714286	5.79172929619	173.0	0.955156	0.779020701353
10317.000031319	220.352941176	5.50369327147	133.0	0.953316	0.780081211743
10317.000036399	117.1875	3.99647915813	80.0	0.880336	0.632161438432
10317.000002326	226.3125	5.00483116705	123.0	0.920236	0.720896033159
10317.000036934	87.0	4.35205138388	72.0	0.895186	0.70536536228
10317.000036101	329.0	5.57024088663	159.0	0.950928	0.761702453149
10317.000039907	271.285714286	6.5624316017	192.0	0.982038	0.865189722569
10317.000040048	330.789473684	5.5337917246	156.0	0.949668	0.759572575179
10317.000043083	279.25	4.78517090659	168.0	0.8767	0.647316752369
10317.000036085	260.625	4.83127960776	145.0	0.901578	0.672888688031
10317.000042009	231.181818182	5.5491103893	158.0	0.942792	0.759758620998
10317.000040002	138.157894737	5.01374509257	105.0	0.938046	0.746732462996
10317.000036124	152.473684211	3.43352573735	98.0	0.69449	0.519074278126
10317.000040003	280.652173913	5.80080838113	160.0	0.961796	0.792251481571
10317.000037487	254.285714286	5.31483869673	163.0	0.900288	0.723232453996
10317.000033728	296.0	4.81253360022	135.0	0.89954	0.680042249826
10317.000036081	245.285714286	5.33431109278	140.0	0.939482	0.748225463922
10317.000037612	197.65	4.45150577913	115.0	0.861452	0.650282995958
10317.000043003	308.571428571	5.40603662375	141.0	0.936128	0.757195565507
10317.000028718	217.0	4.95816237009	118.0	0.9319	0.720386388562
10317.000030771	136.0	3.66169241986	70.0	0.831284	0.597409584406
10317.000034241	305.12	5.78636735252	169.0	0.95961	0.781848617092
10317.000009144	189.5	4.35216452346	87.0	0.89166	0.675493200626
10317.000004765	222.12	5.7656290905	144.0	0.967844	0.804140781018
10317.000009566	159.105263158	4.37515157794	107.0	0.872284	0.64899102625
10317.000006675	332.2	6.27269187216	186.0	0.974966	0.832014821457
10317.000031829	200.909090909	3.66647871706	94.0	0.752266	0.55937585103
10317.000033666	224.055555556	4.84097567367	119.0	0.924562	0.702118002224
10317.000031926	243.0	5.39564450207	121.0	0.963116	0.779845520432
10317.000027821	202.555555556	4.90667125296	117.0	0.92102	0.714179152523
10317.000013063	211.772727273	4.8098988959	123.0	0.910456	0.692817982909
10317.000010852	163.066666667	4.47132452489	100.0	0.901786	0.673001401171
10317.000016754	235.724137931	5.78640299182	164.0	0.948058	0.786457640827
10317.000014234	232.272727273	4.68809570536	107.0	0.909036	0.695411802034
10317.000022526	246.555555556	5.07258622991	131.0	0.934842	0.721211596232
10317.000033713	154.333333333	3.57546476914	86.0	0.744502	0.556383047636
10317.000009621	193.6875	4.79124627464	114.0	0.898204	0.701203482671
10317.000001325	144.896551724	4.25992090607	118.0	0.781644	0.61893677698
10317.000014018	291.157894737	5.54678109438	149.0	0.954414	0.768340713846
10317.000013201	340.5625	5.4532879004	148.0	0.946608	0.756407958251
10317.000010207	250.368421053	5.24643285252	134.0	0.9452	0.742480417542
10317.000006777	198.166666667	5.17031859457	134.0	0.938608	0.731708651732
10317.000014165	208.0	5.35796735077	131.0	0.945052	0.761786593754
10317.000002125	173.125	5.05285501315	114.0	0.937504	0.739490172192
10317.000014678	177.0	2.18519098943	67.0	0.589966	0.360230606708
10317.000002711	130.928571429	3.355280538	78.0	0.734326	0.533821133663
10317.000021226	146.454545455	5.07098022257	111.0	0.937422	0.746345281526
10317.000013755	219.315789474	4.79932086185	123.0	0.914998	0.691294322562
10317.000016381	155.0	3.74350568851	81.0	0.816394	0.590472280386
10317.000001221	223.25	5.30632569981	147.0	0.929916	0.737023220733
10317.000009497	160.368421053	4.27682608574	101.0	0.889384	0.642338576481
10317.000002161	226.117647059	5.1713042944	122.0	0.947506	0.746140568101
10317.000043152	283.625	5.13060665636	137.0	0.928524	0.722821001144
10317.000039986	283.3	6.11920578685	166.0	0.971946	0.829718382364
10317.000006736	278.772727273	5.6711324755	156.0	0.95904	0.77842407394
10317.000023343	108.0	3.99314811368	69.0	0.88814	0.65370092924
10317.000036151	406.0	5.90737980902	171.0	0.966914	0.796373316559
10317.000038424	223.666666667	5.55814668194	149.0	0.942294	0.769915076257
10317.000036191	221.375	5.45832537129	140.0	0.951654	0.765620520088
10317.000005799	88.5	1.83875013877	41.0	0.446896	0.343207147066
10317.000016719	356.5	5.7540056635	142.0	0.962948	0.804784500392
10317.000016723	189.636363636	5.27176852245	127.0	0.946156	0.754329141852
10317.000004927	128.1	3.35501298308	72.0	0.798874	0.543768843592
10317.000016717	284.136363636	5.9059344312	158.0	0.967958	0.808613324362
10317.000009694	250.774193548	5.85874181146	166.0	0.961514	0.794401421985
10317.000002382	382.25	6.05166665056	182.0	0.967292	0.806051169562
10317.000001575	200.384615385	5.17622722739	139.0	0.918268	0.727106345525
10317.000001305	195.875	5.00291132492	134.0	0.908638	0.708017007721
10317.000012154	181.2	4.78782852918	106.0	0.924026	0.711635721842
10317.000010555	277.75	5.05833079614	139.0	0.908836	0.710545394949
10317.000001404	231.434782609	5.57174953108	141.0	0.959246	0.780406114623
10317.000001155	133.157894737	4.70105195063	100.0	0.895374	0.707578824157
10317.000006034	285.607142857	5.64618355645	167.0	0.955928	0.764681700784
10317.000013758	246.769230769	5.3735192075	124.0	0.956728	0.772701685092
10317.000001782	331.333333333	5.60361808747	194.0	0.943994	0.737326625164
10317.000015538	264.1875	4.9121249022	126.0	0.924624	0.704017175183
10317.000014556	129.111111111	3.56921220152	74.0	0.79957	0.574802964344
10317.000010979	241.555555556	4.74042301069	126.0	0.904972	0.679408460413
10317.000013061	231.75	5.99094758432	162.0	0.968634	0.816222072927
10317.000005228	49.0	0.781911882586	23.0	0.186318	0.172853138783
10317.000002067	162.714285714	4.3994736053	109.0	0.878656	0.65002272311
10317.000010822	160.583333333	5.10865043911	102.0	0.942712	0.765636208318
10317.000012156	277.857142857	5.64840676426	165.0	0.958676	0.766787903105
10317.000008991	246.588235294	5.07592792737	128.0	0.93559	0.725132561052
10317.000001405	154.571428571	4.79319828087	96.0	0.933968	0.727900619076
10317.000010776	262.428571429	6.2188611363	181.0	0.97176	0.829198523533
10317.000013965	214.8125	5.03449563956	122.0	0.932596	0.726401159697
10317.000003281	237.0	4.42597746631	81.0	0.915972	0.698120218032
10317.000018434	192.555555556	4.74405632644	116.0	0.898164	0.691756995217
10317.000002882	176.619047619	4.55753312093	111.0	0.904116	0.670776297857
10317.000002184	168.8	3.61472273842	110.0	0.69124	0.533038047105
10317.000002272	157.473684211	4.48520473091	103.0	0.89763	0.670785071006
10317.000002126	268.4	4.65548956781	137.0	0.894032	0.655884548478
10317.000012202	154.166666667	4.817506193	104.0	0.933242	0.718983588488
10317.000001794	231.916666667	4.80846585196	137.0	0.899522	0.67743647757
10317.000013182	253.620689655	5.91733504469	163.0	0.967608	0.805218933195
10317.000002276	261.730769231	4.98706707357	155.0	0.872898	0.685401567619
10317.000006839	160.2	4.28260476947	100.0	0.872706	0.644596247592
10317.000009198	278.166666667	4.9788396363	144.0	0.900546	0.694406097037
10317.000002793	202.384615385	5.41773990287	132.0	0.950654	0.769085291237
10317.000002922	190.217391304	4.99322008834	128.0	0.924146	0.713317155477
10317.000023223	268.375	4.66096827545	140.0	0.898494	0.653777983617
10317.000002709	156.0	2.9963943743	90.0	0.620076	0.461562258086
10317.000012211	209.5	4.55209391273	121.0	0.875958	0.657925118133
10317.000014897	142.157894737	4.4053196787	99.0	0.888504	0.664516925422
10317.000014594	132.571428571	3.68276822715	85.0	0.76267	0.574589421029
10317.000003838	201.833333333	4.31564623766	110.0	0.871266	0.636398365516
10317.000016737	283.12	5.82572038109	163.0	0.960668	0.792752195866
10317.000011192	225.916666667	4.99392475908	131.0	0.934602	0.710027643438
10317.000003578	225.5	5.7280047023	134.0	0.968394	0.810632946727
10317.000013798	158.0	5.28914375359	117.0	0.945842	0.769849050156
10317.000015605	164.789473684	5.19786254529	115.0	0.946198	0.759311971328
10317.000009219	226.275862069	4.69925117732	143.0	0.8669	0.656331790933
10317.000007005	132.1	3.59048265608	76.0	0.788724	0.574667783574
10317.000004636	160.12	5.53005402592	124.0	0.960882	0.795211089693
10317.000003088	246.526315789	5.5924604642	147.0	0.940626	0.776765968831
10317.000006703	117.142857143	2.85301168054	80.0	0.676572	0.451288220573
10317.000007865	178.571428571	4.54083361185	98.0	0.912274	0.686475101532
10317.000017746	142.866666667	4.8275313482	96.0	0.93188	0.733114478278
10317.000002805	128.954545455	3.9991066102	97.0	0.789106	0.605933245761
10317.000010918	265.884615385	6.20931314917	173.0	0.974866	0.835188116884
10317.000014668	210.866666667	5.34957383907	119.0	0.953772	0.775883282592
10317.000026105	130.111111111	4.19068078849	75.0	0.898156	0.672789014534
10317.000001301	206.833333333	3.29828650372	92.0	0.699956	0.505595949871
10317.000026638	223.375	4.25158659693	109.0	0.877094	0.628172400885
10317.000003491	219.1875	5.95214989179	162.0	0.964068	0.810936175732
10317.000004703	253.352941176	5.01919783439	131.0	0.922878	0.71362092587
10317.000009097	158.055555556	3.80807342537	98.0	0.790232	0.575697727506
10317.000018414	225.545454545	4.58639666817	105.0	0.916178	0.683084444276
10317.000012201	269.0	4.67308171985	149.0	0.877846	0.647315782504
10317.000005017	240.636363636	5.68291443183	161.0	0.958824	0.775198317798
10317.000009019	188.4375	4.17985359624	99.0	0.870044	0.630506674445
10317.000005885	219.157894737	4.91315105753	126.0	0.914878	0.704164246153
10317.000016414	141.076923077	4.43195217942	87.0	0.908164	0.687876928034
10317.000004864	191.625	5.57630248347	132.0	0.963316	0.791594335721
10317.000009221	201.0	5.45299177075	142.0	0.954582	0.762683166216
10317.000009105	203.058823529	5.13512543032	122.0	0.9427	0.740920508196
10317.000014563	201.8125	4.51451038571	109.0	0.89382	0.667019420436
10317.000002035	93.0769230769	2.88159845049	64.0	0.66584	0.480266408415
10317.000003732	193.833333333	5.17036479262	123.0	0.939182	0.74473950161
10317.000014667	306.272727273	4.54853467428	123.0	0.862686	0.655171072496
10317.000013814	127.0	4.07019972715	76.0	0.882276	0.651447975091
10317.000018426	152.75	4.78674530451	104.0	0.925664	0.7143927124
10317.000015599	317.142857143	5.67711126829	159.0	0.960688	0.776316440863
10317.000002132	282.730769231	4.7002942687	155.0	0.846936	0.645988716919
10317.000003225	161.461538462	3.96493002387	92.0	0.857314	0.607786060832
10317.000009392	104.111111111	2.61241511224	59.0	0.655912	0.444088667342
10317.000009149	244.0625	5.05876446965	122.0	0.937224	0.729902782816
10317.000013912	107.066666667	4.02032776824	80.0	0.84742	0.635933801824
10317.000012212	318.8125	5.52765902412	150.0	0.951252	0.764669755985
10317.000007677	182.0	4.77836049502	107.0	0.92613	0.708801289788
10317.000017208	215.0	5.0873078134	116.0	0.944526	0.741808386027
10317.000013117	207.5	3.67076556073	119.0	0.699816	0.532394863322
10317.000012055	212.083333333	4.84055135913	110.0	0.911754	0.713802476733
10317.000005026	126.666666667	3.65745151403	68.0	0.843504	0.600817057847
10317.000009033	166.416666667	5.44173613822	127.0	0.950408	0.7786495431
10317.000013524	319.6	6.1670814686	192.0	0.969756	0.813066836917
10317.000006092	266.9	5.50265132118	153.0	0.940092	0.758213759614
10317.000002274	114.111111111	3.73320524331	69.0	0.834902	0.611146811268
10317.000008999	106.769230769	3.01207274909	71.0	0.67434	0.489788066168
10317.000016761	227.545454545	4.95493765471	133.0	0.916492	0.70230181428
10317.000013277	202.588235294	4.46395140247	112.0	0.892784	0.655754173769
10317.000007693	150.75	4.721613433	102.0	0.915568	0.707630762581
10317.000004025	53.5454545455	2.89224657574	44.0	0.767724	0.529770638735
10317.000010737	192.12	5.59750471435	137.0	0.955198	0.788599522927
10317.000001128	225.25	5.30239080648	129.0	0.940808	0.756271422008
10317.000003559	288.052631579	5.41481372297	142.0	0.953806	0.757343390258
10317.000014798	202.545454545	5.01804023976	130.0	0.916104	0.714579522658
10317.000020104	338.5	5.35853414856	160.0	0.93514	0.731847414931
10317.000017117	120.0	3.02812466296	57.0	0.736238	0.519146538955
10317.000009766	114.230769231	4.58956609807	83.0	0.919676	0.719927483978
10317.000014561	240.64	5.78667962681	160.0	0.95717	0.790321832148
10317.000004923	99.5	3.56896288524	68.0	0.800664	0.586280849397
10317.000014172	193.0	3.48460303371	106.0	0.719086	0.517931663617
10317.000002056	268.884615385	5.94868013868	165.0	0.964104	0.807550900662
10317.000002243	185.571428571	4.64118258411	105.0	0.894102	0.691244097628
10317.000010274	262.3	5.56346278511	145.0	0.958776	0.774865352104
10317.000003507	196.090909091	4.34697409465	102.0	0.863156	0.651483362026
10317.000017766	147.142857143	4.35098997988	100.0	0.878224	0.654889247389
10317.000001275	129.833333333	2.54990196103	82.0	0.575532	0.401082359873
10317.000003189	234.25	4.69426474617	127.0	0.891184	0.671695026541
10317.000009693	160.0	3.46665876727	70.0	0.770442	0.565589606106
10317.000022444	147.461538462	3.43700526665	78.0	0.806292	0.546823440564
10317.000016315	124.125	2.9429430853	66.0	0.659898	0.486888020071
10317.000011315	202.576923077	5.49466075909	139.0	0.952558	0.771836808727
10317.000013913	98.0	3.2100296995	71.0	0.745338	0.521977511777
10317.000013498	204.6	3.86105919508	87.0	0.861338	0.599269448439
10317.000002589	277.157894737	5.36429465266	135.0	0.956224	0.758009669617
10317.000004086	338.0	6.2487415281	197.0	0.971014	0.819824067864
10317.000013551	154.352941176	3.0945487759	88.0	0.688898	0.47907446949
10317.000006766	204.384615385	5.4383282009	143.0	0.944656	0.759556693843
10317.000011962	182.333333333	3.24724301975	82.0	0.730482	0.51076939951
10317.000002199	123.5	3.96017955797	71.0	0.876494	0.643958114214
10317.000012052	207.4375	4.86697721451	118.0	0.90702	0.707137821852
10317.000010263	195.214285714	5.16016012744	132.0	0.938622	0.732520077668
10317.000010556	172.12	4.17872408454	117.0	0.811436	0.608224490998
10317.000040007	146.047619048	5.15277883831	107.0	0.948204	0.764340884366
10317.000036451	245.25	5.74626601056	159.0	0.955978	0.785773004395
10317.000023129	223.607142857	5.55786897492	147.0	0.954236	0.771961376674
10317.000028914	150.647058824	4.62065994562	100.0	0.923998	0.695478621697
10317.000038479	203.142857143	4.37953138669	86.0	0.903196	0.681504972774
10317.000026549	203.666666667	4.40933871465	101.0	0.904538	0.66224071225
10317.000042999	277.555555556	5.92778338286	151.0	0.970898	0.818935054937
10317.000041554	354.12	6.09686391792	183.0	0.97198	0.811217058838
10317.000037489	267.954545455	5.81456136268	155.0	0.96699	0.79912890968
10317.000031493	241.473684211	5.13084446697	132.0	0.924714	0.72835851885
10317.000023972	345.552631579	6.37172435963	210.0	0.974142	0.825968572694
10317.000039813	147.214285714	4.51578547504	97.0	0.87697	0.684218956071
10317.000012123	498.75	5.9208979965	213.0	0.95522	0.765497127522
10317.000009455	175.25	5.03036306523	100.0	0.942224	0.757145085857
10317.000018344	199.352941176	4.51385934619	112.0	0.90192	0.663085647491
10317.000010548	215.75	5.01502203367	92.0	0.948514	0.768755178146
10317.000010161	108.833333333	4.87801512678	83.0	0.945946	0.765174110577
10317.000023819	142.516129032	4.59390573149	112.0	0.867004	0.67484445634
10317.000008950B	156.333333333	3.71719888826	88.0	0.80747	0.575468416994
10317.000001067	48.1111111111	2.01719209601	33.0	0.642154	0.399887885101
10317.000009526	166.909090909	5.10392260369	96.0	0.94883	0.775087573108
10317.000013166	129.125	4.00425446237	71.0	0.870844	0.651125060033
10317.000010876	115.071428571	4.87991442333	90.0	0.93683	0.751698220973
10317.000010993	217.038461538	4.52746252387	132.0	0.859202	0.642704318804
10317.000015613	175.428571429	2.9242518567	64.0	0.73321	0.48737530945
10317.000018335	217.666666667	5.4211488887	129.0	0.954216	0.773209695137
10317.000015525	210.357142857	5.61304317277	145.0	0.957678	0.781770786009
10317.000001622	163.25	4.1591384118	88.0	0.884154	0.643886127658
10317.000012936	186.0	1.71661399073	56.0	0.42926	0.295593090792
10317.000009111	76.0909090909	2.78555758451	51.0	0.715542	0.491069942147
10317.000002271	170.666666667	3.43073877635	75.0	0.782142	0.550784819213
10317.000002465	263.9	5.83365550638	150.0	0.967506	0.8069998372
10317.000001747	138.928571429	4.16615896217	86.0	0.865814	0.648301792907
10317.000002038	123.0	3.49554812315	60.0	0.823044	0.591774651413
10317.000013724	217.235294118	4.60364729161	120.0	0.90636	0.666529638465
10317.000023378	222.0	4.47952995041	112.0	0.866718	0.65804266146
10317.000012307	298.5	4.47659246681	106.0	0.868302	0.665375355884
10317.000020347	263.516129032	5.99003812344	174.0	0.965976	0.804794249316
10317.000020368	224.047619048	5.35445930162	134.0	0.950956	0.757768428517
10317.000010567	194.0	4.86600603044	109.0	0.929518	0.718952941725
10317.000020063	153.12	5.04990873406	117.0	0.92466	0.735027751826
10317.000010178	161.75	4.57657149913	110.0	0.888634	0.674875200913
10317.000011259	177.625	3.59737369145	85.0	0.748956	0.561266074624
10317.000005025	166.25	4.27268590215	91.0	0.88141	0.656548975248
10317.000013165	242.5	5.01360193989	142.0	0.909358	0.701227869474
10317.000016738	221.772727273	5.01561849786	133.0	0.900572	0.710902581677
10317.000001225	75.625	2.13728098077	44.0	0.591888	0.39148415624
10317.000003137	185.954545455	4.77704563275	128.0	0.878038	0.682435090393
10317.000009642	171.769230769	3.35256374963	85.0	0.756752	0.523070566772
10317.000015394	120.0	3.50739243388	69.0	0.838794	0.574179977293
10317.000001086	126.142857143	2.63237716849	64.0	0.653248	0.438729528082
10317.000001756	106.545454545	3.59926629651	67.0	0.837204	0.593342132551
10317.000012999	207.052631579	4.58106481491	117.0	0.901788	0.666786262722
10317.000001248	214.03125	5.18177299277	147.0	0.916002	0.719723446371
10317.000016739	266.666666667	4.97917722297	128.0	0.898018	0.711311031853
10317.000010559	173.25	5.10077828809	112.0	0.943838	0.749304002287
10317.000001654	121.9375	3.17631154305	78.0	0.771908	0.505347379921
10317.000011375	122.2	2.57808871005	52.0	0.649746	0.45226137588
10317.000042586	332.206896552	6.12251001888	191.0	0.970104	0.807993074937
10317.000041282	131.055555556	4.76115137492	98.0	0.908646	0.719782346788
10317.000001208	104.0	4.05749775419	73.0	0.895004	0.655510946327
10317.000027729	297.157894737	5.77456129595	155.0	0.964536	0.79363146839
10317.000013573	238.171428571	5.96975110789	175.0	0.956168	0.801178629661
10317.000010544	94.2	2.19428801627	39.0	0.611198	0.415160081563
10317.000005878	74.0	0.7296995785	32.0	0.156424	0.1459399157
10317.000012987	142.75	4.59024174349	94.0	0.919946	0.700309637623
