	chao1	shannon	observed_otus	simpson	equitability
10317.000002503	279.05	5.25665378472	144.0	0.931842	0.733153245489
10317.000013618	330.206896552	6.37680183241	189.0	0.978826	0.84324218594
10317.000031796	327.731707317	6.19105573796	207.0	0.967194	0.804713879696
10317.000026504	231.322580645	5.90018414338	160.0	0.964516	0.805823830406
10317.000007104	267.260869565	5.64941589026	153.0	0.955272	0.778436541179
10317.000007077	344.588235294	5.60829809776	154.0	0.957722	0.771771410423
10317.000016408	305.103448276	6.12965244507	182.0	0.971096	0.816438480117
10317.000005802	163.055555556	4.44508217022	103.0	0.893318	0.664784538959
10317.000006952	209.357142857	5.70296953286	144.0	0.965598	0.795401560227
10317.000013023	224.565217391	5.78488204659	145.0	0.9663	0.805704079825
10317.000002645	288.0	4.52202541222	134.0	0.884808	0.639961553036
10317.000002027	226.037037037	5.63327281232	149.0	0.957406	0.780321555918
10317.000027353	353.317073171	6.13239187975	215.0	0.952496	0.791460924992
10317.000023798	291.181818182	5.90995551553	183.0	0.954152	0.786347997218
10317.000041962	411.0	6.28211447237	201.0	0.974524	0.821078555725
10317.000040352	228.526315789	4.2113559177	129.0	0.78573	0.600658881003
10317.000028811	214.2	4.68796258648	131.0	0.905912	0.666526467335
10317.000027772	322.176470588	6.6238029375	207.0	0.980492	0.860962392488
10317.000027617	254.5	5.34538373015	148.0	0.937874	0.741440919173
10317.000039924	250.954545455	5.52756091447	138.0	0.962546	0.777596102832
10317.000039952	90.4285714286	4.29945429908	66.0	0.895878	0.711312699698
10317.000026028	249.6	5.80200773964	162.0	0.965724	0.790480423627
10317.000001441	273.04	5.1025581143	156.0	0.906678	0.700381112946
10317.000016347	272.037037037	5.94933862286	172.0	0.957222	0.801121266124
10317.000001595	273.555555556	5.96513803884	168.0	0.967328	0.806937486269
10317.000002146	235.772727273	5.68094974173	147.0	0.95953	0.789056705588
10317.000012158	360.41025641	6.37220107026	215.0	0.97293	0.82241126337
10317.000014313	164.714285714	4.19273817564	94.0	0.867102	0.639664557231
10317.000007749	220.0	5.32233390127	133.0	0.939446	0.754375739019
10317.000018083	181.526315789	4.4682862769	109.0	0.891638	0.660189803126
10317.000017335	306.777777778	5.70966426258	165.0	0.964612	0.775103789451
10317.000002578	229.772727273	5.72725670846	141.0	0.965876	0.802187199975
10317.000007719	199.0	4.95140756918	123.0	0.92874	0.713200896501
10317.000009676	113.0	4.07832657018	84.0	0.82379	0.638004388776
10317.000006716	253.081081081	5.71312574478	174.0	0.95283	0.767589562916
10317.000006802	231.0	5.67200116726	159.0	0.950236	0.775617660222
10317.000002898	224.028571429	5.61313072142	157.0	0.95865	0.769489040574
10317.000001647	227.652173913	5.60629373642	140.0	0.95759	0.78637553357
10317.000002878	255.789473684	5.37916751642	153.0	0.920706	0.741198849092
10317.000009527	234.789473684	5.33744069593	132.0	0.949202	0.757686268754
10317.000017667	326.5	5.75283823985	167.0	0.959638	0.779126304627
10317.000009213	202.5	5.39428350924	136.0	0.948092	0.761102192712
10317.000031434	200.25	4.96457906483	126.0	0.918064	0.711535027871
10317.000027217	224.0	4.64809737562	144.0	0.832542	0.648276986815
10317.000001546	285.652173913	6.05685765562	165.0	0.97411	0.822236318132
10317.000009074	291.037037037	5.88039819668	165.0	0.969308	0.798281425337
10317.000027277	293.625	5.32397877885	174.0	0.925514	0.715305548378
10317.000001333	130.125	4.34392286898	72.0	0.91059	0.704047920835
10317.000023984	264.088235294	5.49461031412	164.0	0.946106	0.746798705693
10317.000021327	236.105263158	4.90060275489	130.0	0.921682	0.697856176915
10317.000028933	349.12	5.94088729262	178.0	0.964422	0.79468955755
10317.000015568	310.307692308	5.9115571811	173.0	0.966236	0.795138236923
10317.000006944	250.714285714	2.7160188263	115.0	0.546746	0.396760320457
10317.000002028	350.0	5.58463024665	176.0	0.9238	0.74866699397
10317.000003896	214.357142857	5.61515663031	149.0	0.952298	0.777812100436
10317.000011025	321.103448276	6.03304114179	183.0	0.969728	0.802725131605
10317.000017293	262.777777778	5.64199239954	160.0	0.95403	0.77056102251
10317.000031284	166.2	3.65520746427	67.0	0.816344	0.602564081982
10317.000020034	259.84375	5.68999667287	166.0	0.957556	0.771520847561
10317.000037584	231.181818182	5.86650114554	148.0	0.969626	0.813723433389
10317.000031847	231.235294118	5.30767332024	134.0	0.940372	0.751147229702
10317.000013935	369.24	5.93766041487	183.0	0.964812	0.790034267285
10317.000014019	276.833333333	5.93874490764	180.0	0.964702	0.792693720936
10317.000023052	214.428571429	5.10749611277	116.0	0.93773	0.744752153207
10317.000015385	353.5	6.06153598595	175.0	0.971232	0.813496745023
10317.000017354	274.23255814	6.42187425938	197.0	0.976216	0.842538782403
10317.000023475	300.24	6.22056317159	177.0	0.975318	0.833006394066
10317.000003475	308.222222222	5.60916405609	176.0	0.944176	0.751955958961
10317.000017269	265.0	5.50958227248	160.0	0.938502	0.752476970694
10317.000014801	214.4375	5.4875015409	125.0	0.955222	0.787779425353
10317.000009716	301.0625	6.37331845145	210.0	0.975708	0.826175215302
10317.000013155	350.055555556	5.57079325164	161.0	0.947664	0.75990402623
10317.000015604	249.857142857	5.59098027464	156.0	0.954504	0.767422320234
10317.000009236	203.807692308	5.399274243	138.0	0.93431	0.759549225135
10317.000041289	297.3	5.25252064582	151.0	0.932224	0.72564616583
10317.000030735	306.6	5.95694720303	187.0	0.962192	0.78932430216
10317.000022541	303.25	5.05703348783	139.0	0.903642	0.710363161623
10317.000034132	171.0	3.32548671777	85.0	0.762812	0.518845979424
10317.000026633	279.652173913	5.62725340472	159.0	0.953768	0.769498628534
10317.000028715	132.1875	4.69441571349	95.0	0.908254	0.714538643366
10317.000026126	156.571428571	4.07644594846	89.0	0.883962	0.629495638126
10317.000033665	167.066666667	4.570277036	104.0	0.886638	0.682086135873
10317.000028755	301.7	5.82437246655	177.0	0.955814	0.779951810187
10317.000026501	164.15	5.4099904274	119.0	0.943824	0.784645891034
10317.000016485	218.4	4.33370376248	112.0	0.854544	0.636620803836
10317.000001001	185.058823529	4.38393130667	113.0	0.860492	0.642788309636
10317.000013049	272.3	5.76667970324	155.0	0.960038	0.792548255368
10317.000002334	296.0	5.60514809366	153.0	0.956234	0.772336853859
10317.000006797	170.055555556	4.58707050549	110.0	0.90049	0.676423416435
10317.000013156	345.666666667	6.41657180618	194.0	0.978228	0.844295446463
10317.000001529	330.652173913	5.88779425062	168.0	0.966808	0.79647476074
10317.000002418b	342.083333333	6.16376921367	199.0	0.970556	0.807132669202
10317.000005849	189.769230769	4.20800707131	103.0	0.84159	0.629328757877
10317.000003282	220.545454545	4.37767903519	126.0	0.869886	0.627419149466
10317.000011341	238.625	5.33746203986	138.0	0.951262	0.750853721095
10317.000013355	372.785714286	6.03350391444	196.0	0.962586	0.792348498886
10317.000006794	308.8125	5.09237080845	140.0	0.921524	0.71428933265
10317.000009593	210.0	4.80977319284	147.0	0.856764	0.668054456158
10317.000028723	332.166666667	5.54004938557	169.0	0.948396	0.748566360696
10317.000002774	218.047619048	4.46279640791	128.0	0.856478	0.637542343988
10317.000001531	291.125	5.9684779831	166.0	0.965492	0.809280823331
10317.000018027	318.857142857	6.16335118978	179.0	0.974508	0.823557309962
10317.000001399	216.157894737	5.05149057314	123.0	0.938692	0.727616855429
10317.000001948	181.058823529	4.91281438565	109.0	0.927664	0.725868881506
10317.000001032	219.055555556	5.25233290494	124.0	0.947462	0.75527532881
10317.000016697	547.0	6.75225056919	232.0	0.984022	0.859285683355
10317.000011162	313.647058824	3.98998294631	137.0	0.750642	0.562125234103
10317.000005999	171.214285714	4.64838822694	122.0	0.905268	0.670691731708
10317.000001362	302.2	6.2243132486	186.0	0.97389	0.825597842485
10317.000010947	205.0	5.5700714579	127.0	0.96248	0.797012843982
10317.000002851	246.473684211	5.26010381752	137.0	0.93705	0.741065094669
10317.000035452	254.5	6.26800976464	174.0	0.97501	0.842141253408
10317.000005928	373.076923077	6.03356231145	194.0	0.95532	0.79389888236
10317.000027807	367.125	6.07349902087	185.0	0.968808	0.806425627584
10317.000031313	356.285714286	6.13453728418	190.0	0.969986	0.810390263908
10317.000014458	252.352941176	5.2831123012	130.0	0.944018	0.752326343744
10317.000016759	247.5	5.80338651376	167.0	0.957536	0.785972228015
10317.000014308	270.216216216	5.7928448494	176.0	0.953674	0.776579925329
10317.000010546	177.045454545	4.51773506702	112.0	0.889106	0.663654990631
10317.000015305	337.454545455	6.49316039299	205.0	0.977396	0.845520830688
10317.000014295	186.058823529	4.87440716036	114.0	0.916382	0.71337415797
10317.000011055	332.090909091	5.81219373499	191.0	0.94805	0.767040359849
10317.000002818	208.235294118	3.56067256923	111.0	0.699076	0.524058673956
10317.000009667	186.714285714	4.64601483406	108.0	0.91282	0.687800475222
10317.000012254	283.0	5.03826364163	141.0	0.91383	0.705683507681
10317.000026037	285.5	5.93861082625	170.0	0.963108	0.801497839355
10317.000007037	271.28125	5.72317455207	175.0	0.93237	0.768086485026
10317.000015594	343.428571429	6.43183192899	202.0	0.979616	0.839860840024
10317.000004286	252.55	5.31230589331	142.0	0.944062	0.743006123785
10317.000001351	210.55	4.77630474486	125.0	0.902256	0.685680829275
10317.000010115	214.772727273	5.46004012407	137.0	0.94585	0.769232945168
10317.000010981	280.714285714	5.86030499324	165.0	0.963506	0.795553713617
10317.000013028	247.2	5.81160605143	162.0	0.959	0.791788122257
10317.000017095	274.1	6.18040197774	174.0	0.97546	0.830370670043
10317.000011048	336.666666667	6.02715963791	185.0	0.965218	0.800272787869
10317.000002079	276.176470588	5.13047748667	130.0	0.944274	0.73059082396
10317.000014937	364.25	6.11470485012	186.0	0.968932	0.811059297638
10317.000013653	277.214285714	4.85143134172	124.0	0.912576	0.697626458211
10317.000021178	256.666666667	5.63878980349	162.0	0.94968	0.768243193155
10317.000006741	309.034482759	5.6534457607	174.0	0.95359	0.75957123198
10317.000014548	295.0	5.75478582903	162.0	0.960188	0.784046789344
10317.000013215	296.2	5.90394908082	180.0	0.957934	0.788049232266
10317.000010867	275.1875	5.56514353923	137.0	0.961378	0.784040347266
10317.000026613	287.4	5.69792566151	161.0	0.96132	0.777245978401
10317.000006909	280.541666667	5.90528434782	168.0	0.963214	0.798840743719
10317.000011163	225.052631579	5.14775344638	135.0	0.917628	0.727410990973
10317.000012276	314.954545455	5.71206513116	164.0	0.952336	0.776354027477
10317.000015003	258.0	5.2185347805	153.0	0.90903	0.719065164162
10317.000001613	260.275862069	5.54776079712	162.0	0.946736	0.755841167727
10317.000006029	260.0	5.53163162447	145.0	0.953424	0.770431986689
10317.000005024	339.517241379	5.98735360164	192.0	0.95575	0.789371549441
10317.000026632	361.476190476	6.06827166088	175.0	0.97086	0.814400715509
10317.000033799	251.0	5.10588151226	111.0	0.95252	0.751482042415
10317.000029152	181.142857143	3.93301526498	113.0	0.75863	0.576673322893
10317.000022999	216.142857143	5.26003150436	129.0	0.940154	0.75022978328
10317.000037575	299.0	6.51826343946	210.0	0.97752	0.844964478319
10317.000027681	276.333333333	6.30216927412	179.0	0.974234	0.842106414921
10317.000021296	326.035714286	6.05207981565	183.0	0.968432	0.805258318703
10317.000028712	281.619047619	5.41889398654	153.0	0.944206	0.746672784202
10317.000027363	320.64	5.63822402498	164.0	0.95421	0.766317930398
10317.000033801	269.035714286	5.54433748682	159.0	0.943856	0.758160293379
10317.000011225	248.848484848	5.80825412605	167.0	0.959742	0.786631465181
10317.000011409	186.272727273	5.09879999796	126.0	0.934494	0.73077188444
10317.000009475	319.928571429	4.77062462382	127.0	0.90596	0.682621242427
10317.000012928	219.0	5.64157682083	154.0	0.956358	0.776350975667
10317.000028841	276.75	5.7483321142	158.0	0.962994	0.787035141441
10317.000017357	337.5	5.60234760571	159.0	0.952052	0.766092885661
10317.000014534	226.181818182	5.39752346942	143.0	0.944494	0.753857606587
10317.000016715	373.25	6.41996867802	200.0	0.978058	0.839886114892
10317.000008954A	230.0	5.63514472222	158.0	0.946752	0.771538045364
10317.000015912	221.5	5.0307327036	130.0	0.925586	0.716386956301
10317.000016725	284.714285714	6.2252446608	163.0	0.97898	0.847118648308
10317.000018358	247.615384615	4.6257495029	116.0	0.873104	0.674506025343
10317.000010102	252.166666667	5.3899715779	133.0	0.954832	0.763962552481
10317.000018415	219.357142857	5.36128467896	138.0	0.951622	0.754204998739
10317.000008949B	286.913043478	5.75501708711	163.0	0.958216	0.783131035239
10317.000010869	199.5	5.7936040886	150.0	0.955064	0.801459316751
10317.000014571	294.517241379	6.14287874035	180.0	0.972542	0.819941162936
10317.000011949	215.55	4.73444529793	121.0	0.894618	0.684280803878
10317.000010827	285.24	5.8411296132	162.0	0.964858	0.795810488076
10317.000014162	248.576923077	5.69254767445	153.0	0.961506	0.78437969664
10317.000010821	198.153846154	5.15688897168	115.0	0.926144	0.753326486973
10317.000016736	387.0	5.3773594211	159.0	0.946668	0.735326881885
10317.000001929	255.368421053	5.3579934916	139.0	0.949056	0.752639112596
10317.000003196	282.035714286	5.88471753969	172.0	0.961494	0.792419572163
10317.000028833	103.25	3.98944920092	67.0	0.890638	0.657664118621
10317.000004291	324.2	6.05779750022	178.0	0.971132	0.810328184673
10317.000035347	377.833333333	6.01215689824	170.0	0.97075	0.811423901109
10317.000031035	168.272727273	4.71928723875	117.0	0.878256	0.686904906998
10317.000016765	230.193548387	5.90074859842	161.0	0.963596	0.804912768284
10317.000004918	315.576923077	6.01257463187	175.0	0.970246	0.806925819391
10317.000001347	241.451612903	5.68836287017	159.0	0.953448	0.777855040885
10317.000005938	229.027777778	5.41304104237	160.0	0.938162	0.739291751056
10317.000003982	182.363636364	4.75959333449	134.0	0.870968	0.673582402685
10317.000001934	204.3125	5.21822574338	149.0	0.91578	0.722829191283
10317.000015355	296.6	5.75331711976	167.0	0.956232	0.77919116095
10317.000002418a	272.5	6.1810155452	168.0	0.97708	0.836140440364
10317.000026083	284.607142857	5.37570355644	166.0	0.926622	0.728905059625
10317.000016741	214.217391304	5.15618725209	132.0	0.938688	0.731956100799
10317.000009476	168.235294118	4.45990316992	110.0	0.88179	0.657670933017
10317.000003729	399.357142857	5.72624700547	193.0	0.949796	0.754202095233
10317.000017219	294.714285714	6.14300420555	179.0	0.971392	0.820838511847
10317.000003366	218.285714286	4.45987348875	127.0	0.902184	0.638156346815
10317.000004283	101.428571429	3.16085316818	66.0	0.75898	0.522939620707
10317.000003473	363.433333333	6.20458819772	205.0	0.967142	0.807943782303
10317.000016734	308.555555556	5.35316770834	146.0	0.950156	0.744547751409
10317.000007068	164.368421053	4.81165933293	105.0	0.928922	0.716634403712
10317.000011342	320.681818182	5.66564225941	166.0	0.942826	0.768218571866
10317.000026056	211.75	4.56561979901	112.0	0.903788	0.670689254679
10317.000012209	317.8125	5.51552612289	149.0	0.948014	0.764011271832
10317.000016355	319.533333333	6.33184513351	189.0	0.977874	0.837297296001
10317.000015185	227.315789474	4.98035409106	131.0	0.907616	0.70809818917
10317.000003028	266.772727273	5.1143743282	144.0	0.920686	0.713309320135
10317.000012985	342.444444444	5.866894817	184.0	0.954486	0.779802818301
10317.000016755	280.75	5.93658355543	182.0	0.94383	0.790722687545
10317.000014327	189.166666667	5.32584321937	125.0	0.95451	0.764571942185
10317.000013249	221.071428571	5.05273079325	115.0	0.941218	0.738110895735
10317.000008950A	162.714285714	3.62639273575	92.0	0.785862	0.555891514509
10317.000016716	266.12	5.96011532879	161.0	0.97053	0.813010899984
10317.000022662	190.25	5.54496673453	135.0	0.954728	0.783539808052
10317.000022443	350.058823529	5.06471348751	145.0	0.929968	0.705400782101
10317.000017074	255.0	5.32470383316	144.0	0.948174	0.742644285971
10317.000002511	169.37037037	4.55158405425	124.0	0.869108	0.654508997315
10317.000013821	202.5	4.99150802078	120.0	0.931952	0.722685259261
10317.000004819	167.066666667	4.81590299311	104.0	0.922418	0.718744320626
10317.000003594	319.15	5.34381552032	149.0	0.946962	0.740225900694
10317.000001391	123.05	3.79084391279	86.0	0.833596	0.589898495858
10317.000017075	208.666666667	4.83343284218	134.0	0.894246	0.684032243565
10317.000010834	239.5	5.37730386665	142.0	0.93523	0.752097070955
10317.000014303	203.115384615	5.84100409578	146.0	0.968344	0.812398695955
10317.000015265	293.055555556	5.47068466675	143.0	0.956082	0.764075834526
10317.000003193	165.6875	4.7595407243	101.0	0.91782	0.714837721306
10317.000014933	103.75	3.9766315107	82.0	0.856758	0.625497283831
10317.000013619	375.125	6.35800689947	193.0	0.97758	0.837410981486
10317.000005015	258.777777778	5.84383536733	156.0	0.968312	0.802129407791
10317.000022925	146.055555556	5.18719759208	107.0	0.949442	0.769446413154
10317.000003439	294.0	5.19001274805	144.0	0.941022	0.723858721954
10317.000016735	263.935483871	5.88810731975	172.0	0.963474	0.792876030446
10317.000011168	281.772727273	5.63307536354	159.0	0.955506	0.77029475215
10317.000004972	305.0	6.11943409342	172.0	0.971078	0.824025845502
10317.000009382	197.142857143	5.62828873846	129.0	0.965688	0.802753716778
10317.000006001	153.454545455	4.24861199389	100.0	0.889104	0.639479825049
10317.000027308	262.833333333	5.24972451908	140.0	0.91745	0.736360796255
10317.000003895	289.217391304	5.82047234138	162.0	0.963826	0.792996088352
10317.000001322	196.5	4.90234630227	114.0	0.935886	0.717463078156
10317.000002019	247.55	5.38761239816	137.0	0.946476	0.759029028778
10317.000026106	251.689655172	5.4595318662	156.0	0.938272	0.749379609003
10317.000008957B	342.965517241	6.13226727952	189.0	0.970894	0.810905937091
10317.000001047	212.0	4.74403783766	110.0	0.907364	0.699570298298
10317.000017071	234.25	4.45152066605	127.0	0.848258	0.636961154433
10317.000015262	272.166666667	5.37110842585	138.0	0.94993	0.755586965833
10317.000003981	238.5	5.23347226187	138.0	0.945166	0.736224837333
10317.000014334	306.344827586	6.18359858204	189.0	0.970202	0.817693778532
10317.000011378	395.5	5.58767657336	168.0	0.955586	0.755876168973
10317.000016718	229.052631579	5.75007527625	139.0	0.965758	0.807714970178
10317.000016714	268.935483871	6.2848872818	177.0	0.977432	0.841620147134
10317.000007748	215.2	5.10882689903	142.0	0.924766	0.71454651663
10317.000007073	296.44	5.52171836485	157.0	0.953584	0.756957565709
10317.000001247	329.307692308	6.5074853533	192.0	0.980936	0.857945619728
10317.000002036	178.789473684	4.80712024208	109.0	0.928712	0.710252559831
10317.000016742	366.875	5.38223218662	149.0	0.945908	0.745547381442
10317.000015627	276.652173913	5.67884096843	156.0	0.957038	0.779482147702
10317.000012112	265.473684211	5.59910953259	142.0	0.95922	0.783119939629
10317.000002437	171.535714286	4.90256355129	126.0	0.926108	0.702646820114
10317.000003731	206.0	5.21852764381	143.0	0.942506	0.728857740363
10317.000013171	297.3125	5.21893516638	142.0	0.933268	0.729946818977
10317.000001487	213.384615385	5.57981164823	143.0	0.96036	0.779317306942
10317.000014306	208.315789474	5.18940387042	133.0	0.934454	0.735534532864
10317.000002064	325.64	5.96534607439	176.0	0.9671	0.799705175859
10317.000003492	273.724137931	5.36668151038	162.0	0.926206	0.731170461013
10317.000002336	336.5	4.97972499428	141.0	0.890028	0.697484302372
10317.000006074	308.4	5.5198762812	138.0	0.961104	0.77651505805
10317.000012061	159.882352941	4.34353400792	99.0	0.889406	0.655196915303
10317.000016756	282.5	5.78387374065	167.0	0.960822	0.783329547277
10317.000011018	318.533333333	5.91495245789	188.0	0.95692	0.782961531596
10317.000015261	308.285714286	5.59547291585	154.0	0.957694	0.770006506247
10317.000013458	236.0	6.11082632859	171.0	0.970348	0.823799922731
10317.000041935	297.75	4.07802925083	119.0	0.798606	0.591462949541
10317.000033721	264.0	5.86234200035	149.0	0.967648	0.812052244483
10317.000031491	226.391304348	6.15685656855	152.0	0.977002	0.849464423744
10317.000017671	183.214285714	5.08602005599	106.0	0.943282	0.755957221899
10317.000036943	286.545454545	5.72832929345	157.0	0.961016	0.785281303942
10317.000036102	329.0	5.93355448996	167.0	0.962894	0.803601316483
10317.000028894	230.105263158	5.0278068999	124.0	0.93649	0.722988922873
10317.000040401	242.0	5.70558726744	146.0	0.962672	0.79356418515
10317.000040358	252.166666667	5.33175894616	133.0	0.945738	0.755711623865
10317.000031506	312.607142857	5.93638484531	179.0	0.959522	0.793229686833
10317.000016446	289.24	5.70879788442	166.0	0.947832	0.774070150751
10317.000028793	238.6	5.06130365959	106.0	0.945136	0.752283516693
10317.000042026	303.903225806	6.21733063586	186.0	0.972114	0.824671663197
10317.000037582	201.0	5.41447601798	131.0	0.950116	0.769820898984
10317.000029202	245.0	4.44239086137	130.0	0.862806	0.632605836044
10317.000022618	374.807692308	6.13945158446	192.0	0.967948	0.809424118296
10317.000021229	147.3	3.12295614375	77.0	0.683996	0.498334532934
10317.000034121	153.363636364	4.37083612382	86.0	0.909672	0.68015189082
10317.000036071	187.789473684	4.83962208418	118.0	0.915068	0.70316331233
10317.000036166	218.052631579	5.60543736251	137.0	0.96137	0.789717107079
10317.000031593	249.0	4.89405244351	127.0	0.897688	0.700282336786
10317.000012263	154.461538462	4.4467400156	85.0	0.91921	0.693785113111
10317.000034194	381.935483871	5.80370039088	199.0	0.945822	0.759982410981
10317.000036131	281.111111111	5.93732039369	167.0	0.966334	0.804111345539
10317.000002347	178.75	4.77702487677	115.0	0.921178	0.697835339942
10317.000016767	305.7	5.99075403782	181.0	0.966428	0.79878361876
10317.000036109	176.5	3.72904170788	79.0	0.780942	0.591556378124
10317.000004973	359.75	6.12238234663	177.0	0.968586	0.819858829657
10317.000040395	234.647058824	5.18374091324	127.0	0.941326	0.741733408442
10317.000031379	334.0	5.66556203609	173.0	0.948106	0.762050483577
10317.000004737	304.076923077	5.59286826028	170.0	0.934104	0.754835088131
10317.000006666	198.0	4.74344966969	114.0	0.922462	0.694208403744
10317.000003969	157.789473684	4.77937802785	108.0	0.92812	0.707543689857
10317.000001749	272.756756757	5.93947841277	183.0	0.95964	0.790276160647
10317.000009507	289.433333333	6.05560257545	176.0	0.972424	0.811804824422
10317.000017356	209.5	3.78916354381	87.0	0.809556	0.588110627735
10317.000040348	458.473684211	5.70842417332	182.0	0.955748	0.760333020133
10317.000026595	252.44	5.85349463011	164.0	0.96002	0.79557638552
10317.000012335	282.5	5.23319578699	146.0	0.934976	0.727861402477
10317.000022554	386.142857143	6.09116756919	178.0	0.97197	0.81479196997
10317.000003718	326.323529412	6.13478955213	195.0	0.967074	0.806431336503
10317.000006113	282.866666667	4.92091719458	131.0	0.907446	0.699647553333
10317.000006662	269.0	6.0730637209	178.0	0.970056	0.812370288077
10317.000013756	334.5	6.26570953742	198.0	0.970146	0.821263161422
10317.000001216	320.035714286	5.99810668524	177.0	0.969338	0.80321686048
10317.000010945	252.5	4.95921061309	146.0	0.907252	0.68975405067
10317.000016722	259.625	6.07614554127	159.0	0.975252	0.830882372714
10317.000016358	205.476190476	4.78141560621	124.0	0.919886	0.687558330653
10317.000035392	231.5	5.81027205058	149.0	0.967262	0.804839509441
10317.000043118	443.555555556	6.232561748	205.0	0.970898	0.811586418252
10317.000006685	221.5	4.69907040298	99.0	0.921004	0.708827518608
10317.000005992	178.0	4.33366465496	125.0	0.840988	0.622135925815
10317.000012947	270.615384615	5.72210629349	161.0	0.960776	0.780544424201
10317.000012122	242.6	5.38811197501	146.0	0.94692	0.749407990541
10317.000004758	305.217391304	5.45270344958	150.0	0.94998	0.754300762412
10317.000042014	384.025	6.43807224661	223.0	0.975772	0.825298661591
10317.000014612	344.0	5.83779246206	166.0	0.967846	0.791560847424
10317.000027267	264.243902439	6.11971744805	191.0	0.965676	0.807624536889
10317.000006625	153.0	4.71933127956	110.0	0.91284	0.695926993837
10317.000008951B	155.461538462	4.05950907933	86.0	0.8737	0.631705856246
10317.000006778	372.384615385	6.34450710534	197.0	0.9772	0.832388345765
10317.000012971	368.444444444	6.12634029963	196.0	0.968626	0.804540215589
10317.000017652	323.076923077	6.48977414824	211.0	0.977206	0.840524644177
10317.000015254	409.565217391	6.10063929029	190.0	0.968914	0.805912240066
10317.000001438	321.0	5.77849086292	163.0	0.964842	0.78632529897
10317.000006803	250.4	5.48953203264	151.0	0.953234	0.758389759945
10317.000013299	292.903225806	5.57449211232	175.0	0.950472	0.748132354412
10317.000036039	189.6	5.13757981838	128.0	0.934162	0.733939974055
10317.000011026	270.538461538	5.49587797356	158.0	0.939904	0.752470283959
10317.000012993	282.75	5.81493276056	164.0	0.965174	0.790335257829
10317.000009218	267.533333333	5.82335733474	170.0	0.960316	0.785942783278
10317.000009419	255.916666667	5.9220889103	161.0	0.962106	0.807823770036
10317.000010693	335.833333333	5.99649672451	187.0	0.967808	0.794564804951
10317.000008951A	105.142857143	3.812202312	80.0	0.846194	0.603012602293
10317.000001669	212.25	4.80810434652	116.0	0.918714	0.701096189962
10317.000036068	248.516129032	5.49541109379	159.0	0.945282	0.751469854966
10317.000042981	270.954545455	5.92259556809	158.0	0.96469	0.810894490441
10317.000004075	291.34375	6.07918176114	185.0	0.964816	0.807180169138
10317.000028776	365.372093023	6.47805595976	231.0	0.973188	0.825046231813
10317.000004011	161.260869565	4.60498317182	108.0	0.914036	0.681726108739
10317.000004285	292.029411765	5.94657241074	182.0	0.963012	0.792053152187
10317.000011964	312.926829268	5.97157673366	197.0	0.963962	0.783460526785
10317.000012011	350.444444444	5.87209319719	178.0	0.962256	0.785487236993
10317.000026116	241.555555556	4.87807036714	126.0	0.90444	0.699136399948
10317.000015607	262.857142857	5.91895872465	169.0	0.959864	0.79976424094
10317.000011031	278.04	5.58532010433	161.0	0.94413	0.761885613654
10317.000018035	309.666666667	5.94559202109	178.0	0.950988	0.795318890915
10317.000022498	301.4	6.10984642898	175.0	0.967666	0.819980314245
10317.000018398	187.0	5.46172554203	118.0	0.958482	0.793550602996
10317.000023929	394.045454545	5.06896793631	178.0	0.860754	0.678056271417
10317.000009558	225.0	5.20171979951	141.0	0.93186	0.728577965584
10317.000012391	343.947368421	6.19068309722	203.0	0.970154	0.807620587551
10317.000040145	203.434782609	6.14510684463	148.0	0.978746	0.852367930408
10317.000002051	283.0	5.4300509157	153.0	0.928432	0.748210104434
10317.000016726	282.139534884	6.52497766473	203.0	0.979556	0.851231796653
10317.000005927	371.848484848	5.69915988322	200.0	0.936372	0.745587010237
10317.000018369	223.0	5.61794922089	158.0	0.94306	0.769183716569
10317.000002191	289.294117647	6.26906310419	194.0	0.971668	0.82488618414
10317.000013539	325.344827586	5.83939963199	181.0	0.96108	0.778602616628
10317.000026622	367.162162162	6.01163867471	211.0	0.958766	0.778598814467
10317.000004289	250.689655172	5.81666465538	165.0	0.95387	0.789629408843
10317.000014543	250.454545455	4.4909032623	131.0	0.891644	0.63850891114
10317.000018025	198.4	5.52549012444	139.0	0.94704	0.776167419844
10317.000011073	383.555555556	5.39477828033	166.0	0.943694	0.731491449035
10317.000001111	222.44	4.78227653934	134.0	0.884392	0.676792552491
10317.000013053	179.1	4.17829688177	93.0	0.869696	0.638965500376
10317.000010225	371.903225806	6.56375349424	209.0	0.981462	0.851621597198
10317.000003226	449.25	6.25980418434	204.0	0.97109	0.815883362214
10317.000013167	246.090909091	5.72566130861	162.0	0.959474	0.780078789942
10317.000018299	226.047619048	4.78171031069	127.0	0.912754	0.684207476085
10317.000010879	320.0	4.82238211304	135.0	0.91031	0.681433908642
10317.000013685	341.136363636	5.86056686501	175.0	0.959312	0.786525408696
10317.000020032	216.035714286	5.99441018069	157.0	0.969674	0.821757619352
10317.000013055	209.088235294	5.17359689541	146.0	0.927972	0.719572063691
10317.000003579	309.111111111	5.82877177659	180.0	0.94923	0.778014691645
10317.000001284	275.05	4.66836654641	140.0	0.864456	0.65481571363
10317.000013684	279.0	5.88991972829	168.0	0.964924	0.796762285956
10317.000006665	383.037037037	6.7003377632	207.0	0.984992	0.870910394755
10317.000002638	345.5	5.64156750342	161.0	0.957426	0.769558241788
10317.000002443	381.027027027	6.45002148972	219.0	0.976016	0.829607478671
10317.000017349	340.833333333	6.81237789762	222.0	0.982652	0.874007496448
10317.000005814	293.885714286	6.0754751398	187.0	0.969266	0.805029826784
10317.000001482	182.526315789	4.31921458358	110.0	0.870736	0.636924564695
10317.000020071	215.724137931	5.70215195153	144.0	0.963056	0.795287530956
10317.000004026	259.363636364	5.9110883144	173.0	0.957336	0.795075171672
10317.000013134	289.105263158	6.14847806467	162.0	0.976254	0.837684429826
10317.000004822	264.84	6.04989843958	171.0	0.968742	0.815586239743
10317.000009101	309.206896552	6.42771533475	189.0	0.979488	0.849974779196
10317.000013159	253.774193548	5.93805163865	169.0	0.961822	0.802344057861
10317.000018073	282.5	5.5743388158	164.0	0.952262	0.757634986787
10317.000021267	203.545454545	5.04938655465	131.0	0.924712	0.717913106256
10317.000016772	303.6	5.94657974224	176.0	0.967816	0.797189390058
10317.000009596	210.0	5.49415490589	134.0	0.954994	0.777538289965
10317.000009003	247.6	5.43912026149	160.0	0.927408	0.742853547727
10317.000006635	253.0	5.12817484723	158.0	0.911994	0.702126066491
10317.000017265	267.107142857	5.70877199882	168.0	0.953704	0.772257422446
10317.000001734	283.0	6.04015284733	172.0	0.967684	0.813350055087
10317.000001286	207.617647059	5.46886608809	152.0	0.938952	0.75454205053
10317.000014397	326.12	6.0877921576	173.0	0.973844	0.818842848788
10317.000010746	180.25	4.33868607894	94.0	0.90249	0.661931080213
10317.000010873	281.375	5.06543063681	139.0	0.918906	0.711542711909
10317.000016731	337.0	6.14076734807	196.0	0.961384	0.806434844371
10317.000016458	327.384615385	6.33836848216	203.0	0.970996	0.826887242861
10317.000009174	257.137931034	5.9919283502	169.0	0.967264	0.80962382941
10317.000004719	419.037037037	6.03924514755	197.0	0.965796	0.792338505511
10317.000018345	281.619047619	5.54978820897	153.0	0.948002	0.764708780799
10317.000013222	337.0	5.2810097065	163.0	0.927736	0.71862907372
10317.000003809	261.058823529	5.84082601901	175.0	0.957112	0.783876061401
10317.000004847	242.5	5.29803166124	134.0	0.936856	0.749782732491
10317.000002261	311.848484848	5.92173286619	185.0	0.960102	0.786274456716
10317.000014134	279.4	5.28360079857	132.0	0.945958	0.750043326515
10317.000016729	315.441176471	6.31956356272	195.0	0.975184	0.830720279268
10317.000014877	279.75	5.78285712563	159.0	0.9561	0.790776655525
10317.000001652	244.848484848	5.98182757239	163.0	0.970202	0.813994945363
10317.000017083	319.12	5.67743472199	166.0	0.961566	0.769817541294
10317.000002606	247.71875	5.38142784202	161.0	0.923264	0.734072958608
10317.000011357	313.193548387	5.93501244749	184.0	0.965376	0.788856725332
10317.000004813	373.666666667	6.03661858807	194.0	0.963964	0.794301028632
10317.000013453	316.8125	5.31462297416	148.0	0.932538	0.737174194024
10317.000016768	281.552631579	6.26632432433	192.0	0.972914	0.826150995965
10317.000013174	164.473684211	3.91591930936	100.0	0.804098	0.589404586359
10317.000016166	247.473684211	5.24166039113	138.0	0.92875	0.737376712003
10317.000003595	255.551724138	4.46997346029	152.0	0.863046	0.616724360446
10317.000012184	287.636363636	6.00004575887	187.0	0.962288	0.795035069161
10317.000011358	422.357142857	6.5358705716	216.0	0.979384	0.842806626116
10317.000013471	412.5	6.03329590249	209.0	0.961972	0.782796778909
10317.000001436	329.291666667	5.89840963719	177.0	0.961632	0.789866256008
10317.000009385	341.676470588	6.27500268156	199.0	0.973234	0.821698458856
10317.000006053	245.125	5.40418570062	153.0	0.934352	0.744646120306
10317.000002185	282.625	5.13684537351	136.0	0.93226	0.724779161256
10317.000016488	151.5	3.9459139111	90.0	0.81209	0.607825508765
10317.000001516	250.428571429	4.88042824831	124.0	0.895976	0.701796157382
10317.000011352	369.807692308	6.02831794441	187.0	0.963508	0.798781270422
10317.000004009	223.157894737	5.31547882393	130.0	0.944754	0.756935404903
10317.000013801	250.75	5.58174037344	153.0	0.953712	0.769111489481
10317.000003996	397.571428571	6.45398659476	236.0	0.967268	0.818759209867
10317.000017339	259.473684211	5.62380853318	150.0	0.948406	0.777970616496
10317.000010183	331.166666667	6.53417832932	218.0	0.97639	0.841146148976
10317.000012318	175.75	4.77570379378	132.0	0.87716	0.677943867543
10317.000007666	241.322580645	6.01350585006	170.0	0.965144	0.811605960854
10317.000006026	175.714285714	5.28100721242	115.0	0.957054	0.77145787564
10317.000002349	264.181818182	5.51962068912	148.0	0.951748	0.765608765212
10317.000015908	201.571428571	5.39651355105	121.0	0.951226	0.779971126179
10317.000001423	241.894736842	4.70000160473	129.0	0.89617	0.670353624765
10317.000011036	282.692307692	5.87542371764	180.0	0.962316	0.784241714579
10317.000005845	285.724137931	6.00616148069	174.0	0.967918	0.806960510186
10317.000009118	278.619047619	5.59781689509	150.0	0.957898	0.774375058327
10317.000005576	291.05	5.84422202981	156.0	0.965752	0.802182481384
10317.000013584	278.571428571	4.89468294677	130.0	0.902358	0.697013183743
10317.000002801	323.487179487	6.34311001492	209.0	0.969192	0.822993960216
10317.000013265	331.75	6.04816615249	197.0	0.963554	0.79350892591
10317.000010833	295.05	4.813429039	141.0	0.913258	0.674192088749
10317.000013238	139.0	4.70908759981	77.0	0.938662	0.751435774816
10317.000012983	303.375	5.54071613813	181.0	0.917952	0.738777332435
10317.000004915	258.935483871	5.90136412263	167.0	0.96659	0.79924166636
10317.000001099	507.157894737	7.01408061004	262.0	0.986298	0.873112321946
10317.000010881	226.666666667	4.93916008803	140.0	0.91	0.692798992029
10317.000015856	371.451612903	6.20867170553	202.0	0.970654	0.810720847749
10317.000017324	237.428571429	4.18993520036	156.0	0.74116	0.575113778827
10317.000003061	245.875	5.80915909438	166.0	0.956874	0.787678377649
10317.000028859	327.64	6.02324735573	178.0	0.970068	0.80570654523
10317.000014922	332.777777778	5.99886570061	191.0	0.962682	0.791675624641
10317.000012903	348.03030303	6.35779863207	204.0	0.97646	0.82865565303
10317.000014684	283.730769231	6.15852408175	177.0	0.96896	0.824698632037
10317.000012991	316.135135135	6.50760482669	203.0	0.979126	0.848965380903
10317.000014121	231.315789474	4.92437760049	135.0	0.894234	0.695846533367
10317.000004736	311.193548387	5.47108330518	182.0	0.908042	0.728720425554
10317.000011248	285.071428571	6.23760909	196.0	0.969782	0.819152563616
10317.000010962	352.625	5.91716452507	182.0	0.95843	0.788136171624
10317.000016773	227.029411765	5.80755873498	162.0	0.96336	0.791236705477
10317.000002348	451.65	5.61198113002	189.0	0.933496	0.742105425244
10317.000016354	327.8125	6.55912361269	197.0	0.982852	0.860545659891
10317.000004922	157.807692308	4.84576984114	118.0	0.903398	0.704056538511
10317.000003091	210.235294118	4.9082542555	113.0	0.928618	0.719666490065
10317.000001965	239.03030303	6.47909092065	176.0	0.98171	0.868577024617
10317.000005454	170.0	5.07113350202	119.0	0.93947	0.7354992802
10317.000014369	365.5	6.68758479717	236.0	0.979352	0.848393712019
10317.000003086	263.608695652	5.82508688315	186.0	0.956546	0.772644140958
10317.000001528	369.285714286	6.35533973456	187.0	0.974602	0.842113238544
10317.000002444	270.181818182	5.59019142354	154.0	0.953818	0.769279707369
10317.000015584	252.307692308	5.39215153906	154.0	0.939352	0.742026961831
10317.000023375	329.0	4.85142604887	168.0	0.861696	0.656279454927
10317.000015624	276.166666667	5.76207492526	177.0	0.956532	0.771609438477
10317.000020431	320.6	6.49634089862	201.0	0.979564	0.849078160863
10317.000006671	330.323529412	6.34271681701	199.0	0.97525	0.830565483073
10317.000009102	228.903225806	5.23804453871	151.0	0.924062	0.723646262864
10317.000015214	418.7	6.28555176029	204.0	0.97523	0.819239220994
10317.000002172	311.272727273	5.53301452554	164.0	0.939452	0.752018405315
10317.000016745	361.25	5.18726621731	161.0	0.925796	0.707587646069
10317.000001189	299.3125	5.45469583217	144.0	0.947404	0.760774461528
10317.000007678	237.5	2.92835957018	98.0	0.705766	0.442704160756
10317.000003358	234.081081081	5.6695534828	165.0	0.953156	0.769658632613
10317.000009231	283.0	4.97303931956	164.0	0.902668	0.675909503112
10317.000006653	141.107142857	5.01161586989	116.0	0.927814	0.730771326642
10317.000018318	331.5	6.02805692615	182.0	0.964872	0.802906474543
10317.000013859	280.75	5.83492114619	160.0	0.95547	0.796910468195
10317.000015928	335.894736842	6.3026660289	203.0	0.972796	0.822229592675
10317.000013757	325.5	6.38543486885	210.0	0.972872	0.827745870186
10317.000012298	275.615384615	5.64068336949	166.0	0.943526	0.764834333701
10317.000001731	449.217391304	6.33767415377	198.0	0.977942	0.830695754487
10317.000017171	305.90625	6.01839994121	189.0	0.964988	0.79584858612
10317.000014587	193.956521739	5.06943963848	127.0	0.930442	0.725378217174
10317.000017343	285.111111111	6.01133488499	171.0	0.971324	0.810387490574
10317.000002171	286.538461538	5.89286290647	165.0	0.964192	0.799973546511
10317.000016764	257.516129032	5.99370076631	168.0	0.968436	0.81080132569
10317.000016727	273.129032258	5.76339123333	166.0	0.96217	0.781472599161
10317.000002013	331.216216216	5.59986418526	192.0	0.93509	0.738285019172
10317.000013454	238.24137931	6.10469480761	162.0	0.975504	0.831719286526
10317.000016766	261.275862069	5.76961110384	163.0	0.960554	0.785116959391
10317.000001234	188.25	4.29534131757	114.0	0.83844	0.62862731709
10317.000001922	299.153846154	6.27850343847	201.0	0.970112	0.820606590034
10317.000026623	423.121212121	6.20894796728	221.0	0.961582	0.797255476674
10317.000006761	328.926829268	6.56288585691	213.0	0.980102	0.848498027612
10317.000004076	253.8	5.82079494745	153.0	0.964208	0.802050968423
10317.000009532	284.756756757	6.49253532954	195.0	0.980132	0.853457791599
10317.000005846	197.903225806	5.89233149729	150.0	0.968728	0.815116791494
10317.000004821	390.578947368	6.44684115354	227.0	0.971418	0.823714459063
10317.000002712	386.5	5.44813348072	164.0	0.938584	0.740481817499
10317.000010832	214.0	5.32838696534	149.0	0.938286	0.738088735598
10317.000013734	350.5	6.57589449191	213.0	0.980774	0.850179879373
10317.000009659	266.37037037	5.63186443908	158.0	0.955122	0.771088924114
10317.000001116	344.083333333	4.85788739234	137.0	0.906536	0.68439918777
10317.000017292	315.052631579	6.63900362984	212.0	0.981858	0.859093163404
10317.000015862	319.25	5.77015861044	155.0	0.963662	0.793026381772
10317.000002446	219.647058824	4.10065231375	112.0	0.83278	0.602385561014
10317.000006678	363.0	5.63128731016	168.0	0.954168	0.761775636529
10317.000014224	290.6	6.41023533054	191.0	0.980394	0.845964439392
10317.000017218	261.137931034	6.14127037484	168.0	0.975188	0.830763889537
10317.000009661	376.0	6.02781127888	186.0	0.96784	0.799533665479
10317.000006729	225.357142857	5.49746013282	144.0	0.958302	0.766738861525
10317.000003476	300.757575758	6.47246910755	205.0	0.974498	0.842826470501
10317.000001811	254.75	4.39137221757	134.0	0.84158	0.621471382431
10317.000016749	288.636363636	6.25754118967	188.0	0.973966	0.828309960016
10317.000003214	154.0	2.79919083211	105.0	0.532292	0.416903258117
10317.000013686	185.0	5.36565299415	130.0	0.95483	0.764080312653
10317.000010845	291.7	6.24844635606	181.0	0.975484	0.83314330056
10317.000001311	236.5	4.91811214066	136.0	0.905046	0.693917167655
10317.000003593	208.0	5.85152499106	151.0	0.965596	0.808399806559
10317.000001435	189.107142857	5.1565731237	138.0	0.91789	0.725406961044
10317.000017205	266.025	5.97647810065	183.0	0.958676	0.795199147019
10317.000014551	353.769230769	5.7434468033	146.0	0.967358	0.798829895815
10317.000002781	189.75	3.86878580362	116.0	0.786398	0.564128977081
10317.000007675	269.0	5.94552172824	174.0	0.961872	0.798813229142
10317.000003216	187.517241379	5.5487461831	140.0	0.951522	0.778303536262
10317.000005238	298.193548387	5.43701736308	169.0	0.938338	0.734644768893
10317.000022448	324.035714286	5.78471268237	181.0	0.95461	0.771310873512
10317.000001004	146.681818182	5.09631789567	113.0	0.94325	0.747241080294
10317.000014122	340.142857143	5.54586695946	162.0	0.953084	0.755583146423
10317.000016728	388.527777778	6.54579521155	222.0	0.97739	0.839805743469
10317.000010773	226.75	4.09567453484	129.0	0.839992	0.584159432526
10317.000005553	293.619047619	6.03119613915	165.0	0.96828	0.81875269147
10317.000014054	365.303030303	6.16072370997	203.0	0.971062	0.80371216298
10317.000001779	208.24	5.91035479017	151.0	0.961338	0.816527260221
10317.000026081	281.625	5.20212354771	135.0	0.943994	0.735093839364
10317.000016769	218.965517241	5.36621773715	145.0	0.943238	0.747393549121
10317.000003372	278.121212121	5.93858162997	175.0	0.968078	0.796995487155
10317.000004738	400.04	6.19110614799	194.0	0.972622	0.814628572267
10317.000041976	316.675675676	6.44597316124	206.0	0.976854	0.838609603739
10317.000036427	283.6	6.05278244929	184.0	0.96847	0.804510215326
10317.000043092	287.6	6.12701409935	188.0	0.966692	0.811032105075
10317.000036069	141.0	4.94937801682	100.0	0.937926	0.744955621471
10317.000028711	279.619047619	5.48566034937	151.0	0.951152	0.757854879206
10317.000027901	437.161290323	6.45466501485	222.0	0.975644	0.828114014639
10317.000031057	247.71875	5.63703346582	161.0	0.952902	0.768939760134
10317.000021275	214.0	5.29633612613	151.0	0.932718	0.731699361512
10317.000031439	253.285714286	5.49326819802	148.0	0.94437	0.761953496254
10317.000036437	289.885714286	5.91298475309	183.0	0.964582	0.786751051841
10317.000043117	331.2	5.75710448649	171.0	0.95867	0.776114714458
10317.000040144	171.666666667	4.4100914462	109.0	0.852212	0.651591510305
10317.000039994	231.46875	5.51865502463	156.0	0.940274	0.757494899917
10317.000036067	236.357142857	6.31634511227	171.0	0.97791	0.851505890632
10317.000036877	333.634146341	6.23259264596	208.0	0.969444	0.809381395621
10317.000038417	325.454545455	5.53232278324	167.0	0.94223	0.749261151869
10317.000031891	283.965517241	5.97292342939	175.0	0.964444	0.801604375415
10317.000028719	239.12	5.62008537532	148.0	0.958944	0.779543897477
10317.000023341	242.714285714	4.97444196774	131.0	0.927174	0.707257613633
10317.000036901	284.0	5.30963951616	165.0	0.936622	0.72079924849
10317.000035492	377.7	6.22453298347	206.0	0.965518	0.809800631829
10317.000041632	246.142857143	5.03055237644	144.0	0.89482	0.701618549068
10317.000027775	327.333333333	5.74602359353	179.0	0.951918	0.767793297502
10317.000036094	161.230769231	3.85661763911	95.0	0.80562	0.587017107989
10317.000039831	286.371428571	5.57140456557	177.0	0.943004	0.746076440193
10317.000043164	230.526315789	5.16268207835	131.0	0.940332	0.734021269191
10317.000036422	351.045454545	6.12680284927	181.0	0.969322	0.816923833038
10317.000036939	222.8	5.27326410636	137.0	0.945108	0.742919170374
10317.000020388	373.272727273	6.64608431886	232.0	0.98075	0.845775056338
10317.000036147	393.115384615	5.88386877394	195.0	0.941198	0.773447258272
10317.000035412	289.538461538	5.81787039833	168.0	0.960378	0.78701577132
10317.000031272	191.5	3.91836451902	88.0	0.834868	0.606611347616
10317.000037565	307.307692308	5.56357969572	170.0	0.938616	0.750882190409
10317.000018298	238.647058824	5.31052394451	131.0	0.950856	0.755041171752
10317.000001764	305.714285714	5.98765980366	170.0	0.967136	0.808117678668
10317.000014232	341.59375	5.88138845127	190.0	0.963156	0.776948564884
10317.000009677	236.75	5.16855209257	139.0	0.938524	0.726028216804
10317.000036045	218.384615385	6.02439892237	157.0	0.968188	0.825868695543
10317.000018424	215.772727273	4.51621514697	127.0	0.86459	0.646218186882
10317.000015901	184.055555556	5.02662238547	116.0	0.93361	0.732959509371
10317.000014978	320.8125	6.14200501245	190.0	0.969952	0.811376772589
10317.000017133	273.260869565	5.63198866215	159.0	0.95393	0.770146151195
10317.000018401	298.365853659	6.55576467872	205.0	0.981308	0.853672982256
10317.000026136	243.454545455	5.8673446841	166.0	0.964102	0.795567906954
10317.000018408	209.0	5.04690204142	122.0	0.93657	0.728191214818
10317.000013197	267.870967742	6.00260719705	171.0	0.971778	0.809210911783
10317.000001936	196.291666667	4.77351847698	125.0	0.918056	0.685280835855
10317.000009495	146.526315789	4.5739919259	99.0	0.91984	0.689960155717
10317.000033748	221.285714286	4.77960248424	137.0	0.853128	0.673370087424
10317.000006717	238.903225806	5.6875030525	161.0	0.95469	0.775824245052
10317.000001786	431.0	6.34545018564	209.0	0.975138	0.823297588304
10317.000022553	330.8125	6.25756536096	200.0	0.971268	0.818639859987
10317.000009178	353.59375	6.23157505161	202.0	0.969682	0.813711538999
10317.000034127	342.0	5.32997447402	160.0	0.940854	0.727946847462
10317.000005085	230.8	5.60913217509	145.0	0.959622	0.781226071914
10317.000009648	289.517241379	5.8020778583	175.0	0.952188	0.778675811384
10317.000013001	356.384615385	5.72880008089	181.0	0.94964	0.763855706789
10317.000034147	341.25	5.25505949977	163.0	0.93185	0.7150978223
10317.000028856	223.785714286	5.15421291693	140.0	0.93659	0.722963712434
10317.000005163	198.375	4.30578420006	117.0	0.880352	0.626718431379
10317.000009628	341.047619048	5.77564851101	167.0	0.959416	0.782215576658
10317.000001789	308.12	5.80572474748	172.0	0.94745	0.781782624139
10317.000002346	180.666666667	5.03804333976	134.0	0.929854	0.712988925552
10317.000016762	282.5	5.70552210973	167.0	0.948638	0.772718121383
10317.000014291	437.0	6.3666833344	215.0	0.97114	0.821699131396
10317.000011191	234.375	5.69086074208	145.0	0.964436	0.792609024812
10317.000011969	284.545454545	5.58449544847	155.0	0.955974	0.767509616029
10317.000013764	245.441176471	5.8113997885	166.0	0.958498	0.787982198956
10317.000016333	293.05	5.81703564429	158.0	0.964686	0.796441712156
10317.000038478	379.043478261	6.21496563335	189.0	0.971832	0.82184162907
10317.000034126	325.157894737	5.8079562677	163.0	0.956714	0.7903348914
10317.000006036	397.0	6.37948901184	199.0	0.976426	0.835380724971
10317.000013902	274.0	5.92812740134	184.0	0.958022	0.787941594149
10317.000015295	204.555555556	4.65741314096	119.0	0.888092	0.675494741245
10317.000006795	357.130434783	5.84294351158	183.0	0.953746	0.77743172789
10317.000002141	160.416666667	4.909250014	121.0	0.915986	0.709545751323
10317.000006017	187.0	4.77030980167	112.0	0.90285	0.700758202898
10317.000021323	408.5	6.24513546441	181.0	0.976762	0.83270183927
10317.000017174	241.884615385	5.34754526503	149.0	0.921868	0.740742545332
10317.000014451	277.375	5.20385170822	135.0	0.93883	0.735338039666
10317.000013984	256.5	5.92998497153	156.0	0.970464	0.813954369764
10317.000015587	222.076923077	4.77548019582	112.0	0.904706	0.701517733466
10317.000003508	326.64	5.86032910997	177.0	0.954542	0.784766826617
10317.000036114	223.3125	4.98682101753	120.0	0.93391	0.722006661102
10317.000010712	311.045454545	6.11056166977	171.0	0.972562	0.8237642441
10317.000013986	291.05	5.72845973593	156.0	0.95836	0.786292858492
10317.000014259	278.517241379	5.53505991098	164.0	0.945022	0.75229640341
10317.000006899	391.555555556	6.26943745076	197.0	0.976	0.822539337079
10317.000003879	216.55	5.3594490832	131.0	0.949158	0.761997263925
10317.000003287	349.692307692	6.49305717241	215.0	0.978972	0.838009236277
10317.000013952	245.884615385	5.74586560266	153.0	0.963594	0.791726407243
10317.000010169	99.0714285714	3.76649410404	68.0	0.851766	0.618729707641
10317.000001805	258.285714286	5.84121851084	153.0	0.962656	0.804865143969
10317.000012959	259.3	5.58318602387	142.0	0.962516	0.780892796704
10317.000005009	242.615384615	5.62881332605	155.0	0.955892	0.773600479119
10317.000033803	203.875	5.4887506486	135.0	0.952834	0.775596110048
10317.000014237	298.903225806	5.70910930741	181.0	0.947324	0.761230216376
10317.000017185	419.166666667	6.16194315873	196.0	0.972402	0.809215752783
10317.000002811	239.476190476	5.12205860933	131.0	0.939568	0.728245494151
10317.000035361	220.0	5.23889565515	121.0	0.948416	0.757190231327
10317.000044399	297.0	5.35484412065	147.0	0.934742	0.743762196969
10317.000005987	418.4	5.97436240789	169.0	0.971044	0.807250335495
10317.000003922	311.096774194	5.97916237957	179.0	0.969038	0.798945692615
10317.000015542	222.117647059	4.71293992263	118.0	0.910536	0.684757278392
10317.000017114	106.076923077	4.73454889663	77.0	0.940302	0.755498669994
10317.000014222	160.434782609	5.37637186173	123.0	0.954116	0.774412766094
10317.000001882	362.551724138	6.10513121882	202.0	0.96063	0.797200656129
10317.000012004	408.551724138	6.29532996852	213.0	0.967338	0.813906439623
10317.000001702	333.731707317	6.06618532339	213.0	0.959814	0.784280938941
10317.000001732	250.46875	5.98875278844	175.0	0.963626	0.803728776243
10317.000014929	200.791666667	4.76736168843	122.0	0.920066	0.687857792935
10317.000001151	263.107142857	5.85316169536	164.0	0.967566	0.79553113477
10317.000002262	332.642857143	6.21328785373	210.0	0.96726	0.805430400095
10317.000016752	183.0	4.4897390728	113.0	0.898032	0.658302237748
10317.000027295	328.64	5.72527650723	172.0	0.959958	0.77094968956
10317.000029188	341.0	5.52883109484	167.0	0.947874	0.748788260721
10317.000014392	305.0	5.40342953847	151.0	0.949234	0.74649452926
10317.000002512	264.473684211	5.33323434707	141.0	0.941162	0.746998527474
10317.000012242	285.913043478	5.75100050448	162.0	0.958826	0.783531067014
10317.000031519	192.038461538	5.43145541509	137.0	0.9523	0.765205813612
10317.000016177	360.037037037	5.55603101254	184.0	0.93179	0.738484117628
10317.000015329	308.222222222	6.03452082309	176.0	0.96723	0.808978636927
10317.000014318	270.884615385	5.99581741204	167.0	0.971822	0.812033794224
10317.000013609	223.260869565	4.61244190052	130.0	0.893172	0.656821462977
10317.000014317	273.724137931	5.37901266209	162.0	0.93512	0.732850488768
10317.000029154	309.588235294	5.60677789047	155.0	0.947734	0.770572021336
10317.000009529	145.333333333	4.84467742744	102.0	0.928854	0.726074430083
10317.000011955	261.130434783	5.35498858472	150.0	0.942768	0.740783358111
10317.000003266	193.384615385	5.22752309745	132.0	0.935746	0.742082712704
10317.000016405	266.5	5.95207665799	157.0	0.971222	0.815954230231
10317.000010984	256.0	5.8388942711	154.0	0.968638	0.803504305294
10317.000010843	274.25	5.89647692295	167.0	0.96414	0.798579776408
10317.000008955	222.047619048	5.55852038482	132.0	0.964406	0.789070045008
10317.000027648	199.454545455	4.35667559294	119.0	0.861858	0.631876830179
10317.000015263	127.0	3.70958847549	79.0	0.803414	0.588470415404
10317.000014357	189.107142857	5.26177518168	138.0	0.926256	0.740206383711
10317.000017093	305.157894737	4.93197609508	143.0	0.9077	0.688835855157
10317.000010797	207.333333333	5.05592089409	135.0	0.933976	0.714434454983
10317.000014954	244.130434783	5.47733228821	148.0	0.949252	0.759743077655
10317.000014379	296.956521739	5.66233589483	163.0	0.949648	0.770519166854
10317.000005915	150.0	4.39565441945	98.0	0.866656	0.664527170963
10317.000001363	262.130434783	4.87679296038	151.0	0.85737	0.673738639384
10317.000013604	79.875	2.36831315882	51.0	0.525432	0.417513323851
10317.000014095	225.965517241	5.29967283148	152.0	0.930848	0.731198376591
10317.000012275	205.8	5.54002212905	135.0	0.960288	0.782841103187
10317.000006619	208.291666667	5.38552817844	137.0	0.950296	0.758735395317
10317.000011145	235.769230769	4.16200155193	113.0	0.813106	0.610248143761
10317.000011389	284.222222222	5.99997550953	173.0	0.966146	0.80703100758
10317.000023487	265.666666667	4.80792101752	127.0	0.899374	0.687957925276
10317.000002205	186.071428571	3.71779205315	95.0	0.800434	0.565886417418
10317.000011155	256.5	5.28467177032	147.0	0.927588	0.734015593656
10317.000006929	218.666666667	5.12439521615	132.0	0.931436	0.727443003518
10317.000013648	185.666666667	4.81531973369	112.0	0.899078	0.707370159015
10317.000012155	457.666666667	6.76093246436	234.0	0.983826	0.859036741657
10317.000013119	398.935483871	5.99951598037	202.0	0.963038	0.783409545934
10317.000006654	291.714285714	6.14723824275	176.0	0.97207	0.824089361901
10317.000002071	235.689655172	5.16293454559	150.0	0.925476	0.714215526304
10317.000011049	401.4375	6.13354287261	173.0	0.973634	0.824996581511
10317.000004159	179.0	4.97777749746	130.0	0.905378	0.708846023164
10317.000002568	144.3125	4.72847208717	98.0	0.903552	0.714841950532
10317.000008957A	339.181818182	6.28868075501	201.0	0.97193	0.82193677534
10317.000002749	343.2	6.01277512368	183.0	0.96398	0.800028640454
10317.000001127	203.571428571	5.63162008615	153.0	0.953932	0.775984446224
10317.000017661	321.75	6.04631552307	173.0	0.972576	0.813264004324
10317.000002201	130.5	3.54234519583	71.0	0.816922	0.576014773777
10317.000011298	243.9	4.82493465738	130.0	0.91392	0.687080880103
10317.000001939	208.8125	4.54145381202	116.0	0.855914	0.662214406142
10317.000001726	248.130434783	5.24266493433	152.0	0.914896	0.723332969956
10317.000012381	233.0	6.15847403989	166.0	0.973418	0.835042862783
10317.000009447	231.043478261	4.99747641155	132.0	0.9232	0.7094260098
10317.000029245	355.0	5.84052306742	173.0	0.96579	0.785583742534
10317.000014958	232.375	5.58185454597	143.0	0.955946	0.779602632983
10317.000015364	294.5	5.7634522204	167.0	0.95953	0.780563791846
10317.000016484	295.714285714	5.24968505479	133.0	0.945438	0.744078653517
10317.000010908	276.25	5.69212970235	175.0	0.944334	0.763920068418
10317.000003125	209.0	4.95595243118	132.0	0.891524	0.703531396343
10317.000001524	336.416666667	5.06213915194	162.0	0.919782	0.68967882858
10317.000014949	233.8	5.06371548278	133.0	0.933722	0.71771974107
10317.000015933	340.652173913	5.97559552388	178.0	0.96714	0.799332343651
10317.000014012	288.4	5.58443537683	157.0	0.952752	0.765555272724
10317.000004774	240.047619048	5.26487051497	141.0	0.931934	0.737423159397
10317.000008954B	321.291666667	5.64242790037	169.0	0.944434	0.762399651143
10317.000017636	225.333333333	5.20884424465	127.0	0.943602	0.745325405009
10317.000016703	313.0	6.0305988	181.0	0.96942	0.804096362884
10317.000003365	226.0	4.94492812574	116.0	0.924952	0.721047219183
10317.000017216	313.333333333	6.64940624615	207.0	0.982498	0.864290312428
10317.000004163	243.714285714	5.12560758081	132.0	0.941114	0.727615106986
10317.000018338	281.935483871	6.27030075012	180.0	0.977336	0.836949239326
10317.000003411	112.0	4.41225500658	79.0	0.9247	0.699937891694
10317.000013697	295.076923077	5.39757258673	161.0	0.929696	0.736275240392
10317.000017161	174.5	4.51130303976	101.0	0.899384	0.67755478351
10317.000001072	251.368421053	4.88152358145	135.0	0.910976	0.689790982187
10317.000002773	189.8	4.02601117806	110.0	0.795584	0.593687895663
10317.000010748	255.894736842	5.56426200508	136.0	0.963532	0.785085175007
10317.000011956	245.636363636	5.15061102486	139.0	0.934172	0.723508029108
10317.000007641	242.12	5.76127999401	151.0	0.96469	0.795932280867
10317.000005007	188.913043478	5.00275843445	129.0	0.903686	0.713535341559
10317.000012948	203.0	4.21895547506	119.0	0.82716	0.611902391026
10317.000017079	179.0	4.46021214124	95.0	0.92045	0.678890436433
10317.000009193	212.25	4.88775485438	136.0	0.897788	0.689633930203
10317.000012984	299.625	5.92651557779	180.0	0.96584	0.791061370476
10317.000015581	219.647058824	4.86546359737	119.0	0.926546	0.70566964413
10317.000014802	213.555555556	5.53127669179	148.0	0.953888	0.76722553171
10317.000020067	286.714285714	5.2534408665	151.0	0.92684	0.725773296146
10317.000017353	314.794117647	6.35551414272	197.0	0.976432	0.83383245001
10317.000001059	221.076923077	4.8215981767	111.0	0.928666	0.709641310092
10317.000017088	304.052631579	5.42263447455	146.0	0.950946	0.754209568
10317.000013213	178.0	5.43235351327	131.0	0.947012	0.772362690553
10317.000004602	224.055555556	5.29687017889	129.0	0.946848	0.755484023826
10317.000014399	218.375	5.28430993378	137.0	0.946874	0.744475352044
10317.000005008	273.434782609	5.52554351476	156.0	0.940388	0.758440419454
10317.000010104	260.71875	6.122870122	174.0	0.970884	0.822640951852
10317.000010565	283.05	5.46627979644	148.0	0.93691	0.758210022206
10317.000027213	175.5625	4.02582940153	99.0	0.85307	0.607273017918
10317.000007746	232.181818182	5.66525028014	159.0	0.95468	0.77469451033
10317.000027194	226.5	4.76075395541	129.0	0.916436	0.679018634252
10317.000015224	369.625	6.42925629145	199.0	0.975272	0.841897646004
10317.000013933	238.375	5.57484656669	149.0	0.954756	0.772228346088
10317.000018033	209.476190476	5.07890242176	128.0	0.925844	0.725557488823
10317.000006084	176.588235294	5.28166466453	113.0	0.952668	0.774417312748
10317.000023423	265.541666667	5.62374815153	153.0	0.951314	0.77489976744
10317.000002059	246.137931034	5.87685303163	158.0	0.966896	0.804631633158
10317.000005851	298.076923077	5.53446031416	164.0	0.952298	0.752214909345
10317.000003047	214.142857143	4.94811834289	127.0	0.925014	0.708018542067
10317.000008982	199.222222222	5.44649560832	138.0	0.952026	0.766192145985
10317.000010765	306.882352941	5.15976527732	148.0	0.902406	0.715694382867
10317.000012072	234.142857143	4.97420097411	132.0	0.91353	0.706121902016
10317.000002005	246.0	5.85347842245	173.0	0.963168	0.787326311852
10317.000017183	361.368421053	5.6326626334	169.0	0.942528	0.761080177281
10317.000008976	205.037037037	5.04568781349	135.0	0.915678	0.71298845424
10317.000012228	285.714285714	6.03014366688	164.0	0.971532	0.819585599
10317.000011224	291.714285714	5.20383212246	156.0	0.899666	0.714282062421
10317.000023828	289.565217391	5.51700531298	159.0	0.948998	0.754422755939
10317.000003149	287.615384615	5.45612671366	163.0	0.941318	0.742458640346
10317.000013029	248.0	5.0854348875	126.0	0.93504	0.728856365699
10317.000026111	193.8	4.36279549449	114.0	0.88191	0.638499300507
10317.000003536	221.441176471	5.96199985351	164.0	0.967492	0.810323848172
10317.000011012	309.045454545	5.9821657556	169.0	0.968122	0.808304716635
10317.000010259	207.4	5.07017985636	119.0	0.938884	0.735360966803
10317.000006637	317.0	6.20222984189	197.0	0.972568	0.813721815176
10317.000012113	191.714285714	4.25139963206	113.0	0.863474	0.623356022692
10317.000013079	249.714285714	5.33717009717	138.0	0.947476	0.750812651715
10317.000001488	135.5	3.05639185334	80.0	0.666758	0.483458813112
10317.000004162	248.5	5.67019384872	140.0	0.963128	0.79533858247
10317.000012906	347.055555556	5.14648957216	144.0	0.942648	0.717788480511
10317.000012976	255.689655172	5.76104925771	160.0	0.961902	0.786821337638
10317.000009533	202.0	3.79118890353	79.0	0.816042	0.601415095953
10317.000014309	222.666666667	5.44798012942	148.0	0.939514	0.755671734475
10317.000013778	416.0	6.12351777434	191.0	0.970646	0.808126069318
10317.000010732	253.5	5.33182946955	147.0	0.948488	0.740565572178
10317.000002371	311.576923077	5.6905401048	171.0	0.951204	0.767141176423
10317.000006021	210.0	4.95419767289	126.0	0.911154	0.710047142612
10317.000002329	408.565217391	5.70064132872	189.0	0.929126	0.753829487198
10317.000010761	305.5	5.91418309283	178.0	0.953586	0.79111743984
10317.000009129	262.894736842	5.76806033669	150.0	0.958216	0.797925717001
10317.000014323	287.24	5.42272745858	164.0	0.938622	0.737028763803
10317.000006894	373.333333333	5.6895936659	174.0	0.949546	0.76442789994
10317.000014241	143.44	4.62922782947	109.0	0.90791	0.683968935734
10317.000001685	253.0	4.94615474769	138.0	0.922118	0.695806109659
10317.000011302	243.0	5.10752564075	139.0	0.919758	0.717455810995
10317.000012231	156.333333333	5.13596664027	118.0	0.942338	0.746220108094
10317.000015577	374.041666667	6.27246447119	188.0	0.975484	0.830285352961
10317.000001579	241.55	5.58959977768	147.0	0.955422	0.776368633176
10317.000002202	239.551724138	5.97950399662	161.0	0.970782	0.815655680734
10317.000017662	321.576923077	6.04676753023	181.0	0.96637	0.806252237882
10317.000003432	294.333333333	4.71324204452	117.0	0.878228	0.686025012775
10317.000011116	323.777777778	6.19984374793	182.0	0.975296	0.82578760409
10317.000006737	328.333333333	6.08579989221	199.0	0.958654	0.796922749854
10317.000006841	322.791666667	6.0004897222	181.0	0.964612	0.800081736685
10317.000013563	312.956521739	5.05321057733	165.0	0.864814	0.685988262577
10317.000013295	281.884615385	6.05094545561	178.0	0.951232	0.80941161312
10317.000016699	267.823529412	6.34296308896	184.0	0.977358	0.84307979731
10317.000017217	294.075	6.67063269461	209.0	0.982618	0.865488759548
10317.000016702	315.15625	6.13934338287	190.0	0.97149	0.81102516356
10317.000006728	228.272727273	4.31985158995	103.0	0.863284	0.64605567178
10317.000002498	217.578947368	6.05298950996	171.0	0.960258	0.81600294665
10317.000013286	292.607142857	5.26129146537	159.0	0.935878	0.719455172132
10317.000022964	215.64	5.33875228327	135.0	0.949058	0.754400366952
10317.000002466	317.647058824	5.2771715288	150.0	0.921712	0.730018520971
10317.000017644	234.294117647	5.49205795286	157.0	0.949402	0.752891499355
10317.000017173	202.84	5.43477826488	139.0	0.948186	0.763425095019
10317.000013332	420.526315789	6.80763855271	245.0	0.979546	0.857748407453
10317.000002173	141.0	4.7394785456	102.0	0.91713	0.710308216682
10317.000011329	246.620689655	5.60261043461	156.0	0.955322	0.769018685078
10317.000007039	313.307692308	5.85314510807	176.0	0.959488	0.78466368583
10317.000002886	257.689655172	5.69338098046	162.0	0.959136	0.775680835197
10317.000006887	282.121212121	5.8886733594	179.0	0.954628	0.786854398165
10317.000009126	220.888888889	5.12628537496	139.0	0.92275	0.720090997044
10317.000022636	203.157894737	4.96307570791	125.0	0.918438	0.712493454446
10317.000014233	290.111111111	6.21525752854	176.0	0.97499	0.833207923377
10317.000023088	267.870967742	5.80572904152	171.0	0.962186	0.78266978615
10317.000004974	368.0	6.07265645945	182.0	0.96915	0.808846905179
10317.000002414	88.0769230769	3.63633233076	65.0	0.844046	0.603804424381
10317.000006027	236.65	5.48126695456	139.0	0.954224	0.769955376589
10317.000017098	353.473684211	6.0433999677	170.0	0.972518	0.815640586357
10317.000003841	165.681818182	4.56505514052	110.0	0.911228	0.673176963525
10317.000014559	173.681818182	5.01827472624	118.0	0.936142	0.729120294377
10317.000003761	239.55	5.87301893769	145.0	0.969658	0.817979568273
10317.000014799	302.5	5.84643483602	160.0	0.966858	0.798482962445
10317.000002208	245.833333333	5.72146582504	163.0	0.960338	0.778565447647
10317.000016313	188.882352941	5.49739869523	128.0	0.950674	0.785342670747
10317.000022899	274.676470588	5.78684744024	177.0	0.956834	0.774926768886
10317.000004793	266.620689655	6.06857908558	176.0	0.963492	0.813544435532
10317.000003837	227.055555556	5.22410630595	132.0	0.938706	0.741597675745
10317.000010285	159.230769231	4.63333690094	93.0	0.932024	0.708552435379
10317.000005848	214.2	4.50829421811	131.0	0.860438	0.640981527362
10317.000005907	198.193548387	5.46350084062	143.0	0.941438	0.763072488825
10317.000013421	286.527777778	5.82758403713	185.0	0.951368	0.773773585587
10317.000020072	170.05	5.0483591175	116.0	0.933412	0.736129062049
10317.000001477	182.666666667	5.03603968611	120.0	0.92164	0.729132685165
10317.000014132	389.115384615	5.70554167617	191.0	0.939154	0.752965393098
10317.000003382	373.12	5.80460843366	183.0	0.953594	0.772331061453
10317.000003221	198.5	4.33975447755	95.0	0.863532	0.660555533679
10317.000014607	250.111111111	3.77111888201	97.0	0.792218	0.571389194401
10317.000017125	418.525	6.52815559151	234.0	0.975384	0.829460364812
10317.000013826	263.0	4.86380277759	152.0	0.884778	0.671061178326
10317.000004872	171.526315789	5.33173464668	124.0	0.944248	0.766693145939
10317.000001118	292.34375	5.98819728394	186.0	0.961908	0.794279233794
10317.000014293	271.583333333	5.50486245332	129.0	0.959586	0.785149625418
10317.000016721	252.444444444	6.43464020736	173.0	0.981292	0.865495894393
10317.000016763	243.2	6.027300742	160.0	0.968908	0.82318491303
10317.000012173	147.0	5.11594923435	106.0	0.947428	0.760405725499
10317.000004641	203.214285714	5.3357869006	140.0	0.939308	0.748432470407
10317.000013509	260.0	5.62357019684	145.0	0.9611	0.783236963914
10317.000012951	234.677419355	5.4691667157	159.0	0.93963	0.747881068129
10317.000023799	240.294117647	5.73898243946	163.0	0.957348	0.780949072957
10317.000004705	292.0	5.07334084942	169.0	0.868806	0.685505133964
10317.000014605	347.434782609	5.86766584561	181.0	0.956696	0.782371522556
10317.000015455	259.04	5.60700740547	151.0	0.961902	0.774619216166
10317.000007651	150.875	3.95513769172	89.0	0.860848	0.610762894101
10317.000001827	235.615384615	5.14579512833	148.0	0.900666	0.713756628604
10317.000012872	257.071428571	5.00642229984	122.0	0.93763	0.722350603695
10317.000014666	296.0	6.19867540857	191.0	0.96797	0.818044688937
10317.000017146	234.047619048	4.81977326483	135.0	0.897782	0.681065261448
10317.000006636	272.24	5.90919912235	170.0	0.95333	0.797528322272
10317.000017276	159.0	3.19029384797	77.0	0.718374	0.509079705724
10317.000004161	270.894736842	5.74072408859	151.0	0.961384	0.793092441681
10317.000023299	273.05	5.03534829459	138.0	0.932406	0.70835351629
10317.000013733	243.285714286	5.3697743624	152.0	0.940824	0.740870318094
10317.000010304	328.777777778	6.23841658702	187.0	0.972664	0.826620356251
10317.000012034	120.25	4.6759712272	84.0	0.92862	0.731498597135
10317.000015874	299.869565217	5.47370485062	159.0	0.94964	0.748501635277
10317.000023823	172.352941176	4.11313058223	106.0	0.860452	0.611352439437
10317.000014391	354.37037037	6.15973070796	189.0	0.97038	0.814537588511
10317.000018411	159.75	4.40969854259	108.0	0.852426	0.652815985637
10317.000002963	216.5	4.39498769318	94.0	0.902274	0.670520728703
10317.000014646	339.857142857	5.4366193614	177.0	0.934058	0.72802711993
10317.000001793	250.6	5.57207627095	167.0	0.943536	0.754645100919
10317.000013214	185.5625	4.51861242178	109.0	0.890022	0.667625496729
10317.000023154	275.136363636	5.31506084157	149.0	0.941808	0.7362427995
10317.000009222	223.64	5.60241183088	143.0	0.960536	0.782473813754
10317.000010738	231.24137931	5.77862780854	155.0	0.963836	0.794190352813
10317.000027198	183.0	4.46534696792	108.0	0.896902	0.661054231693
10317.000007734	218.0	5.53504128514	146.0	0.954582	0.769843720082
10317.000006818	113.0	3.6715306588	80.0	0.796046	0.580761217732
10317.000026639	337.5	5.77142437481	180.0	0.947296	0.770360056531
10317.000005041	208.25	4.60481865555	102.0	0.921472	0.690126666024
10317.000013312	351.136363636	5.35400250777	165.0	0.935624	0.726821655644
10317.000001285	328.8	5.87972049523	193.0	0.95118	0.774416037703
10317.000018306	202.555555556	4.88015370861	117.0	0.912428	0.710319452866
10317.000017215	464.115384615	6.52604398947	212.0	0.981352	0.844476082258
10317.000016698	384.0	6.26036291744	194.0	0.972682	0.823741409598
10317.000009098	209.103448276	5.09922734238	146.0	0.89854	0.709228340779
10317.000012013	235.117647059	5.05226287926	131.0	0.925332	0.718322057148
10317.000014909	132.272727273	4.25374639254	95.0	0.879016	0.647464213239
10317.000014979	335.538461538	5.86162443612	171.0	0.9662	0.79020503904
10317.000014538	201.55	4.15414111414	116.0	0.829144	0.605738207366
10317.000004278	141.157894737	4.24966276491	98.0	0.854242	0.64245641382
10317.000009556	288.0	5.60465708344	144.0	0.957534	0.78168977811
10317.000022663	385.55	5.70391687186	167.0	0.952858	0.772500718599
10317.000001141	320.15	5.19068299161	150.0	0.933624	0.71805411283
10317.000002359	237.75	5.37491087082	140.0	0.95096	0.753920255101
10317.000004823	159.25	4.79739726593	108.0	0.918638	0.71021127508
10317.000014236	181.0	5.34303273335	132.0	0.940606	0.758480096772
10317.000001799	208.4	4.91245587571	120.0	0.902486	0.711239856446
10317.000023213	338.214285714	5.43961929216	140.0	0.950642	0.762996682729
10317.000013652	269.555555556	5.70530692841	164.0	0.957002	0.775435487895
10317.000010205	257.352941176	5.29227663011	135.0	0.939716	0.747833055353
10317.000005989	339.75	5.71017605649	157.0	0.963748	0.782792725359
10317.000011072	99.1764705882	3.74367895814	70.0	0.879584	0.610785788123
10317.000017111	226.0	4.39567106943	112.0	0.881722	0.64572379724
10317.000011369	332.64	5.97865639488	183.0	0.960578	0.79548897954
10317.000013178	132.5	3.55202699342	90.0	0.70775	0.547151474427
10317.000013905	134.214285714	3.95423921317	84.0	0.836216	0.618592437084
10317.000012914	361.636363636	5.60450543498	193.0	0.940152	0.738167553333
10317.000003423	169.25	4.24684546093	108.0	0.829892	0.628707059824
10317.000013306	208.714285714	5.22372660556	130.0	0.932812	0.743869695328
10317.000002489	208.052631579	5.48697847333	127.0	0.962258	0.78512319832
10317.000004759	203.214285714	3.87707515751	101.0	0.851182	0.582299791401
10317.000004734	304.535714286	5.94133977025	174.0	0.963038	0.798251360308
10317.000002687	162.75	4.54356064812	111.0	0.869056	0.668719833684
10317.000004158	283.625	5.11694704824	137.0	0.929756	0.720896579282
10317.000004157	236.65	5.15480931555	139.0	0.923102	0.724097764386
10317.000001321	240.0	5.64327092112	144.0	0.95768	0.787075306922
10317.000003022	251.6	5.69551147345	155.0	0.961594	0.782767192562
10317.000003757	320.117647059	5.54060084746	148.0	0.95651	0.76851885524
10317.000013103	178.875	3.5826737976	96.0	0.765594	0.544068974912
10317.000002087	235.0	5.31697519174	139.0	0.928206	0.746877258489
10317.000023258	257.75	5.31198665947	137.0	0.952628	0.748374563172
10317.000009214	205.75	4.67568247353	132.0	0.879832	0.663745155979
10317.000013829	346.625	5.39956134583	176.0	0.926256	0.72385694003
10317.000016757	240.545454545	5.46231620086	146.0	0.944732	0.759728718848
10317.000003092	240.896551724	5.93620627723	160.0	0.969172	0.810743591074
10317.000014593	245.785714286	5.77881675403	162.0	0.95652	0.787320824234
10317.000006047	275.0	5.1135021814	137.0	0.930268	0.72041125225
10317.000001065	204.125	5.09714073176	118.0	0.942876	0.740578974561
10317.000010098	277.545454545	5.21906271217	148.0	0.917384	0.723919338607
10317.000009117	239.615384615	5.68266199175	152.0	0.958992	0.784039572859
10317.000006702	122.769230769	3.83672099258	77.0	0.839382	0.612231000316
10317.000026135	290.363636364	6.01999394768	177.0	0.969986	0.806147821723
10317.000009624	304.375	5.76639469281	166.0	0.960276	0.781879845727
10317.000020358	201.157894737	5.12087691331	123.0	0.930056	0.737611265972
10317.000009075	272.12	5.55288835279	152.0	0.957896	0.766134642281
10317.000001765	246.8	6.05635819564	161.0	0.973094	0.826139253293
10317.000012996	272.166666667	5.37262967889	138.0	0.943804	0.755800969886
10317.000016353	288.625	5.43546029032	169.0	0.938304	0.73443437866
10317.000008949A	245.12	5.77064927031	154.0	0.961828	0.794112946348
10317.000005571	155.75	3.34034777583	77.0	0.72499	0.53302402342
10317.000004792	184.894736842	5.21665722266	123.0	0.936902	0.751407464637
10317.000011039	262.139534884	5.82827341859	183.0	0.950688	0.775479801481
10317.000006626	281.217391304	5.52783110196	154.0	0.953038	0.760698153304
10317.000017126	233.5	5.18246939508	136.0	0.934794	0.731216446726
10317.000014608	278.6	4.99520989839	149.0	0.906736	0.691937012446
10317.000013258	214.5	5.21627423813	132.0	0.92999	0.740485860067
10317.000015264	284.058823529	5.25983214012	142.0	0.93356	0.735666877751
10317.000007732	195.555555556	5.10591576051	119.0	0.939808	0.74054397604
10317.000027644	302.0	5.41804759988	152.0	0.925726	0.747530599587
10317.000007697	329.230769231	6.09402837311	182.0	0.968734	0.811693535207
10317.000004881	207.8125	4.96781364205	115.0	0.927966	0.72570606415
10317.000006651	314.125	4.0307034446	136.0	0.750178	0.568708935042
10317.000023808	368.041666667	5.98613021713	182.0	0.969064	0.797322050484
10317.000004642	130.909090909	2.86819060605	67.0	0.73848	0.47282367865
10317.000002345	220.65	5.21135636967	138.0	0.916232	0.733113658307
10317.000001353	254.625	5.55455969025	154.0	0.954292	0.764376338721
10317.000011077	229.65	5.24253310774	132.0	0.938124	0.744213486485
10317.000028759	218.3125	4.96336260078	115.0	0.935156	0.72505584901
10317.000004631	249.384615385	6.11035342155	182.0	0.967246	0.813867948497
10317.000009433	233.75	4.91134293954	110.0	0.929212	0.724241619235
10317.000009061	264.516129032	5.97489342762	175.0	0.96115	0.801868761728
10317.000013995	371.272727273	6.13915002297	181.0	0.971298	0.818570156694
10317.000015155	218.052631579	5.34936083259	128.0	0.951288	0.764194404656
10317.000022965	271.073170732	5.88053854967	184.0	0.961488	0.78161628548
10317.000016701	301.433333333	6.19390102369	188.0	0.971782	0.819885919049
10317.000010714	250.0	5.7074754773	148.0	0.963556	0.791665496376
10317.000002529	220.322580645	5.41050329763	149.0	0.93939	0.74946349878
10317.000021223	283.166666667	5.67052459923	149.0	0.959488	0.785481677447
10317.000012401	343.9	6.34400164472	210.0	0.973238	0.822374868701
10317.000022638	161.5	4.37370459466	100.0	0.876442	0.658308137583
10317.000013972	225.285714286	5.59997873659	141.0	0.956836	0.784360033311
10317.000017163	268.652173913	5.2327411125	148.0	0.937596	0.725816625356
10317.000001126	196.875	5.37835561876	135.0	0.943496	0.759996575438
10317.000009472	269.617647059	5.85045165475	179.0	0.94898	0.781747149966
10317.000001026	249.441860465	6.25755866223	190.0	0.970262	0.826641746686
10317.000010919	266.714285714	4.91877255252	145.0	0.889718	0.685074489224
10317.000014311	375.428571429	5.19858490979	144.0	0.935158	0.725054293977
10317.000005039	222.0	4.87113844127	116.0	0.921726	0.71028753867
10317.000001025	251.352941176	4.79205903357	129.0	0.876228	0.683483626901
10317.000004249	333.153846154	5.29784664494	142.0	0.942542	0.740983779759
10317.000017176	187.833333333	4.92912211115	117.0	0.917878	0.71744693511
10317.000002258	210.64	4.92247379333	130.0	0.910782	0.700970658956
10317.000013118	231.0	5.91983477782	162.0	0.968756	0.806533481678
10317.000013431	390.137931034	6.43686240039	209.0	0.976726	0.835157969167
10317.000021159	321.272727273	5.57757356022	159.0	0.954904	0.762705159419
10317.000014197	391.04	6.26819341501	197.0	0.972378	0.822376121744
10317.000015541	173.913043478	4.66148195684	114.0	0.9047	0.682212350437
10317.000022661	463.0	5.84912349079	190.0	0.958728	0.772686269518
10317.000014258	288.636363636	6.09447803444	183.0	0.972008	0.810899605569
10317.000014324	257.541666667	5.27850897614	145.0	0.943558	0.735177689573
10317.000002369	254.0625	3.94972334467	120.0	0.784776	0.57185259995
10317.000010757	235.315789474	5.67614464338	139.0	0.964136	0.797329909799
10317.000010305	301.433333333	6.36131859511	188.0	0.978016	0.842046962449
10317.000002372	237.5	4.98602264349	140.0	0.890262	0.69937224145
10317.000013056	272.454545455	5.59002320508	153.0	0.952188	0.770252786023
10317.000013852	327.526315789	5.69383006344	157.0	0.962002	0.780551897
10317.000012017	266.533333333	5.69159828837	169.0	0.951136	0.769043508596
10317.000021237	169.666666667	2.23329270502	74.0	0.467472	0.359660113945
10317.000016489	180.217391304	4.23465817091	118.0	0.820224	0.615266277873
10317.000012355	303.791666667	5.76694356678	162.0	0.961744	0.785703190735
10317.000018409	266.541666667	5.47028738975	154.0	0.93672	0.752779424456
10317.000004077	153.5	4.55251322976	76.0	0.926548	0.728643733457
10317.000004294	260.6	5.80010395321	164.0	0.958286	0.788319803866
10317.000022993	404.315789474	6.13506301759	184.0	0.971142	0.815446600084
10317.000010847	258.84375	5.67026138507	165.0	0.959338	0.769754732436
10317.000008963	136.555555556	3.87546971697	91.0	0.809082	0.595511986968
10317.000013372	208.25	4.56293597268	112.0	0.908838	0.670295000764
10317.000016407	379.6875	5.87994299648	167.0	0.961894	0.796340530927
10317.000006657	233.615384615	5.52288478597	146.0	0.956562	0.768152927896
10317.000017327	261.263157895	5.68842113292	176.0	0.944716	0.762581041524
10317.000010764	192.0	5.02056439634	135.0	0.902446	0.709438352249
10317.000005805	274.965517241	5.64709359267	166.0	0.947272	0.765703511858
10317.000018032	230.636363636	5.63364010051	139.0	0.962424	0.791359282645
10317.000012988	174.625	3.97040985982	82.0	0.845734	0.62451866016
10317.000013732	193.956521739	4.33994366841	117.0	0.890858	0.631690433557
10317.000011093	579.6875	6.4297998364	205.0	0.976886	0.837270199686
10317.000003078	326.034482759	6.62305245381	200.0	0.983434	0.866454350969
10317.000004979	224.0	5.41854263682	157.0	0.927446	0.742813481789
10317.000014188	234.2	5.58145992628	151.0	0.942704	0.771089781144
10317.000012921	214.5	5.49912218372	143.0	0.959518	0.768047626146
10317.000011223	409.117647059	6.49303070857	223.0	0.974768	0.832343805442
10317.000013608	168.0	4.94745755126	121.0	0.92004	0.715067978886
10317.000009594	241.636363636	4.67721794831	135.0	0.888876	0.660921269485
10317.000022994	341.794117647	6.43968336131	202.0	0.979392	0.840886070569
10317.000002494	225.0	4.37154355753	111.0	0.83771	0.643402412145
10317.000005887	270.545454545	4.98680660084	141.0	0.921726	0.698476186345
10317.000009427	168.25	4.28238809225	93.0	0.874254	0.654883635029
10317.000004078	237.451612903	5.2043307873	155.0	0.924676	0.715261380568
10317.000014803	199.55	5.23045932021	128.0	0.934446	0.747208474316
10317.000002244	212.216216216	5.53588504047	156.0	0.942592	0.759859905351
10317.000002506	167.473684211	3.9439382228	103.0	0.841826	0.5898359249
10317.000028817	239.903225806	5.67532730999	162.0	0.951828	0.773221156803
10317.000027879	318.75	5.62162498788	170.0	0.943666	0.758716207085
10317.000002325	265.058823529	4.293987605	123.0	0.856832	0.618506104913
10317.000026127	298.956521739	5.38174717798	151.0	0.947132	0.743499068067
10317.000031851	287.161290323	5.48471024835	172.0	0.938104	0.738555711319
10317.000036428	236.44	5.42017039178	148.0	0.944406	0.751814335553
10317.000042001	172.043478261	5.27470104383	123.0	0.948084	0.759768098399
10317.000026648	161.75	4.48203949834	110.0	0.860218	0.660935223567
10317.000027761	312.90625	6.2808989248	196.0	0.973004	0.824837591108
10317.000030744	263.772727273	5.2406254122	141.0	0.931764	0.734027273358
10317.000039842	236.44	5.72112749991	148.0	0.96545	0.793559124355
10317.000041636	169.0	4.94288874875	120.0	0.91891	0.715646017601
10317.000021239	185.9	5.02797221889	117.0	0.940552	0.731834833245
10317.000036165	319.857142857	6.01690584319	180.0	0.969304	0.803126511669
10317.000027762	133.0	4.47359797487	89.0	0.884072	0.690824911581
10317.000023342	246.043478261	5.27382638385	138.0	0.939782	0.741901700685
10317.000041617	263.6	6.09286495367	180.0	0.964782	0.81326540648
10317.000029227	265.25	5.51195167648	141.0	0.956364	0.772030538673
10317.000030751	191.555555556	4.37118163008	115.0	0.86888	0.638549117382
10317.000042989	212.730769231	5.24052380795	140.0	0.933518	0.73507024416
10317.000011074	269.260869565	5.81972073592	155.0	0.967044	0.799837992284
10317.000026658	285.184210526	6.23470784056	189.0	0.974728	0.824452257784
10317.000036106	138.4375	3.73043126837	82.0	0.843432	0.586771648215
10317.000014136	260.772727273	5.83747278233	151.0	0.968976	0.806458465996
10317.000031222	211.058823529	5.26858347956	130.0	0.930882	0.750257408873
10317.000005898	285.551724138	6.37470743318	182.0	0.97923	0.849078556178
10317.000030756	230.285714286	4.33012861636	125.0	0.863084	0.62162829617
10317.000038402	310.0	5.58987144	152.0	0.95824	0.771237216381
10317.000033785	358.551724138	6.19917392194	198.0	0.970988	0.812542161894
10317.000028955	353.677419355	6.20331349276	194.0	0.971328	0.816234820263
10317.000035491	279.527777778	5.88894197636	185.0	0.95586	0.781920555642
10317.000031319	219.0	5.54674319715	135.0	0.955504	0.783790833757
10317.000036399	154.0	4.03055314013	89.0	0.87382	0.62240874846
10317.000002326	180.714285714	5.05696592923	120.0	0.926408	0.732162448388
10317.000036934	200.875	4.42633050524	88.0	0.897952	0.685250772292
10317.000036101	214.333333333	5.43487746643	142.0	0.951198	0.760149607474
10317.000039907	302.34375	6.59301938956	196.0	0.98281	0.86582673858
10317.000040048	307.588235294	5.5599850404	153.0	0.94864	0.766113808565
10317.000043083	296.37037037	4.71504784959	161.0	0.872716	0.643173006594
10317.000036085	180.666666667	4.72332415353	134.0	0.895196	0.668449551968
10317.000042009	300.045454545	5.57832405449	160.0	0.946628	0.761865451585
10317.000040002	171.105263158	5.14486057094	119.0	0.942164	0.746192393702
10317.000036124	152.5	3.31341828412	91.0	0.679184	0.509146103606
10317.000040003	309.15	5.70742083605	159.0	0.957092	0.78046112196
10317.000037487	251.617647059	5.58178785971	170.0	0.928934	0.753339634501
10317.000033728	229.545454545	4.73397210343	135.0	0.891852	0.668941000159
10317.000036081	232.65	5.31637667856	135.0	0.94293	0.751238548702
10317.000037612	202.588235294	4.45664309379	112.0	0.880604	0.654680583695
10317.000043003	185.517241379	5.40896309113	138.0	0.936294	0.760912215188
10317.000028718	180.153846154	4.88753339865	104.0	0.93286	0.729434724323
10317.000030771	126.230769231	3.52555388082	75.0	0.801888	0.566006823444
10317.000034241	246.5	5.6806297988	149.0	0.959594	0.786881450779
10317.000009144	143.111111111	4.25722903125	77.0	0.893206	0.679332063348
10317.000004765	216.75	5.70515824054	143.0	0.964466	0.79682412884
10317.000009566	179.055555556	4.31929993527	111.0	0.864138	0.635713212178
10317.000006675	298.682926829	6.35249458422	201.0	0.974524	0.830277305739
10317.000031829	184.0	3.65270806312	94.0	0.749926	0.557274932993
10317.000033666	185.9	4.81262247803	117.0	0.921896	0.700490101248
10317.000031926	553.125	5.49937553522	138.0	0.962576	0.773631091608
10317.000027821	247.352941176	5.01374537402	125.0	0.929022	0.719767533579
10317.000013063	160.0	4.8205690603	113.0	0.907346	0.706809760692
10317.000010852	151.0	4.57181632307	94.0	0.911772	0.697498565741
10317.000016754	338.5	5.82720956244	179.0	0.94746	0.77864150266
10317.000014234	190.461538462	4.55083909132	100.0	0.906222	0.684969535963
10317.000022526	223.4	4.91238218927	117.0	0.931	0.715010394611
10317.000033713	250.375	3.61348172274	91.0	0.74404	0.555254417591
10317.000009621	201.083333333	4.81908160873	111.0	0.904358	0.709270922405
10317.000001325	125.0	4.21646559436	110.0	0.786098	0.621772885155
10317.000014018	210.206896552	5.62344623904	145.0	0.959234	0.783219699377
10317.000013201	246.230769231	5.55904613654	156.0	0.94563	0.763039015492
10317.000010207	293.3125	5.37058975183	138.0	0.951992	0.755514000759
10317.000006777	234.84	5.15933085636	141.0	0.937296	0.722640765743
10317.000014165	223.142857143	5.42170816865	136.0	0.94617	0.76497165348
10317.000002125	237.230769231	5.09879268197	123.0	0.935492	0.73443025262
10317.000014678	97.1111111111	2.07191817958	52.0	0.567708	0.363466378389
10317.000002711	152.75	3.39262088601	81.0	0.740286	0.535126364893
10317.000021226	197.0	5.11083108482	119.0	0.941454	0.741256877305
10317.000013755	149.047619048	4.64434397812	104.0	0.911662	0.693140177883
10317.000016381	187.0	3.76059215837	93.0	0.806356	0.57508806056
10317.000001221	251.333333333	5.28559107535	154.0	0.928768	0.727362919737
10317.000009497	143.15	4.41110563869	98.0	0.9044	0.666863058645
10317.000002161	261.454545455	5.42301981344	142.0	0.955714	0.758491135811
10317.000043152	228.772727273	5.06315014627	140.0	0.921466	0.710190650903
10317.000039986	235.344827586	6.13956411997	168.0	0.971958	0.830533074925
10317.000006736	266.954545455	5.60534201326	154.0	0.956538	0.771364616516
10317.000023343	114.333333333	4.00692035219	73.0	0.891268	0.647339890506
10317.000036151	262.777777778	5.78418069392	160.0	0.96096	0.78998053777
10317.000038424	256.076923077	5.49227792792	155.0	0.935302	0.754835627046
10317.000036191	282.0	5.41833871216	149.0	0.947638	0.750548861244
10317.000005799	68.1428571429	1.78962351652	41.0	0.434624	0.334037544569
10317.000016719	235.5	5.86917335772	153.0	0.965726	0.808717059766
10317.000016723	194.619047619	5.36044709922	129.0	0.94882	0.764551897113
10317.000004927	132.333333333	3.30592544544	70.0	0.794262	0.539365768606
10317.000016717	293.375	5.87024472022	151.0	0.968164	0.810985974345
10317.000009694	261.307692308	5.82363725068	163.0	0.958606	0.792468727711
10317.000002382	394.272727273	6.07770937221	187.0	0.967142	0.805325873379
10317.000001575	281.0	5.02596430754	139.0	0.9138	0.705998863623
10317.000001305	233.052631579	5.203819246	143.0	0.919572	0.726803457944
10317.000012154	173.176470588	4.6747329805	104.0	0.920076	0.697675552224
10317.000010555	220.8	5.15814553498	135.0	0.922356	0.728879460577
10317.000001404	179.0	5.70033140081	137.0	0.963486	0.803086170109
10317.000001155	165.5	4.64876932105	104.0	0.889232	0.693800633482
10317.000006034	267.035714286	5.53323983716	157.0	0.953056	0.758537013456
10317.000013758	200.555555556	5.32064460027	124.0	0.95259	0.765098418681
10317.000001782	228.0	5.4400007658	159.0	0.942492	0.743892771027
10317.000015538	191.315789474	4.75765296845	116.0	0.912404	0.693739596512
10317.000014556	172.153846154	3.60272414615	89.0	0.795404	0.556342255987
10317.000010979	219.0	4.73918326096	126.0	0.906458	0.679230776595
10317.000013061	245.37037037	5.85580105294	161.0	0.965636	0.798781537194
10317.000005228	36.0	0.901599964839	25.0	0.220956	0.194148984808
10317.000002067	173.115384615	4.34048790283	116.0	0.865678	0.632910459494
10317.000010822	173.055555556	5.10341556067	113.0	0.938232	0.748281766328
10317.000012156	304.15625	5.8245018723	179.0	0.962684	0.778279696568
10317.000008991	230.625	4.98047166207	120.0	0.934296	0.721087382684
10317.000001405	194.0	4.78458002242	95.0	0.934308	0.72826258409
10317.000010776	295.433333333	6.24642573662	182.0	0.974582	0.831992087687
10317.000013965	241.461538462	5.06909524416	123.0	0.935508	0.730152632776
10317.000003281	112.0625	4.39395295015	83.0	0.910136	0.689243258409
10317.000018434	177.12	4.68556481856	122.0	0.885718	0.676055748523
10317.000002882	166.4	4.50527928531	110.0	0.899272	0.66436223348
10317.000002184	173.333333333	3.57450492164	108.0	0.689392	0.529173123978
10317.000002272	213.363636364	4.49731582045	102.0	0.892678	0.674015157902
10317.000002126	199.0	4.69501699603	122.0	0.90171	0.67741955399
10317.000012202	197.352941176	4.75761071526	110.0	0.925986	0.701571796254
10317.000001794	214.913043478	4.76792128068	130.0	0.899308	0.678962054912
10317.000013182	292.217391304	5.88411772954	165.0	0.965844	0.79878636291
10317.000002276	291.103448276	5.10359189432	168.0	0.87975	0.690391335009
10317.000006839	138.285714286	4.36723073856	103.0	0.876022	0.653141463282
10317.000009198	214.333333333	5.03235565895	142.0	0.903728	0.703850860015
10317.000002793	232.0	5.48794531677	136.0	0.952552	0.774317331842
10317.000002922	212.454545455	4.94539760014	132.0	0.921586	0.702033065774
10317.000023223	283.375	4.70416111164	145.0	0.897788	0.655183937939
10317.000002709	189.076923077	2.84422191983	91.0	0.590274	0.437048505228
10317.000012211	188.526315789	4.50308720617	116.0	0.871366	0.656619959922
10317.000014897	192.125	4.40724446721	106.0	0.88708	0.655067861901
10317.000014594	135.8	3.76966309113	83.0	0.771924	0.591316043097
10317.000003838	149.0	4.35288396618	104.0	0.885262	0.64964153836
10317.000016737	376.260869565	5.82961985765	178.0	0.957286	0.779805742338
10317.000011192	175.416666667	4.95255273943	118.0	0.93537	0.719571348377
10317.000003578	270.0	5.84281924019	140.0	0.971816	0.819552152202
10317.000013798	181.368421053	5.15461926846	122.0	0.934162	0.743733172591
10317.000015605	211.588235294	5.16755445924	121.0	0.94508	0.746879116124
10317.000009219	242.541666667	4.72259115447	139.0	0.871694	0.663383936772
10317.000007005	148.0	3.45986564974	74.0	0.773248	0.557193273871
10317.000004636	209.4	5.45138735244	121.0	0.959686	0.787902169113
10317.000003088	244.84	5.42791362591	151.0	0.930076	0.749877054598
10317.000006703	124.5	2.91370369659	72.0	0.69596	0.472242968254
10317.000007865	128.954545455	4.55091488306	97.0	0.91064	0.689541663939
10317.000017746	155.571428571	4.78139511131	97.0	0.930436	0.724463371811
10317.000002805	158.4375	4.10802131938	102.0	0.801382	0.615671380172
10317.000010918	238.333333333	6.21670495722	169.0	0.97593	0.839995437129
10317.000014668	236.047619048	5.53468141531	137.0	0.959348	0.77974871776
10317.000026105	153.0	4.24823744635	83.0	0.894698	0.666386065858
10317.000001301	128.75	3.03420554121	80.0	0.666188	0.479949391336
10317.000026638	172.666666667	4.01581902162	99.0	0.851416	0.605763010162
10317.000003491	360.416666667	6.13411449268	186.0	0.968244	0.813633808011
10317.000004703	262.4	5.02052205759	128.0	0.924808	0.717217436799
10317.000009097	173.176470588	4.00000137821	104.0	0.810688	0.5969759518
10317.000018414	140.052631579	4.60136458028	99.0	0.917172	0.694089161887
10317.000012201	267.217391304	4.63090429722	140.0	0.879272	0.649561012828
10317.000005017	237.615384615	5.65083120618	150.0	0.960982	0.781708803073
10317.000009019	152.235294118	4.19832568342	94.0	0.874644	0.640517014633
10317.000005885	249.954545455	4.98704389435	137.0	0.92189	0.702595287829
10317.000016414	133.583333333	4.41152435777	84.0	0.908464	0.690129113747
10317.000004864	207.222222222	5.76991927538	146.0	0.966456	0.802511831566
10317.000009221	202.0	5.53417602152	143.0	0.957824	0.772943501525
10317.000009105	160.125	5.11972229942	117.0	0.945168	0.745189303389
10317.000014563	173.473684211	4.52381512951	109.0	0.89713	0.668394197384
10317.000002035	144.0	3.10262975024	79.0	0.682378	0.49218554296
10317.000003732	205.956521739	5.16384603308	129.0	0.937174	0.736511005129
10317.000014667	202.125	4.5931843566	116.0	0.868042	0.66975752191
10317.000013814	243.375	4.03905788306	84.0	0.880234	0.631861282212
10317.000018426	160.4	4.88758445641	103.0	0.933454	0.730962995746
10317.000015599	269.473684211	5.65529068268	146.0	0.961784	0.786568661914
10317.000002132	273.206896552	4.77559482366	153.0	0.8698	0.658032191082
10317.000003225	105.473684211	3.82993774001	81.0	0.849948	0.604105418625
10317.000009392	110.5	2.67002029883	64.0	0.662888	0.445003383139
10317.000009149	198.5	5.23349662987	132.0	0.941096	0.742930696551
10317.000013912	129.176470588	4.03113698008	90.0	0.846434	0.620953204002
10317.000012212	239.125	5.43589773503	147.0	0.946712	0.755020155734
10317.000007677	135.166666667	4.69685121404	94.0	0.925136	0.716574497703
10317.000017208	182.4	5.18813110439	123.0	0.948184	0.747298561695
10317.000013117	236.0	3.63426365797	124.0	0.684084	0.522600095792
10317.000012055	147.142857143	4.84893922479	110.0	0.907946	0.715039377003
10317.000005026	91.2142857143	3.64631757575	68.0	0.833484	0.598988062982
10317.000009033	182.454545455	5.55265460286	129.0	0.955968	0.791966142385
10317.000013524	381.0	6.03371019802	199.0	0.964566	0.790101713496
10317.000006092	198.0	5.45142901963	143.0	0.941782	0.761386450008
10317.000002274	197.142857143	3.8336171472	80.0	0.839244	0.606399992165
10317.000008999	119.0	2.92615737117	71.0	0.652352	0.475817511567
10317.000016761	250.0625	4.97554787483	128.0	0.917884	0.710792553548
10317.000013277	177.666666667	4.28419033966	104.0	0.881534	0.639389431124
10317.000007693	151.0	4.7958422765	108.0	0.917816	0.709981072959
10317.000004025	85.5	2.89286550158	47.0	0.768734	0.52080641409
10317.000010737	202.24	5.7372435463	145.0	0.957896	0.799069107196
10317.000001128	221.2	5.36684043332	143.0	0.94455	0.749572189343
10317.000003559	278.375	5.48706938729	136.0	0.958668	0.77419374326
10317.000014798	190.035714286	4.90687799518	131.0	0.909552	0.69765148408
10317.000020104	269.75	5.25982960773	151.0	0.93235	0.726655913443
10317.000017117	82.875	2.94276355026	54.0	0.70577	0.511350317301
10317.000009766	190.769230769	4.66959123952	104.0	0.917412	0.69690817856
10317.000014561	300.714285714	5.75079322233	165.0	0.951718	0.780687167229
10317.000004923	101.0625	3.56944326652	72.0	0.796536	0.578522958655
10317.000014172	183.8	3.42720720241	104.0	0.709196	0.511489894183
10317.000002056	230.956521739	5.93504801973	154.0	0.965228	0.816736254257
10317.000002243	145.461538462	4.7486245576	97.0	0.90618	0.71949807083
10317.000010274	301.714285714	5.58993451195	155.0	0.958194	0.768257138086
10317.000003507	205.076923077	4.30318028418	107.0	0.857402	0.638315116408
10317.000017766	124.956521739	4.37096496985	96.0	0.881514	0.663779781491
10317.000001275	154.25	2.51370995069	79.0	0.57195	0.398762274754
10317.000003189	191.875	4.69841374444	123.0	0.890098	0.676759658309
10317.000009693	103.909090909	3.30015967956	67.0	0.756202	0.544034150495
10317.000022444	141.0	3.19908265908	67.0	0.780854	0.527371517075
10317.000016315	148.571428571	3.02220292658	81.0	0.658222	0.476699436928
10317.000011315	268.058823529	5.45950600078	138.0	0.952258	0.768022398174
10317.000013913	115.1875	3.27223743779	78.0	0.754588	0.520609075418
10317.000013498	159.769230769	3.89978476733	87.0	0.860648	0.60527998885
10317.000002589	243.307692308	5.54764984836	145.0	0.960806	0.77266296534
10317.000004086	332.096774194	6.43666840105	200.0	0.975526	0.842070839802
10317.000013551	178.0	3.21266943315	94.0	0.691172	0.490140496353
10317.000006766	298.4	5.43234268635	142.0	0.946548	0.759795080238
10317.000011962	196.214285714	3.27026775774	94.0	0.72375	0.498927977291
10317.000002199	140.0	3.90473084872	70.0	0.870986	0.637061600504
10317.000012052	164.476190476	4.86359306153	113.0	0.910006	0.713118099735
10317.000010263	198.0	5.18441602301	137.0	0.939144	0.730401886384
10317.000010556	189.5	3.82015974186	107.0	0.780592	0.56666594223
10317.000040007	155.166666667	5.1433194568	105.0	0.948982	0.766030888097
10317.000036451	212.111111111	5.7855108267	153.0	0.959932	0.797189147404
10317.000023129	273.652173913	5.5638711971	153.0	0.951724	0.766649284522
10317.000028914	174.045454545	4.61061292147	109.0	0.921142	0.68121858097
10317.000038479	136.866666667	4.48417059596	90.0	0.91207	0.690738149712
10317.000026549	150.666666667	4.50980343429	96.0	0.9074	0.684863950826
10317.000042999	237.55	5.79954760298	143.0	0.967374	0.810007237586
10317.000041554	313.307692308	6.13175249276	176.0	0.973858	0.82201336593
10317.000037489	229.037037037	5.72740218377	152.0	0.963054	0.790212398392
10317.000031493	211.866666667	5.03355164095	120.0	0.922932	0.728772458644
10317.000023972	378.941176471	6.36821350374	209.0	0.976418	0.826251040675
10317.000039813	178.055555556	4.61450113797	110.0	0.887216	0.680468421218
10317.000012123	341.255319149	5.87496253262	209.0	0.952872	0.762253637327
10317.000009455	156.714285714	4.9785465757	101.0	0.937458	0.747730315956
10317.000018344	174.9	4.3831095063	106.0	0.895812	0.651480577973
10317.000010548	175.5	5.06957904137	93.0	0.95229	0.775264707252
10317.000010161	139.230769231	4.8837194414	88.0	0.944272	0.756060243336
10317.000023819	229.066666667	4.53423430576	115.0	0.867284	0.662368109809
10317.000008950B	159.368421053	3.80577843786	100.0	0.801606	0.572826733323
10317.000001067	72.5	1.94783632783	34.0	0.616396	0.382869887921
10317.000009526	139.05	5.12362946019	102.0	0.948236	0.76788112232
10317.000013166	128.375	4.15105808995	74.0	0.87937	0.668506202644
10317.000010876	132.066666667	5.09774989943	99.0	0.944546	0.768966008555
10317.000010993	190.5	4.57648430689	124.0	0.863054	0.65808960556
10317.000015613	153.166666667	2.6690476952	54.0	0.708684	0.463787987897
10317.000018335	207.391304348	5.42433761798	133.0	0.952712	0.76883351837
10317.000015525	225.565217391	5.65247826242	146.0	0.958232	0.78617749517
10317.000001622	139.0	4.22841880155	87.0	0.892752	0.656286804979
10317.000012936	108.0	1.67668067028	45.0	0.445782	0.30530326301
10317.000009111	60.1	2.68158499625	43.0	0.708788	0.494186169949
10317.000002271	106.875	3.30114367455	63.0	0.764524	0.55228192703
10317.000002465	224.483870968	5.79080096873	151.0	0.965648	0.800010662193
10317.000001747	191.230769231	4.30600651293	97.0	0.871736	0.652433845097
10317.000002038	169.625	3.775614991	77.0	0.847956	0.602480229138
10317.000013724	184.576923077	4.62777256981	121.0	0.907672	0.668863137065
10317.000023378	148.25	4.32158575698	97.0	0.8598	0.654794367792
10317.000012307	153.75	4.37884726574	92.0	0.863882	0.6712356371
10317.000020347	254.0	6.08941816581	179.0	0.969334	0.813678255458
10317.000020368	240.75	5.34402679505	143.0	0.945592	0.746385869757
10317.000010567	145.730769231	4.8513407417	111.0	0.926866	0.714018811495
10317.000020063	167.0	5.06830298837	120.0	0.923496	0.733803861262
10317.000010178	156.8125	4.53542601588	103.0	0.89087	0.678295918387
10317.000011259	212.75	3.54656781447	89.0	0.728946	0.547670445715
10317.000005025	139.714285714	4.00335177483	84.0	0.857928	0.626275497609
10317.000013165	225.2	4.99560295242	142.0	0.906016	0.698710439533
10317.000016738	244.5	5.03859703682	152.0	0.885314	0.695177625255
10317.000001225	116.2	2.3199519768	46.0	0.625082	0.420010130285
10317.000003137	208.5	4.70902184369	126.0	0.87663	0.674907972063
10317.000009642	303.75	3.33771388122	78.0	0.751352	0.531026299511
10317.000015394	89.2727272727	3.48500020953	62.0	0.83558	0.585301529856
10317.000001086	115.75	2.69407145414	69.0	0.653968	0.441034733217
10317.000001756	127.125	3.72859794029	69.0	0.854206	0.610392569707
10317.000012999	205.833333333	4.61886685452	114.0	0.908674	0.675975589384
10317.000001248	196.035714286	5.04189622215	137.0	0.90721	0.710323109732
10317.000016739	177.517241379	5.02810690675	130.0	0.89434	0.716013037286
10317.000010559	164.454545455	5.02898158513	111.0	0.940768	0.740163935216
10317.000001654	172.666666667	3.25937111602	91.0	0.769886	0.500841113806
10317.000011375	75.0	2.62374066323	52.0	0.655202	0.46026987267
10317.000042586	292.5	5.97321851875	174.0	0.968468	0.80253444381
10317.000041282	123.142857143	4.75740374037	98.0	0.909394	0.719215786101
10317.000001208	231.5	3.86685966815	65.0	0.887488	0.642082946143
10317.000027729	312.681818182	5.67497934667	158.0	0.959628	0.776992018563
10317.000013573	236.184210526	5.98032002104	178.0	0.956014	0.799964321397
10317.000010544	100.0	2.23161603379	40.0	0.610726	0.419324724799
10317.000005878	50.8571428571	0.642462930584	29.0	0.136312	0.132248959234
10317.000012987	140.4	4.57635042399	91.0	0.92156	0.703210638474
