	chao1	shannon	observed_otus	simpson	equitability
10317.000002503	288.058823529	5.26856389536	146.0	0.92802	0.732780591822
10317.000013618	369.136363636	6.28350581308	183.0	0.976844	0.836050660389
10317.000031796	387.6	6.07499894601	210.0	0.961628	0.787503966797
10317.000026504	252.40625	5.99371661732	168.0	0.96651	0.810803469945
10317.000007104	326.066666667	5.60853287795	146.0	0.957124	0.7800653315
10317.000007077	216.193548387	5.54691385825	147.0	0.956522	0.770439763446
10317.000016408	276.5	6.20658754816	184.0	0.971516	0.824953337849
10317.000005802	172.5	4.30942653485	99.0	0.880998	0.650052000793
10317.000006952	185.041666667	5.72807621182	134.0	0.967662	0.810643066826
10317.000013023	196.115384615	5.73711504243	139.0	0.965622	0.805894441859
10317.000002645	246.894736842	4.53889294934	127.0	0.88631	0.649463118279
10317.000002027	262.551724138	5.59141823513	159.0	0.955024	0.764598349149
10317.000027353	349.487179487	6.31755161331	220.0	0.961668	0.811882735909
10317.000023798	320.2	5.78698306625	174.0	0.952512	0.777512696352
10317.000041962	312.322580645	6.11839318096	186.0	0.97054	0.811548520765
10317.000040352	146.115384615	4.14439702623	113.0	0.793944	0.607666902741
10317.000028811	271.375	4.70878779708	143.0	0.905056	0.657663745002
10317.000027772	471.384615385	6.73852611128	228.0	0.982116	0.860286062883
10317.000027617	308.954545455	5.34445746208	158.0	0.932604	0.731738485361
10317.000039924	245.043478261	5.55897760528	146.0	0.959218	0.773172913991
10317.000039952	101.0	4.34594998805	66.0	0.897032	0.719005065228
10317.000026028	263.757575758	5.80745865518	168.0	0.96448	0.785607316765
10317.000001441	287.157894737	4.96938733837	145.0	0.905794	0.692123991554
10317.000016347	321.558823529	5.93833777528	193.0	0.951844	0.78213650023
10317.000001595	308.869565217	5.91902238477	168.0	0.965802	0.800699164585
10317.000002146	357.714285714	5.78787989439	167.0	0.96207	0.783872114202
10317.000012158	393.8	6.29437911128	213.0	0.971628	0.813783505824
10317.000014313	135.555555556	4.06017081951	90.0	0.85889	0.625425554039
10317.000007749	225.954545455	5.31234649198	140.0	0.933716	0.745144564938
10317.000018083	162.434782609	4.44508485262	107.0	0.890072	0.659364625175
10317.000017335	328.045454545	5.58587572177	158.0	0.96145	0.764792360883
10317.000002578	264.833333333	5.72434504234	142.0	0.9643	0.800636015045
10317.000007719	255.583333333	4.87388931171	113.0	0.93041	0.714627774222
10317.000009676	163.461538462	4.16962391616	94.0	0.830608	0.636138133225
10317.000006716	265.689655172	5.66617540463	170.0	0.951568	0.764728903289
10317.000006802	341.045454545	5.58914479398	171.0	0.941606	0.753472084106
10317.000002898	277.774193548	5.66981472016	168.0	0.957912	0.766987454122
10317.000001647	240.5	5.57637880466	143.0	0.951426	0.7788378509
10317.000002878	193.0625	5.44078022762	150.0	0.93027	0.752651361248
10317.000009527	298.333333333	5.2774632675	140.0	0.943686	0.740251615058
10317.000017667	264.0	5.66664825207	142.0	0.961398	0.792566248478
10317.000009213	279.1875	5.46730716772	141.0	0.95174	0.765777413434
10317.000031434	219.55	4.98348480861	125.0	0.924788	0.715423361528
10317.000027217	277.526315789	4.50865630252	143.0	0.816568	0.629711916659
10317.000001546	281.434782609	6.10077572181	164.0	0.975292	0.829185538611
10317.000009074	214.535714286	5.76039531344	147.0	0.966732	0.800091314929
10317.000027277	265.5	5.31623216529	161.0	0.929218	0.72517970858
10317.000001333	84.0	4.11859203151	61.0	0.901354	0.69444856467
10317.000023984	317.2	5.60869506224	171.0	0.945688	0.756107653931
10317.000021327	214.25	4.8877082158	118.0	0.925654	0.710149891654
10317.000028933	311.0	5.93844181203	179.0	0.963184	0.793504542171
10317.000015568	258.0	5.78193142093	156.0	0.96357	0.793632423747
10317.000006944	366.666666667	2.77751464866	123.0	0.551278	0.400073294269
10317.000002028	262.84375	5.44705992704	169.0	0.919942	0.736001710869
10317.000003896	296.0	5.61495522794	150.0	0.953598	0.776745892842
10317.000011025	249.25	6.03938263548	163.0	0.973146	0.821826921438
10317.000017293	347.433333333	5.87892797725	189.0	0.961028	0.777405384205
10317.000031284	102.066666667	3.49442806469	69.0	0.79836	0.572057636737
10317.000020034	358.125	5.72513641945	176.0	0.95768	0.767503036713
10317.000037584	262.894736842	5.71588652232	143.0	0.965908	0.798322519143
10317.000031847	304.0	5.33284726516	139.0	0.938556	0.749106813876
10317.000013935	416.65	5.91706180372	179.0	0.964704	0.790647709648
10317.000014019	319.135135135	6.11224403899	201.0	0.96654	0.79887632259
10317.000023052	327.928571429	5.14035078841	135.0	0.932226	0.72636494733
10317.000015385	296.5	6.12435795736	178.0	0.970936	0.81923172006
10317.000017354	317.625	6.38211376832	198.0	0.972974	0.83652057259
10317.000023475	338.913043478	6.1905912771	180.0	0.972586	0.826309752408
10317.000003475	272.736842105	5.61640078793	181.0	0.943522	0.748868826438
10317.000017269	239.964285714	5.52210556326	161.0	0.940168	0.753262607539
10317.000014801	281.0	5.50961598996	143.0	0.9524	0.769513267879
10317.000009716	405.965517241	6.26154687641	203.0	0.97449	0.816865293845
10317.000013155	370.260869565	5.63427519804	172.0	0.950268	0.758695708293
10317.000015604	218.12	5.47089782294	140.0	0.95455	0.767384014625
10317.000009236	304.476190476	5.50347313832	154.0	0.937772	0.757346195255
10317.000041289	305.956521739	5.37628500028	158.0	0.939008	0.736096165212
10317.000030735	396.176470588	5.87562644095	171.0	0.961516	0.792092647995
10317.000022541	281.176470588	4.9688541608	135.0	0.90557	0.702131360166
10317.000034132	138.8125	3.32765930028	85.0	0.763562	0.51918494806
10317.000026633	275.652173913	5.61806823039	155.0	0.955784	0.772123718269
10317.000028715	165.2	4.80795162042	105.0	0.914018	0.716082187905
10317.000026126	208.25	4.26310628711	102.0	0.888	0.638914048284
10317.000033665	236.555555556	4.7312378995	121.0	0.898482	0.683817230844
10317.000028755	338.096774194	6.10487100669	191.0	0.965772	0.805665238861
10317.000026501	159.166666667	5.38876650528	118.0	0.939352	0.782950164149
10317.000016485	196.0	4.30536277393	112.0	0.851186	0.632457514443
10317.000001001	188.5	4.45752965415	121.0	0.870148	0.644257517641
10317.000013049	221.75	5.75620360166	148.0	0.961896	0.798424417182
10317.000002334	241.636363636	5.69262574879	162.0	0.95679	0.775577940496
10317.000006797	186.9	4.64065796013	118.0	0.900868	0.674255213709
10317.000013156	310.84	6.20336944322	178.0	0.97304	0.829800781489
10317.000001529	309.869565217	5.93601132903	169.0	0.968082	0.802068373108
10317.000002418b	307.0	6.18694401655	191.0	0.970642	0.816496486731
10317.000005849	218.9375	4.28156965747	112.0	0.847946	0.628962307166
10317.000003282	173.714285714	4.4043215691	113.0	0.87639	0.645778005735
10317.000011341	218.322580645	5.4609595803	147.0	0.953818	0.758501125988
10317.000013355	337.032258065	6.0488438827	193.0	0.963408	0.796691223014
10317.000006794	249.375	5.23572491636	135.0	0.929696	0.739841930959
10317.000009593	233.357142857	4.76773113478	152.0	0.845692	0.657806128158
10317.000028723	251.476190476	5.1628338265	143.0	0.934176	0.721079134479
10317.000002774	204.0	4.41463211996	120.0	0.850062	0.639163464204
10317.000001531	282.121212121	6.08868188186	179.0	0.968434	0.813579871963
10317.000018027	325.230769231	6.18393009186	178.0	0.974832	0.827200454506
10317.000001399	209.217391304	5.01095612807	127.0	0.932976	0.717009902816
10317.000001948	178.176470588	4.88552818422	109.0	0.926236	0.721837342156
10317.000001032	178.0	5.38666861155	122.0	0.95533	0.777214363955
10317.000016697	452.035714286	6.70733220552	222.0	0.98403	0.860530451612
10317.000011162	239.541666667	3.86785456381	136.0	0.72806	0.54573190018
10317.000005999	189.84	4.74071591146	126.0	0.908342	0.679450439633
10317.000001362	344.666666667	6.30641469592	193.0	0.975414	0.830615789456
10317.000010947	217.461538462	5.52749283783	127.0	0.960374	0.790920335595
10317.000002851	236.260869565	5.31509966769	143.0	0.937098	0.74234569557
10317.000035452	218.848484848	6.23510525818	167.0	0.974592	0.84444135507
10317.000005928	257.434782609	5.90838720502	187.0	0.950934	0.78288986767
10317.000027807	386.0	6.11488307014	201.0	0.969684	0.799221246563
10317.000031313	369.444444444	6.08736952385	197.0	0.965546	0.798652340346
10317.000014458	225.055555556	5.40166761304	130.0	0.948512	0.769208870406
10317.000016759	317.032258065	5.9109685082	182.0	0.961572	0.787310893741
10317.000014308	242.454545455	5.79356084103	165.0	0.9561	0.786492997798
10317.000010546	221.625	4.36485056512	111.0	0.88369	0.642417339618
10317.000015305	352.833333333	6.36375357162	204.0	0.97254	0.829431801285
10317.000014295	191.714285714	4.83829693056	121.0	0.908278	0.699290730954
10317.000011055	311.193548387	5.75973888604	182.0	0.9479	0.767167878461
10317.000002818	163.0	3.56124547864	107.0	0.702042	0.528259722376
10317.000009667	199.4	4.57396594498	104.0	0.904042	0.682636683171
10317.000012254	285.0	4.90132769848	139.0	0.905892	0.688491118048
10317.000026037	277.181818182	5.9346213327	179.0	0.961292	0.792994043323
10317.000007037	267.043478261	5.55564513748	159.0	0.928082	0.75970655779
10317.000015594	312.621621622	6.3587921948	197.0	0.97819	0.834262524766
10317.000004286	295.714285714	5.30392689153	149.0	0.942154	0.734700523543
10317.000001351	201.5	4.81113230259	122.0	0.902772	0.694173226926
10317.000010115	227.913043478	5.35238756361	143.0	0.936002	0.747553595846
10317.000010981	276.5	5.81164763467	161.0	0.961874	0.792758631873
10317.000013028	239.666666667	5.69242684253	153.0	0.957356	0.784363047134
10317.000017095	354.142857143	6.18970731653	176.0	0.976156	0.829782701013
10317.000011048	293.052631579	6.05400597734	190.0	0.96752	0.79975184344
10317.000002079	213.157894737	5.02646280303	120.0	0.943324	0.727746115773
10317.000014937	306.103448276	6.10695298179	183.0	0.968458	0.812559457295
10317.000013653	238.473684211	4.91469592297	129.0	0.914988	0.700975128023
10317.000021178	341.0	5.57198642758	167.0	0.944952	0.754632933128
10317.000006741	279.615384615	5.73302697647	170.0	0.955494	0.773751449463
10317.000014548	266.689655172	5.94266272612	171.0	0.965612	0.801129803295
10317.000013215	301.6	5.91079849279	172.0	0.960464	0.795931560217
10317.000010867	281.055555556	5.54405090385	143.0	0.959006	0.774322699819
10317.000026613	272.0	5.60412554585	158.0	0.957334	0.767291042691
10317.000006909	374.75	5.80792268795	170.0	0.96177	0.783859663772
10317.000011163	218.913043478	4.96188584435	134.0	0.901654	0.702211040734
10317.000012276	365.0	5.87440044907	179.0	0.958488	0.784947227979
10317.000015003	312.25	5.23359911809	148.0	0.914942	0.725935636541
10317.000001613	294.0	5.75522590262	175.0	0.956096	0.772387980455
10317.000006029	232.964285714	5.66231689234	154.0	0.956818	0.779205066866
10317.000005024	320.6875	5.83538107945	187.0	0.950424	0.773216203097
10317.000026632	282.625	6.03372373003	167.0	0.970974	0.817167574841
10317.000033799	131.5	5.09035812717	100.0	0.952796	0.766175242475
10317.000029152	256.071428571	4.11492087083	121.0	0.779414	0.59473944342
10317.000022999	235.545454545	5.27165047878	132.0	0.943014	0.748346896761
10317.000037575	314.428571429	6.51626329405	210.0	0.976944	0.844705198859
10317.000027681	289.7	6.16480882569	179.0	0.971314	0.823752081715
10317.000021296	318.558823529	6.1388759441	190.0	0.97114	0.810963413535
10317.000028712	274.037037037	5.38718997938	157.0	0.943464	0.738515430044
10317.000027363	315.285714286	5.5681372751	161.0	0.949816	0.759541728228
10317.000033801	249.473684211	5.35453521737	140.0	0.936408	0.751062232295
10317.000011225	210.032258065	5.66344468409	151.0	0.958366	0.782416138368
10317.000011409	204.291666667	5.179033427	133.0	0.936796	0.734064649339
10317.000009475	224.117647059	4.71898698862	120.0	0.903926	0.683228860121
10317.000012928	245.666666667	5.68340182175	144.0	0.95981	0.792672422739
10317.000028841	244.375	5.8323652131	155.0	0.966024	0.801575796158
10317.000017357	244.84	5.60352459345	151.0	0.953316	0.774138058764
10317.000014534	199.1	5.43816013928	144.0	0.950876	0.758468204087
10317.000016715	284.516129032	6.22883282036	180.0	0.975732	0.831414169534
10317.000008954A	246.789473684	5.50673375656	144.0	0.942636	0.768032267486
10317.000015912	208.4375	4.95890513397	119.0	0.92172	0.719222074347
10317.000016725	231.115384615	6.10559158533	156.0	0.976244	0.83805827076
10317.000018358	279.4	4.5788911684	123.0	0.87114	0.65954362283
10317.000010102	243.066666667	5.41920739601	129.0	0.9564	0.772932783176
10317.000018415	235.65	5.41915673392	138.0	0.95089	0.762346217823
10317.000008949B	356.75	5.90904541243	174.0	0.963108	0.793912437428
10317.000010869	303.6	5.98364215768	174.0	0.962686	0.803934916478
10317.000014571	303.103448276	6.14423516736	180.0	0.972994	0.820122216541
10317.000011949	177.0	4.86912261487	124.0	0.906428	0.700170429126
10317.000010827	290.5	5.57692050474	148.0	0.956462	0.77355663764
10317.000014162	316.64	5.71000255653	167.0	0.957808	0.77332492342
10317.000010821	200.157894737	5.07820469404	122.0	0.9186	0.732707711562
10317.000016736	322.526315789	5.52810257395	152.0	0.954508	0.762714936608
10317.000001929	235.275862069	5.54654493122	152.0	0.953668	0.765259437395
10317.000003196	289.5	5.91724629013	182.0	0.960752	0.788147062314
10317.000028833	192.0	4.01382402727	66.0	0.892888	0.664057298053
10317.000004291	243.636363636	5.90995833312	152.0	0.970566	0.815399756987
10317.000035347	322.285714286	6.01993098136	168.0	0.970468	0.814349633149
10317.000031035	189.571428571	4.6596023065	109.0	0.882794	0.688456768154
10317.000016765	368.0	5.82914579877	178.0	0.958244	0.779742329312
10317.000004918	373.0	6.10457838355	183.0	0.97213	0.812243505582
10317.000001347	286.5625	5.73989985997	175.0	0.952598	0.770331127896
10317.000005938	241.25	5.43124782356	155.0	0.938636	0.74644790565
10317.000003982	225.161290323	4.80007351898	145.0	0.872684	0.66854238108
10317.000001934	361.461538462	5.15327986541	148.0	0.913492	0.71479481232
10317.000015355	233.483870968	5.71553526385	160.0	0.952506	0.780605216246
10317.000002418a	331.5	6.13796817996	172.0	0.976038	0.826521593654
10317.000026083	297.037037037	5.65215703354	171.0	0.943526	0.761966758196
10317.000016741	215.047619048	5.02656931015	125.0	0.932056	0.721608523137
10317.000009476	166.0	4.47363549622	111.0	0.884516	0.65842827172
10317.000003729	399.357142857	5.68537246417	193.0	0.9458	0.748818522945
10317.000017219	269.387096774	6.13706524563	175.0	0.97429	0.823633252839
10317.000003366	232.588235294	4.37613524973	114.0	0.899474	0.640451586467
10317.000004283	75.0714285714	3.16327028846	57.0	0.763342	0.542316121301
10317.000003473	342.285714286	6.28208696481	212.0	0.968084	0.812907819348
10317.000016734	289.714285714	5.29698698423	143.0	0.949884	0.739815945716
10317.000007068	140.166666667	4.75212662027	99.0	0.92371	0.716830741293
10317.000011342	249.774193548	5.5970956311	165.0	0.937124	0.75982226521
10317.000026056	220.055555556	4.60225810541	115.0	0.905362	0.672305133914
10317.000012209	271.541666667	5.58172929437	159.0	0.949822	0.763273435183
10317.000016355	292.24	6.07294992219	169.0	0.972138	0.82057138945
10317.000015185	248.636363636	5.13018461702	142.0	0.916176	0.717533715706
10317.000003028	229.888888889	5.07434769071	143.0	0.909474	0.708720513545
10317.000012985	256.617647059	5.94530151749	175.0	0.961116	0.79789733887
10317.000016755	293.344827586	5.80170491611	176.0	0.93971	0.777767692329
10317.000014327	224.75	5.30474852035	125.0	0.953638	0.761543611396
10317.000013249	162.3	5.16475854435	115.0	0.944692	0.754476086578
10317.000008950A	141.315789474	3.77202216723	96.0	0.802534	0.572823636706
10317.000016716	280.111111111	5.88112684797	166.0	0.96635	0.797436664945
10317.000022662	225.181818182	5.58821803765	142.0	0.95432	0.781596599747
10317.000022443	299.285714286	5.10173988878	145.0	0.930456	0.710557727795
10317.000017074	264.769230769	5.08522172845	124.0	0.94062	0.731245064344
10317.000002511	239.625	4.88128493866	139.0	0.902586	0.685675704967
10317.000013821	180.75	4.91837571629	117.0	0.929972	0.715882768533
10317.000004819	183.5	4.85557739893	110.0	0.917222	0.716018262421
10317.000003594	254.954545455	5.34140893084	142.0	0.947294	0.74707662265
10317.000001391	177.875	3.76847178861	95.0	0.819412	0.573600397524
10317.000017075	232.0	4.70690406669	120.0	0.898348	0.681479459032
10317.000010834	280.4	5.42715130671	149.0	0.936302	0.751769582789
10317.000014303	219.333333333	5.94405105533	146.0	0.972062	0.826731028922
10317.000015265	214.538461538	5.4446355883	137.0	0.954984	0.76706269071
10317.000003193	184.153846154	4.71753492665	101.0	0.912502	0.708528850258
10317.000014933	184.5	4.13199017278	97.0	0.864456	0.626067384764
10317.000013619	304.757575758	6.41164310278	194.0	0.976824	0.843646925421
10317.000005015	363.0	5.58103931864	147.0	0.960046	0.775179626424
10317.000022925	200.5	5.18144028963	113.0	0.948904	0.75972204222
10317.000003439	293.055555556	5.16014366255	143.0	0.938556	0.720703406504
10317.000016735	263.884615385	5.77891769353	160.0	0.96222	0.789261737979
10317.000011168	213.5	5.77660424777	146.0	0.96356	0.803441613973
10317.000004972	224.0	6.11621713328	163.0	0.973442	0.832282403828
10317.000009382	301.588235294	5.66326672431	147.0	0.963586	0.786600619175
10317.000006001	152.476190476	4.27385598494	101.0	0.889506	0.641892495607
10317.000027308	261.894736842	5.17952768	142.0	0.906454	0.724435087483
10317.000003895	238.260869565	5.62950394496	145.0	0.961522	0.784063401692
10317.000001322	143.416666667	4.82828808018	104.0	0.933344	0.720592719775
10317.000002019	315.117647059	5.36847789274	143.0	0.944322	0.749800888902
10317.000026106	258.636363636	5.5148812585	152.0	0.93917	0.760890785438
10317.000008957B	277.533333333	6.12565216859	180.0	0.96897	0.817641788997
10317.000001047	201.4	4.82789178921	113.0	0.912586	0.707883446434
10317.000017071	160.125	4.26088661595	101.0	0.83575	0.63994461981
10317.000015262	300.235294118	5.28167897479	137.0	0.948912	0.744104691703
10317.000003981	213.913043478	5.16036808071	129.0	0.94457	0.73601495041
10317.000014334	294.5	6.12371176581	187.0	0.970754	0.811421412921
10317.000011378	295.0	5.59894716086	160.0	0.95614	0.764682073944
10317.000016718	273.555555556	5.77659837917	147.0	0.96607	0.802341843141
10317.000016714	265.916666667	6.33457222489	171.0	0.97817	0.853963085971
10317.000007748	207.714285714	4.92714152446	129.0	0.918834	0.702750224028
10317.000007073	270.5	5.51857093147	155.0	0.954344	0.758449227101
10317.000001247	310.0	6.44004261302	194.0	0.979066	0.847383745939
10317.000002036	240.428571429	4.82743451696	114.0	0.92646	0.706499666606
10317.000016742	247.636363636	5.36418825922	141.0	0.948248	0.751334081716
10317.000015627	263.04	5.72957676058	155.0	0.960778	0.787448982651
10317.000012112	188.416666667	5.55718043208	131.0	0.960924	0.790110367436
10317.000002437	266.142857143	4.62496842046	134.0	0.902876	0.654530150385
10317.000003731	265.25	5.35751184549	158.0	0.944788	0.733525831375
10317.000013171	202.5	5.36400699415	136.0	0.943034	0.756830351608
10317.000001487	209.136363636	5.42096451229	134.0	0.955278	0.767180312359
10317.000014306	225.666666667	5.19717603367	139.0	0.936968	0.730049031251
10317.000002064	290.0	6.09127223838	182.0	0.968934	0.8113264321
10317.000003492	232.2	5.34025702839	154.0	0.925974	0.734885633214
10317.000002336	289.375	5.21586598124	147.0	0.908908	0.724458799153
10317.000006074	254.166666667	5.48014886747	135.0	0.960142	0.774380622516
10317.000012061	241.428571429	4.44797647616	115.0	0.889654	0.649767429805
10317.000016756	291.0	5.73174268113	168.0	0.959118	0.775364794734
10317.000011018	294.916666667	5.97564593257	191.0	0.958894	0.788611291268
10317.000015261	306.0	5.62731351802	152.0	0.959434	0.776403117662
10317.000013458	300.161290323	6.13064476413	185.0	0.967222	0.81401331167
10317.000041935	235.555555556	4.08379589753	120.0	0.809742	0.59126401975
10317.000033721	314.75	5.99229811673	155.0	0.970598	0.823556303187
10317.000031491	251.130434783	6.10305675177	155.0	0.975196	0.838778505126
10317.000017671	190.666666667	5.11661958065	117.0	0.940852	0.744737694356
10317.000036943	228.0	5.68453236315	148.0	0.961062	0.788483131087
10317.000036102	266.285714286	6.02959486797	161.0	0.968596	0.822488505629
10317.000028894	320.153846154	5.04246541486	129.0	0.935132	0.719198683933
10317.000040401	203.09375	5.64019645444	144.0	0.961092	0.786646506526
10317.000040358	245.066666667	5.48001690775	131.0	0.950376	0.779139390102
10317.000031506	291.757575758	5.84747926496	181.0	0.955472	0.77967992316
10317.000016446	305.222222222	5.58586861498	173.0	0.93731	0.751331262836
10317.000028793	203.4375	5.16409813509	114.0	0.946024	0.755770709668
10317.000042026	276.0	6.17682279973	181.0	0.969504	0.823593296813
10317.000037582	225.538461538	5.51813891614	148.0	0.951136	0.765403233267
10317.000029202	249.434782609	4.41383510441	132.0	0.858928	0.626574128253
10317.000022618	300.903225806	6.06341773587	183.0	0.967462	0.806766883501
10317.000021229	146.2	3.19605741453	86.0	0.68884	0.497342941277
10317.000034121	178.625	4.43484741403	86.0	0.914318	0.690112776756
10317.000036071	261.461538462	4.76942890265	116.0	0.916364	0.69545671037
10317.000036166	213.75	5.62025762475	140.0	0.962082	0.788334200143
10317.000031593	205.052631579	4.72410583826	124.0	0.883324	0.679317296695
10317.000012263	137.75	4.44881766125	89.0	0.913794	0.686998269567
10317.000034194	311.571428571	5.76738438427	184.0	0.948218	0.766576312917
10317.000036131	304.636363636	5.77463982887	161.0	0.959628	0.78771044944
10317.000002347	195.391304348	4.8215850827	121.0	0.923184	0.696875327254
10317.000016767	296.903225806	5.95200757539	179.0	0.963286	0.795317222195
10317.000036109	199.083333333	3.98941443149	97.0	0.80339	0.604464714442
10317.000004973	257.8	6.00002439245	157.0	0.966016	0.82252725659
10317.000040395	189.666666667	5.05436080793	116.0	0.935542	0.737004201605
10317.000031379	333.136363636	5.67312115679	167.0	0.94913	0.76832995094
10317.000004737	229.964285714	5.31315343524	151.0	0.917936	0.734022706187
10317.000006666	198.772727273	4.70026132075	121.0	0.910498	0.679340111166
10317.000003969	174.5625	4.78626965879	107.0	0.929384	0.709974500869
10317.000001749	263.5	5.91656321342	171.0	0.960824	0.797611330442
10317.000009507	288.108108108	6.17261747397	187.0	0.974112	0.817901655678
10317.000017356	215.25	3.87944814037	96.0	0.810284	0.589137468884
10317.000040348	325.666666667	5.71462719176	174.0	0.95671	0.767791290495
10317.000026595	246.65625	5.85847217425	169.0	0.960334	0.791591354067
10317.000012335	278.24	5.33205337307	155.0	0.935262	0.732815036698
10317.000022554	331.5	6.09346698093	172.0	0.973254	0.820529186907
10317.000003718	313.0	6.12771151753	196.0	0.96701	0.804720290461
10317.000006113	236.130434783	5.02028345071	140.0	0.91322	0.704177887002
10317.000006662	345.444444444	6.03578371119	187.0	0.968418	0.799770520612
10317.000013756	402.04	6.42140274318	208.0	0.973666	0.833900787257
10317.000001216	345.0	6.20224583643	198.0	0.972414	0.81294480587
10317.000010945	290.037037037	5.1852316259	164.0	0.916558	0.704749571957
10317.000016722	273.555555556	6.0854040199	168.0	0.972588	0.823206536173
10317.000016358	206.476190476	4.72952363885	125.0	0.916046	0.678964987369
10317.000035392	235.636363636	5.6710270756	144.0	0.961104	0.790946498668
10317.000043118	411.214285714	6.2149456689	201.0	0.969498	0.812299526883
10317.000006685	141.047619048	4.72590776448	102.0	0.917124	0.708274356366
10317.000005992	171.954545455	4.09976478521	114.0	0.820912	0.600004504201
10317.000012947	260.0	5.72442187371	165.0	0.958462	0.777107178755
10317.000012122	284.545454545	5.48833811218	155.0	0.949298	0.754294155306
10317.000004758	328.0	5.48278530472	143.0	0.948316	0.765765898133
10317.000042014	333.117647059	6.31342581769	199.0	0.975604	0.826729888059
10317.000014612	278.12	5.78924354798	158.0	0.967358	0.792636546411
10317.000027267	339.517241379	6.09684758138	192.0	0.967026	0.803807214709
10317.000006625	227.0	4.78023416278	117.0	0.915334	0.695775895151
10317.000008951B	182.5	4.06890703724	95.0	0.874662	0.619329750882
10317.000006778	516.5	6.370902108	214.0	0.97679	0.822957989641
10317.000012971	393.083333333	6.16533613475	211.0	0.968124	0.798504977603
10317.000017652	468.941176471	6.67504244724	241.0	0.978596	0.843565752483
10317.000015254	324.454545455	6.05728919756	192.0	0.963086	0.79859184498
10317.000001438	212.8	5.89176605708	157.0	0.96916	0.807686411658
10317.000006803	347.6875	5.59775610966	160.0	0.952834	0.764519404878
10317.000013299	300.375	5.54239398127	162.0	0.95166	0.755109978963
10317.000036039	245.071428571	5.16348048214	127.0	0.932298	0.73883437493
10317.000011026	250.444444444	5.66117760003	161.0	0.94639	0.772233227324
10317.000012993	315.037037037	5.7154764257	170.0	0.960582	0.771382759388
10317.000009218	291.625	5.72700698902	172.0	0.957462	0.771182711388
10317.000009419	302.75	5.91970050346	164.0	0.96179	0.804574741673
10317.000010693	337.676470588	6.1210438943	195.0	0.969668	0.804624440093
10317.000008951A	168.0	3.78348499787	82.0	0.846262	0.595116641613
10317.000001669	271.526315789	5.07731497191	137.0	0.927702	0.715313049106
10317.000036068	293.869565217	5.44852467531	153.0	0.947188	0.7507556153
10317.000042981	243.785714286	5.84562000658	160.0	0.960656	0.798371676261
10317.000004075	352.538461538	6.03801997504	188.0	0.961398	0.799251963751
10317.000028776	377.583333333	6.47927291934	223.0	0.9749	0.830580189782
10317.000004011	194.176470588	4.64575106242	110.0	0.91412	0.685076630452
10317.000004285	308.222222222	5.87462553686	176.0	0.96327	0.787543319277
10317.000011964	318.11627907	6.06725407594	203.0	0.965572	0.791518355032
10317.000012011	355.896551724	6.04370804188	192.0	0.964878	0.796801308023
10317.000026116	263.166666667	4.78454861497	129.0	0.896572	0.682412428048
10317.000015607	282.714285714	5.84519744855	161.0	0.958562	0.797335114521
10317.000011031	231.2	5.45033688532	148.0	0.941554	0.755998632477
10317.000018035	281.941176471	6.02520653458	189.0	0.951006	0.79674866218
10317.000022498	313.791666667	6.09325639888	172.0	0.97049	0.820500830518
10317.000018398	241.434782609	5.70744460084	151.0	0.959936	0.788494814311
10317.000023929	263.941176471	5.07486633139	171.0	0.865416	0.684142252923
10317.000009558	269.724137931	5.34240801953	158.0	0.937748	0.731457885132
10317.000012391	384.516129032	6.32101071447	205.0	0.975604	0.823103990449
10317.000040145	186.2	6.11888785036	147.0	0.978256	0.849884211016
10317.000002051	213.0	5.53387630239	154.0	0.931708	0.761530047897
10317.000016726	406.555555556	6.49984314214	212.0	0.977416	0.841085668564
10317.000005927	354.527777778	5.48334069844	197.0	0.922912	0.719404804418
10317.000018369	207.571428571	5.69506118544	157.0	0.946692	0.780720668214
10317.000002191	301.857142857	6.1754962515	200.0	0.970496	0.807903249117
10317.000013539	252.37037037	5.87072744577	168.0	0.96057	0.794166038877
10317.000026622	446.885714286	6.24169864794	229.0	0.96517	0.796215893432
10317.000004289	263.6	5.89554233075	167.0	0.955546	0.798453201431
10317.000014543	241.954545455	4.39877177431	129.0	0.888386	0.627389701412
10317.000018025	179.222222222	5.35111782269	132.0	0.938812	0.759627830587
10317.000011073	251.884615385	5.18907385131	148.0	0.93995	0.719759680539
10317.000001111	217.75	4.70576463764	118.0	0.885482	0.683714759562
10317.000013053	279.1	4.20080078241	108.0	0.867408	0.621890561622
10317.000010225	350.552631579	6.5966474358	215.0	0.981016	0.851378839409
10317.000003226	308.103448276	6.15275264925	185.0	0.970522	0.816948747252
10317.000013167	323.291666667	5.80744350805	171.0	0.959342	0.782900913222
10317.000018299	209.538461538	4.76150509551	132.0	0.907684	0.675928265062
10317.000010879	284.0	5.00337094582	138.0	0.92056	0.703855065315
10317.000013685	316.5	5.87382965098	183.0	0.955474	0.781541277242
10317.000020032	270.333333333	5.79738421399	152.0	0.965356	0.799867852325
10317.000013055	298.391304348	5.265166869	154.0	0.932788	0.724552295504
10317.000003579	248.275862069	5.63000966012	165.0	0.942642	0.764290441875
10317.000001284	259.181818182	4.83974746357	143.0	0.885552	0.675954529896
10317.000013684	330.0	5.74950885793	164.0	0.961666	0.781443183048
10317.000006665	356.0	6.49445414204	186.0	0.981748	0.861429544696
10317.000002638	229.772727273	5.42043470076	141.0	0.951048	0.759212229622
10317.000002443	354.285714286	6.38158042799	210.0	0.97545	0.827246217842
10317.000017349	328.692307692	6.70949538244	219.0	0.980914	0.862981240644
10317.000005814	288.913043478	5.93314561559	165.0	0.968176	0.805442043264
10317.000001482	331.0	4.45512002349	114.0	0.886552	0.652011083781
10317.000020071	337.25	5.677278379	136.0	0.965444	0.801031131473
10317.000004026	279.551724138	5.89643485979	176.0	0.955954	0.79046704377
10317.000013134	276.454545455	5.99874889394	157.0	0.973904	0.822352401919
10317.000004822	259.84	5.90774191191	166.0	0.965982	0.801045467878
10317.000009101	321.96875	6.4184081331	194.0	0.979318	0.844537071199
10317.000013159	449.55	6.11514785809	192.0	0.969122	0.806219919677
10317.000018073	263.552631579	5.65541486504	174.0	0.953074	0.759835791873
10317.000021267	213.565217391	5.05993795333	134.0	0.926248	0.716087473133
10317.000016772	325.032258065	6.12227238867	190.0	0.970752	0.808770035446
10317.000009596	236.636363636	5.61634133087	145.0	0.956274	0.78223014532
10317.000009003	258.107142857	5.48300354171	159.0	0.935102	0.749773184561
10317.000006635	245.6	5.10576049897	158.0	0.90994	0.699057197226
10317.000017265	300.84	5.70489109323	168.0	0.954536	0.771732430705
10317.000001734	258.6	6.08561727092	171.0	0.970378	0.820401492037
10317.000001286	344.12	5.4740953477	173.0	0.937284	0.736297119385
10317.000014397	314.533333333	6.20674888085	184.0	0.975262	0.824974781507
10317.000010746	169.769230769	4.44888280028	97.0	0.904088	0.674082053302
10317.000010873	262.555555556	4.98960953828	136.0	0.914224	0.704005036787
10317.000016731	301.777777778	6.09617473037	193.0	0.962942	0.802925153273
10317.000016458	422.115384615	6.33607852512	204.0	0.970302	0.825824722003
10317.000009174	260.137931034	5.97119369532	167.0	0.96617	0.808698921138
10317.000004719	334.0	5.89041963245	187.0	0.962302	0.780509077443
10317.000018345	239.275862069	5.53617316951	156.0	0.945144	0.759899454169
10317.000013222	229.44	5.11710937892	141.0	0.923218	0.716727021958
10317.000003809	231.090909091	5.69934170409	160.0	0.95577	0.778393563858
10317.000004847	291.058823529	5.42086023306	149.0	0.939522	0.750898142591
10317.000002261	274.15	6.03401518073	187.0	0.963882	0.799536181776
10317.000014134	208.052631579	5.217902815	127.0	0.939396	0.746621581723
10317.000016729	372.689655172	6.45372825098	202.0	0.97909	0.842720035287
10317.000014877	346.857142857	5.92452739408	184.0	0.960218	0.787463096427
10317.000001652	227.037037037	5.9251650736	150.0	0.971914	0.81965883048
10317.000017083	268.142857143	5.39569104346	143.0	0.953316	0.753601676575
10317.000002606	262.954545455	5.31731836579	150.0	0.92295	0.735572241254
10317.000011357	335.5	5.99605983166	193.0	0.965206	0.789739053146
10317.000004813	304.607142857	6.14621785526	186.0	0.967836	0.815239207616
10317.000013453	224.375	5.36466596335	143.0	0.938298	0.749268486962
10317.000016768	323.307692308	6.21192722762	186.0	0.971042	0.823954950845
10317.000013174	180.875	3.98957584935	98.0	0.831446	0.603136939241
10317.000016166	216.64	5.25465979849	136.0	0.934586	0.741402094964
10317.000003595	232.12	4.40796000304	141.0	0.863738	0.617400139795
10317.000012184	272.387096774	5.9772260995	178.0	0.964414	0.799550459456
10317.000011358	399.090909091	6.67868548269	224.0	0.981922	0.855435105662
10317.000013471	361.5	5.80583512059	201.0	0.953662	0.758828374834
10317.000001436	329.344827586	5.95031434742	185.0	0.962026	0.790069441923
10317.000009385	285.384615385	6.3464437253	196.0	0.97541	0.833445246794
10317.000006053	287.0	5.28375052032	168.0	0.92746	0.714762396977
10317.000002185	219.55	5.26994979726	134.0	0.938366	0.745808559051
10317.000016488	142.545454545	4.11523871154	82.0	0.851216	0.647299260557
10317.000001516	195.5625	4.83495782014	119.0	0.885746	0.701245194017
10317.000011352	362.0	6.20878905269	197.0	0.967644	0.814582372274
10317.000004009	251.9	5.30874849243	138.0	0.942654	0.746814409194
10317.000013801	218.25	5.42185639689	142.0	0.949282	0.758328414455
10317.000003996	386.11627907	6.40053164523	231.0	0.966618	0.815172722851
10317.000017339	255.105263158	5.59216387628	149.0	0.947656	0.774627141675
10317.000010183	357.88372093	6.55709111461	226.0	0.97716	0.838483511199
10317.000012318	221.933333333	4.83702707336	146.0	0.87708	0.672760097795
10317.000007666	310.037037037	6.07126239819	184.0	0.965036	0.806966491889
10317.000006026	201.65	5.25053105249	119.0	0.955764	0.761518466874
10317.000002349	223.791666667	5.44052601842	145.0	0.947244	0.757743022957
10317.000015908	187.3	5.27196366529	121.0	0.944666	0.76196963063
10317.000001423	180.217391304	4.62245510935	118.0	0.8952	0.671610466531
10317.000011036	265.7	5.79966955799	163.0	0.96373	0.789207252775
10317.000005845	258.0	5.74757573102	156.0	0.959894	0.788916734911
10317.000009118	222.1875	5.55949694335	151.0	0.957396	0.768055551404
10317.000005576	261.4375	5.91980534031	170.0	0.966902	0.798959778385
10317.000013584	187.0	4.99716520637	132.0	0.910982	0.709381832092
10317.000002801	292.181818182	6.33311527795	194.0	0.972866	0.833314198394
10317.000013265	381.0	5.99795126536	199.0	0.963194	0.785419156157
10317.000010833	163.576923077	4.74018539459	122.0	0.906524	0.683936667012
10317.000013238	166.769230769	4.85726559719	94.0	0.943426	0.741048097311
10317.000012983	263.666666667	5.5919481846	175.0	0.919878	0.750475070518
10317.000004915	249.055555556	5.72126436116	144.0	0.961756	0.797953166876
10317.000001099	415.076923077	6.96306770682	247.0	0.986058	0.876037493481
10317.000010881	244.275862069	4.88560018658	146.0	0.90186	0.679515911212
10317.000015856	421.115384615	6.18435196234	203.0	0.96907	0.806794643987
10317.000017324	268.037037037	4.08646011077	151.0	0.727282	0.564552585539
10317.000003061	251.516129032	5.70306428001	162.0	0.953948	0.777000112777
10317.000028859	330.090909091	6.10512777227	189.0	0.971514	0.807317119684
10317.000014922	312.375	5.97171777869	190.0	0.95982	0.788881332441
10317.000012903	270.323529412	6.18786381343	182.0	0.973678	0.824191937843
10317.000014684	284.25	6.12324379919	177.0	0.967602	0.819974188263
10317.000012991	397.576923077	6.65600620639	211.0	0.981996	0.862054228771
10317.000014121	274.055555556	4.78298046165	136.0	0.888222	0.674850869597
10317.000004736	252.620689655	5.29440375535	162.0	0.904806	0.721323154189
10317.000011248	335.037037037	6.15424331954	190.0	0.96819	0.812993488643
10317.000010962	305.6	5.92247692628	178.0	0.961626	0.792226873921
10317.000016773	267.785714286	5.8089933609	166.0	0.96269	0.787655905433
10317.000002348	273.25	5.43676613654	172.0	0.924144	0.732099691584
10317.000016354	305.0	6.64071516388	200.0	0.983554	0.868765057716
10317.000004922	151.387096774	4.71794186901	118.0	0.8935	0.685484026292
10317.000003091	180.636363636	5.03875593599	118.0	0.936262	0.732096071211
10317.000001965	197.651162791	6.38573968456	168.0	0.979704	0.863834616312
10317.000005454	210.454545455	5.35711821137	130.0	0.95167	0.762864941571
10317.000014369	498.775	6.88138032309	259.0	0.982562	0.85836907609
10317.000003086	244.279069767	5.91492970015	178.0	0.960906	0.791217310618
10317.000001528	363.130434783	6.38856661104	189.0	0.977176	0.844797912135
10317.000002444	302.0	5.38643771363	152.0	0.942248	0.743169368573
10317.000015584	306.15	5.27660651898	156.0	0.9288	0.724271132939
10317.000023375	264.538461538	4.69939238714	152.0	0.848586	0.6483773987
10317.000015624	315.823529412	5.88829518619	190.0	0.959078	0.777860964707
10317.000020431	320.228571429	6.40529719148	198.0	0.976788	0.83955928533
10317.000006671	278.777777778	6.2741162805	191.0	0.972952	0.828000687685
10317.000009102	297.0	5.19821808468	143.0	0.930624	0.726021158785
10317.000015214	321.230769231	6.02160247575	174.0	0.971298	0.809035091978
10317.000002172	280.433333333	5.54546280187	167.0	0.94176	0.751040748953
10317.000016745	249.387096774	5.08413297037	155.0	0.920074	0.698741897085
10317.000001189	236.0	5.50170594812	140.0	0.951808	0.771705364347
10317.000007678	190.25	2.83558106667	94.0	0.684802	0.432610058515
10317.000003358	283.24	5.64533052773	160.0	0.955378	0.771016930865
10317.000009231	307.217391304	4.82525069642	152.0	0.899716	0.665742129383
10317.000006653	194.555555556	4.93814772205	118.0	0.921518	0.717478399887
10317.000018318	297.037037037	6.0760437899	180.0	0.96562	0.811020145721
10317.000013859	344.047619048	5.88848557889	170.0	0.95855	0.794732742494
10317.000015928	257.682926829	6.37464968695	190.0	0.974848	0.842109812495
10317.000013757	296.0	6.21530918656	191.0	0.969746	0.820239863365
10317.000012298	295.103448276	5.65606882555	172.0	0.943852	0.761630377098
10317.000001731	325.6875	6.25842622314	192.0	0.975678	0.825109711821
10317.000017171	298.375	5.73917261716	176.0	0.955172	0.769384707921
10317.000014587	228.65	5.13749156168	131.0	0.934778	0.730439724804
10317.000017343	311.607142857	6.08792147878	178.0	0.97314	0.814357752988
10317.000002171	241.0	5.93718988719	157.0	0.96579	0.813913442737
10317.000016764	240.636363636	5.82137114237	149.0	0.96617	0.806376956829
10317.000016727	294.111111111	5.74403637232	165.0	0.96298	0.77976990488
10317.000002013	275.525	5.5575433755	182.0	0.939276	0.740236466478
10317.000013454	314.272727273	6.05588230127	167.0	0.973788	0.820168584953
10317.000016766	248.12	5.77633408312	157.0	0.961222	0.791862151847
10317.000001234	183.565217391	4.4233495118	119.0	0.846398	0.641546979725
10317.000001922	337.263157895	6.18831631961	207.0	0.96379	0.804357809897
10317.000026623	472.675675676	6.35906465502	239.0	0.96537	0.804856582141
10317.000006761	356.529411765	6.4821992625	208.0	0.978054	0.841795988252
10317.000004076	283.222222222	5.95587843318	172.0	0.966864	0.802001898654
10317.000009532	288.0	6.3427545513	177.0	0.978578	0.849369253472
10317.000005846	325.05	6.03983611276	171.0	0.971768	0.81422973841
10317.000004821	345.325	6.30050603936	214.0	0.968846	0.813864613829
10317.000002712	227.483870968	5.37237462088	154.0	0.936438	0.739305412481
10317.000010832	290.4	5.30328386965	143.0	0.937892	0.740695414792
10317.000013734	446.076923077	6.39632758358	207.0	0.978322	0.831395129272
10317.000009659	247.6	5.60992042937	160.0	0.951892	0.766180759585
10317.000001116	262.625	4.8775105821	147.0	0.90463	0.677462855042
10317.000017292	373.433333333	6.62294813581	215.0	0.980208	0.854773269635
10317.000015862	283.142857143	5.70125600581	151.0	0.963596	0.787639847609
10317.000002446	318.75	4.30657756747	136.0	0.848684	0.607633177617
10317.000006678	237.896551724	5.51750399853	157.0	0.947544	0.756379829529
10317.000014224	267.516129032	6.31739465236	178.0	0.979852	0.845053493506
10317.000017218	357.0	6.32076554723	183.0	0.978044	0.841008247168
10317.000009661	299.588235294	6.01409720863	187.0	0.964732	0.796896954184
10317.000006729	298.714285714	5.56107077452	152.0	0.959146	0.767263574891
10317.000003476	308.125	6.48682888983	208.0	0.976212	0.842397204221
10317.000001811	210.217391304	4.34967663158	128.0	0.833588	0.62138237594
10317.000016749	303.5625	6.23694746627	192.0	0.972222	0.822277956638
10317.000003214	162.333333333	2.55983973876	97.0	0.493412	0.387859627841
10317.000013686	227.333333333	5.29990844648	129.0	0.949794	0.755917367018
10317.000010845	316.848484848	6.30704529182	190.0	0.977094	0.833179074761
10317.000001311	259.714285714	4.93949017775	138.0	0.90733	0.694868563481
10317.000003593	231.551724138	5.80473268354	153.0	0.963926	0.799837739054
10317.000001435	198.384615385	5.20859717941	137.0	0.926564	0.733808627312
10317.000017205	353.888888889	6.07500435463	192.0	0.959826	0.800927407889
10317.000014551	303.882352941	5.64309799298	145.0	0.963402	0.785956747117
10317.000002781	202.652173913	3.89449503751	115.0	0.793588	0.568913986951
10317.000007675	283.222222222	5.86690319415	172.0	0.960072	0.790020742317
10317.000003216	165.5	5.46718393232	131.0	0.950082	0.7773148197
10317.000005238	269.0	5.33123047632	161.0	0.931542	0.727225606968
10317.000022448	372.777777778	5.61512183221	182.0	0.94429	0.747905623596
10317.000001004	164.516129032	5.17317511195	125.0	0.944184	0.742655083842
10317.000014122	297.045454545	5.49216524639	157.0	0.951434	0.752906207938
10317.000016728	386.848484848	6.44944651724	215.0	0.974464	0.832380742509
10317.000010773	188.823529412	4.24996393365	135.0	0.844828	0.600547502668
10317.000005553	247.047619048	6.02424438979	157.0	0.96892	0.825847511087
10317.000014054	333.032258065	6.03247946185	189.0	0.969038	0.797710404328
10317.000001779	276.352941176	5.90921776465	154.0	0.96335	0.813181690636
10317.000026081	277.058823529	5.13489320659	135.0	0.940348	0.725593755576
10317.000016769	267.130434783	5.63250064441	156.0	0.952474	0.773121438625
10317.000003372	296.5	5.8940063655	172.0	0.968116	0.793670379415
10317.000004738	300.21875	6.05945470605	186.0	0.967484	0.803730874739
10317.000041976	266.512195122	6.45398076848	197.0	0.977304	0.8467511008
10317.000036427	307.103448276	6.17822073651	184.0	0.971676	0.82118294135
10317.000043092	246.677419355	6.0187833064	171.0	0.963662	0.811391611564
10317.000036069	196.769230769	5.05707624086	110.0	0.941584	0.745731896624
10317.000028711	193.24	5.39481749539	136.0	0.949166	0.761177535068
10317.000027901	379.717948718	6.5567318771	226.0	0.977326	0.838437573949
10317.000031057	251.666666667	5.55160299657	157.0	0.947406	0.761054369745
10317.000021275	237.576923077	4.9686268739	142.0	0.915744	0.694937427975
10317.000031439	303.3125	5.54121109371	148.0	0.948612	0.768603500528
10317.000036437	354.0	5.91254565712	198.0	0.961604	0.774973035283
10317.000043117	321.333333333	5.71054729935	173.0	0.95491	0.768101258664
10317.000040144	167.333333333	4.43907493985	109.0	0.855784	0.655873824772
10317.000039994	216.136363636	5.4587984434	141.0	0.942462	0.764585640464
10317.000036067	286.516129032	6.34207155679	182.0	0.978238	0.844731623695
10317.000036877	344.236842105	6.2694405932	206.0	0.97175	0.815643031706
10317.000038417	281.538461538	5.72991514622	169.0	0.952706	0.77422084707
10317.000031891	259.0	5.80002371705	157.0	0.96074	0.795109700245
10317.000028719	191.217391304	5.40473652179	129.0	0.95123	0.770868825797
10317.000023341	379.0	5.11216848138	142.0	0.928962	0.715013887336
10317.000036901	280.619047619	5.29183048695	152.0	0.939586	0.730116364593
10317.000035492	323.228571429	6.1268774683	201.0	0.96086	0.800788926229
10317.000041632	321.0	5.21593835912	159.0	0.904434	0.713253362732
10317.000027775	287.451612903	5.59068978071	175.0	0.943676	0.7503061847
10317.000036094	172.25	4.12459091576	111.0	0.827352	0.607055999647
10317.000039831	305.307692308	5.45347360453	168.0	0.936898	0.737721785016
10317.000043164	187.045454545	5.21380319777	122.0	0.944916	0.752272513562
10317.000036422	332.157894737	6.01263877715	170.0	0.967668	0.811488937346
10317.000036939	271.142857143	5.26434045958	139.0	0.943596	0.739483640305
10317.000020388	416.5	6.65243214284	228.0	0.981964	0.849294721465
10317.000036147	375.357142857	5.85524594331	195.0	0.940436	0.769684725367
10317.000035412	296.4	5.87157104014	170.0	0.963178	0.792449891056
10317.000031272	156.75	3.62835953901	78.0	0.807784	0.577267677177
10317.000037565	278.625	5.71003403581	163.0	0.950954	0.77700983299
10317.000018298	238.047619048	5.38486528157	139.0	0.950306	0.756413801795
10317.000001764	254.689655172	6.09776748074	169.0	0.972758	0.823924715061
10317.000014232	301.076923077	5.90833543717	189.0	0.962196	0.781294106395
10317.000009677	264.04	5.32918346261	147.0	0.947738	0.740198054489
10317.000036045	250.65625	6.08093671866	173.0	0.968	0.817920753059
10317.000018424	287.476190476	4.42057082688	137.0	0.858398	0.622788228514
10317.000015901	171.055555556	4.96144838642	111.0	0.932982	0.730224420172
10317.000014978	314.111111111	6.1750878663	185.0	0.971978	0.81991436746
10317.000017133	261.533333333	5.65725553966	164.0	0.954194	0.768904594369
10317.000018401	360.53125	6.57873954911	212.0	0.981108	0.851294936043
10317.000026136	330.272727273	5.79716393941	168.0	0.961676	0.784214693155
10317.000018408	217.142857143	5.15905799628	130.0	0.94164	0.734660748859
10317.000013197	329.037037037	5.88589225117	174.0	0.968304	0.790801684099
10317.000001936	148.555555556	4.62593967307	103.0	0.916158	0.691832693988
10317.000009495	210.055555556	4.71096220331	115.0	0.92213	0.688184800248
10317.000033748	344.066666667	4.98630712213	149.0	0.877526	0.69070379892
10317.000006717	256.043478261	5.7878496145	157.0	0.960364	0.793440785167
10317.000001786	365.689655172	6.30929376608	195.0	0.975498	0.829370292319
10317.000022553	318.12	6.04376981915	182.0	0.968268	0.804999351846
10317.000009178	337.666666667	6.21107381438	186.0	0.97331	0.823841753437
10317.000034127	280.545454545	5.40153838823	151.0	0.945594	0.746233263095
10317.000005085	281.714285714	5.55620452032	146.0	0.961382	0.772787218216
10317.000009648	257.090909091	5.87578601999	173.0	0.95746	0.790326811252
10317.000013001	399.416666667	5.79456996316	189.0	0.950016	0.766250225542
10317.000034147	305.15	5.41561958451	155.0	0.941944	0.744300026067
10317.000028856	227.5	5.15721453056	136.0	0.93622	0.727653131462
10317.000005163	265.0	4.31777319049	106.0	0.884564	0.641769357954
10317.000009628	296.607142857	5.68036118922	163.0	0.958744	0.772972012299
10317.000001789	368.714285714	5.92534407625	178.0	0.95494	0.792610401503
10317.000002346	276.142857143	4.98946981433	144.0	0.92625	0.695888703623
10317.000016762	238.5	5.54803170226	158.0	0.94168	0.759610932138
10317.000014291	303.5625	6.15570363883	192.0	0.96463	0.811566786025
10317.000011191	345.894736842	5.71709707236	158.0	0.963842	0.782758583462
10317.000011969	241.6	5.40830173836	145.0	0.9512	0.75325490484
10317.000013764	298.84	5.58658237311	166.0	0.944588	0.757498644599
10317.000016333	313.05	5.79357562838	159.0	0.964008	0.792242356921
10317.000038478	301.161290323	6.14577837782	186.0	0.969496	0.81518091498
10317.000034126	283.136363636	5.73394257784	157.0	0.954148	0.786050814049
10317.000006036	281.486486486	6.24348711247	185.0	0.974284	0.828996266516
10317.000013902	367.384615385	5.99504709553	192.0	0.961198	0.790385858198
10317.000015295	276.058823529	4.67656404913	134.0	0.879744	0.661832015289
10317.000006795	308.571428571	6.09789501394	200.0	0.96214	0.797751143212
10317.000002141	194.37037037	4.88975899606	131.0	0.911954	0.695217534192
10317.000006017	207.0	4.8057541967	123.0	0.897786	0.692220980309
10317.000021323	281.5	6.16571177631	177.0	0.973914	0.825661148671
10317.000017174	269.454545455	5.30313315383	150.0	0.918868	0.733609927277
10317.000014451	213.25	5.22051136426	137.0	0.936122	0.735487146753
10317.000013984	275.454545455	5.87862978715	156.0	0.968386	0.806905317037
10317.000015587	208.882352941	4.61679953696	115.0	0.884952	0.674429369205
10317.000003508	258.058823529	5.8400416332	172.0	0.956718	0.786403639797
10317.000036114	251.166666667	5.06687143986	132.0	0.934538	0.71927710943
10317.000010712	318.0	6.20056310789	186.0	0.973554	0.822447604998
10317.000013986	308.476190476	5.7224626295	158.0	0.95965	0.783493210817
10317.000014259	249.75	5.62231696825	161.0	0.949358	0.766932303521
10317.000006899	371.444444444	6.34129265763	199.0	0.977278	0.830378992385
10317.000003879	210.115384615	5.38365529077	135.0	0.952882	0.760745453507
10317.000003287	379.0	6.62592373107	223.0	0.981188	0.849379407001
10317.000013952	234.833333333	5.76053999728	143.0	0.961688	0.804559150063
10317.000010169	169.5	3.77355902384	72.0	0.847082	0.611605331176
10317.000001805	224.25	5.86195430646	148.0	0.96679	0.813092756021
10317.000012959	219.64	5.66442962147	144.0	0.964542	0.790026342023
10317.000005009	229.565217391	5.62670098175	150.0	0.956804	0.778370743915
10317.000033803	253.0625	5.25230566643	131.0	0.93802	0.746763796985
10317.000014237	278.260869565	5.73336192009	164.0	0.954562	0.77924857568
10317.000017185	337.216216216	6.17097617664	198.0	0.971922	0.808846208656
10317.000002811	181.636363636	5.06704511166	119.0	0.93993	0.734906314512
10317.000035361	209.136363636	5.33564425809	134.0	0.948964	0.755105704765
10317.000044399	213.724137931	5.23390414146	142.0	0.923642	0.732040455974
10317.000005987	283.105263158	5.90238527091	156.0	0.969648	0.810166013296
10317.000003922	345.142857143	5.79373465018	167.0	0.9637	0.784665043545
10317.000015542	161.05	4.69903663636	107.0	0.914636	0.697034732327
10317.000017114	118.555555556	4.9939650415	91.0	0.948888	0.767382088342
10317.000014222	165.75	5.15302792933	114.0	0.946836	0.754150574449
10317.000001882	309.675675676	6.10852564451	199.0	0.962684	0.799898639522
10317.000012004	321.0	6.1783250314	201.0	0.96621	0.807513173454
10317.000001702	325.97826087	6.05236657823	214.0	0.960462	0.781811327086
10317.000001732	314.535714286	6.23623064698	193.0	0.969516	0.821371871631
10317.000014929	228.0	4.79832795317	124.0	0.922146	0.689990293487
10317.000001151	246.2	5.84253870962	161.0	0.968268	0.796972439705
10317.000002262	341.181818182	6.20407861064	203.0	0.968272	0.809368131765
10317.000016752	187.526315789	4.58814573806	115.0	0.901476	0.670243576999
10317.000027295	314.857142857	5.87250069375	175.0	0.96443	0.788127004538
10317.000029188	279.111111111	5.60808524799	165.0	0.9514	0.761314138165
10317.000014392	237.260869565	5.36558347855	144.0	0.94825	0.748345830322
10317.000002512	235.5	5.11753326604	138.0	0.92608	0.719914983364
10317.000012242	243.027777778	5.90089041029	168.0	0.965466	0.798246351287
10317.000031519	245.666666667	5.4616165095	151.0	0.949278	0.754533174945
10317.000016177	276.736842105	5.41056161031	176.0	0.929926	0.72533161867
10317.000015329	269.777777778	6.03540462186	167.0	0.968246	0.817395223697
10317.000014318	367.368421053	6.11385754438	175.0	0.973872	0.820518631484
10317.000013609	227.647058824	4.5833218197	120.0	0.895262	0.66358685667
10317.000014317	259.896551724	5.35462977415	159.0	0.930534	0.732218716872
10317.000029154	240.785714286	5.69189035837	157.0	0.952552	0.780285988032
10317.000009529	274.0	4.8248582294	109.0	0.9281	0.712873349465
10317.000011955	211.75	5.31303865513	142.0	0.944472	0.743108611581
10317.000003266	209.03125	5.19072049851	142.0	0.925676	0.726000572014
10317.000016405	264.25	6.10640736649	157.0	0.975572	0.837111013265
10317.000010984	237.896551724	5.92284950287	157.0	0.970626	0.8119475579
10317.000010843	339.047619048	5.69536191622	165.0	0.957478	0.773162203685
10317.000008955	178.434782609	5.55702729991	123.0	0.965794	0.800434380891
10317.000027648	162.05	4.52186608572	108.0	0.882968	0.669421375895
10317.000015263	210.375	3.61815211597	81.0	0.802644	0.570699955728
10317.000014357	268.555555556	5.2224122408	142.0	0.921914	0.730433140292
10317.000017093	255.181818182	4.95299095261	139.0	0.910668	0.695748272392
10317.000010797	241.0	5.0701912358	136.0	0.936628	0.715374648075
10317.000014954	262.714285714	5.57627562476	151.0	0.95356	0.770373559586
10317.000014379	255.620689655	5.68732722775	165.0	0.950172	0.772071470991
10317.000005915	189.0	4.26526592372	99.0	0.852214	0.643390628708
10317.000001363	206.0	4.94449862303	150.0	0.870996	0.683998151666
10317.000013604	121.0	2.50821231877	59.0	0.556534	0.426375066059
10317.000014095	199.107142857	5.28558608937	138.0	0.938774	0.743556011027
10317.000012275	249.857142857	5.64808367597	156.0	0.958538	0.775260377711
10317.000006619	241.130434783	5.49821094389	145.0	0.955138	0.765777236865
10317.000011145	148.6	4.12074508275	109.0	0.806274	0.608840552357
10317.000011389	224.357142857	5.97455731263	159.0	0.966004	0.816990692885
10317.000023487	216.882352941	4.89050059948	123.0	0.906704	0.704427854737
10317.000002205	192.230769231	3.83449587751	98.0	0.811434	0.57969222655
10317.000011155	257.785714286	5.30206956202	156.0	0.92406	0.727766210119
10317.000006929	185.176470588	5.07572773746	116.0	0.937972	0.740119831342
10317.000013648	235.0	4.82406566135	117.0	0.897794	0.702155687252
10317.000012155	372.527777778	6.53221847679	215.0	0.980646	0.843063486363
10317.000013119	278.035714286	5.83750323859	168.0	0.962454	0.789671615101
10317.000006654	266.107142857	6.04699058143	167.0	0.971116	0.818964349316
10317.000002071	284.0	5.25394799995	165.0	0.92574	0.713238960656
10317.000011049	283.75	5.97770669828	165.0	0.967564	0.81149134187
10317.000004159	194.565217391	4.89369509606	130.0	0.895996	0.696872511716
10317.000002568	186.25	4.62853812767	100.0	0.897896	0.696664406251
10317.000008957A	279.7	6.02759033089	177.0	0.96615	0.807165066562
10317.000002749	257.884615385	5.99667517508	165.0	0.966182	0.814066368626
10317.000001127	225.322580645	5.49136945331	154.0	0.946194	0.755680578005
10317.000017661	266.0	6.09798816628	171.0	0.973324	0.822069211277
10317.000002201	98.5	3.59673895151	67.0	0.828286	0.592925497562
10317.000011298	292.909090909	4.74793912381	121.0	0.909326	0.686231099097
10317.000001939	277.214285714	4.70211635821	124.0	0.882314	0.676155251928
10317.000001726	213.09375	5.40656322401	154.0	0.930792	0.74401018851
10317.000012381	280.5	6.19718069832	171.0	0.97418	0.835441347194
10317.000009447	212.12	5.06254651395	134.0	0.926516	0.716456639238
10317.000029245	396.516129032	6.05240643411	196.0	0.970166	0.794830867887
10317.000014958	261.0	5.60057326812	146.0	0.953862	0.778958265567
10317.000015364	378.434782609	5.7169221822	176.0	0.95515	0.766401848623
10317.000016484	250.352941176	5.1214918459	128.0	0.93985	0.731641692272
10317.000010908	268.5	5.74072576185	162.0	0.949442	0.782131209711
10317.000003125	180.0	5.12066893429	131.0	0.908078	0.728047912541
10317.000001524	245.323529412	5.11039130775	157.0	0.924394	0.700569842308
10317.000014949	237.84	5.11698789326	144.0	0.92808	0.713673837903
10317.000015933	243.181818182	5.93350088298	170.0	0.9663	0.800808181688
10317.000014012	298.045454545	5.58135891021	158.0	0.954548	0.76417393986
10317.000004774	263.75	5.19556857659	143.0	0.926792	0.725651109107
10317.000008954B	234.2	5.57823511353	151.0	0.945884	0.770644266853
10317.000017636	236.230769231	5.300724468	122.0	0.950772	0.764813931019
10317.000016703	261.6	6.03170931564	178.0	0.96889	0.80683846894
10317.000003365	162.285714286	4.9947813087	113.0	0.926626	0.732353408352
10317.000017216	338.303030303	6.55204612649	203.0	0.982104	0.854763078523
10317.000004163	182.24	5.05482384995	125.0	0.935002	0.725664712454
10317.000018338	267.617647059	6.19531279663	177.0	0.975604	0.829625072599
10317.000003411	120.333333333	4.41742751736	79.0	0.924196	0.700758432729
10317.000013697	281.0	5.15135137137	148.0	0.91291	0.714527317137
10317.000017161	191.4	4.59228321506	103.0	0.904748	0.686799200328
10317.000001072	222.038461538	4.9300376243	137.0	0.918878	0.694564009668
10317.000002773	155.875	3.96731705171	94.0	0.803414	0.605273212628
10317.000010748	301.0	5.68550218476	140.0	0.966082	0.797485830096
10317.000011956	194.454545455	5.16681122082	139.0	0.937558	0.725783675976
10317.000007641	261.076923077	5.78674274484	160.0	0.961358	0.790330452559
10317.000005007	224.052631579	5.09289157792	134.0	0.909438	0.720751103
10317.000012948	184.5625	3.93542321677	108.0	0.791	0.582603813241
10317.000017079	159.909090909	4.41104748066	89.0	0.912678	0.681165697705
10317.000009193	229.157894737	5.0138178005	136.0	0.905332	0.707420682522
10317.000012984	303.483870968	5.89569307693	180.0	0.964384	0.7869472347
10317.000015581	308.833333333	5.16766717593	142.0	0.938668	0.722776217055
10317.000014802	260.333333333	5.26688478263	142.0	0.945166	0.736653296207
10317.000020067	234.833333333	5.42315914351	152.0	0.942498	0.748235841687
10317.000017353	353.24137931	6.27818487675	196.0	0.973582	0.824481169379
10317.000001059	261.105263158	5.04787327317	134.0	0.935236	0.714380067547
10317.000017088	372.3	5.55482323272	163.0	0.952936	0.755889062181
10317.000013213	168.416666667	5.43995658194	129.0	0.948154	0.775892205995
10317.000004602	224.909090909	5.27350343592	118.0	0.94866	0.766203244611
10317.000014399	221.652173913	5.23694130108	134.0	0.944502	0.741137163701
10317.000005008	254.0	5.36990522238	149.0	0.931962	0.74383984903
10317.000010104	269.0	6.11464569528	178.0	0.968076	0.817932548257
10317.000010565	195.058823529	5.31151688167	123.0	0.938808	0.765071052799
10317.000027213	181.555555556	4.16764730837	105.0	0.863632	0.620717144972
10317.000007746	287.05	5.58713649997	152.0	0.954622	0.770859875406
10317.000027194	233.043478261	4.77515311253	134.0	0.916572	0.675784438014
10317.000015224	314.615384615	6.42089287954	190.0	0.976254	0.848218673084
10317.000013933	203.636363636	5.66683079911	150.0	0.95915	0.783922109786
10317.000018033	307.235294118	5.21088073694	144.0	0.930282	0.7267692111
10317.000006084	194.153846154	5.24822065772	111.0	0.953622	0.77243147328
10317.000023423	265.260869565	5.61744447203	151.0	0.95209	0.776061117654
10317.000002059	274.1	6.0732185667	174.0	0.970846	0.815969994948
10317.000005851	298.375	5.46376508996	160.0	0.95007	0.746219440993
10317.000003047	240.0	5.053187616	136.0	0.928292	0.712975535701
10317.000008982	179.260869565	5.31415771341	126.0	0.949564	0.761637453517
10317.000010765	206.291666667	5.07879545196	135.0	0.89989	0.717666778555
10317.000012072	174.12	4.87019265171	119.0	0.915218	0.706355529457
10317.000002005	226.926829268	5.90089920329	173.0	0.964418	0.793704677976
10317.000017183	271.5	5.6647427585	162.0	0.946452	0.771779090345
10317.000008976	207.357142857	5.14994499779	142.0	0.91912	0.720297503074
10317.000012228	234.03030303	6.00017602189	165.0	0.970874	0.814541618921
10317.000011224	245.576923077	5.19141235349	150.0	0.899434	0.718155009244
10317.000023828	281.541666667	5.7634024582	169.0	0.954916	0.778745621763
10317.000003149	338.888888889	5.40570453153	170.0	0.937456	0.729574748873
10317.000013029	239.541666667	5.07254608124	136.0	0.93092	0.715706903142
10317.000026111	178.666666667	4.29992833941	105.0	0.886272	0.640418693076
10317.000003536	300.111111111	5.84771442526	171.0	0.962202	0.788329831784
10317.000011012	338.037037037	6.07272024984	183.0	0.970186	0.808004627714
10317.000010259	196.25	4.97743758192	110.0	0.93741	0.733988136921
10317.000006637	327.657894737	6.12983984523	200.0	0.96871	0.801930294481
10317.000012113	183.083333333	4.13425141918	93.0	0.865662	0.632229853808
10317.000013079	180.0	5.3490250924	127.0	0.950544	0.765383664043
10317.000001488	119.954545455	3.21907309711	88.0	0.69491	0.498352376365
10317.000004162	231.913043478	5.70611145615	147.0	0.962674	0.792551547189
10317.000012906	270.05	5.03525745875	135.0	0.934144	0.711514577383
10317.000012976	288.538461538	5.85483130241	167.0	0.966272	0.792939569422
10317.000009533	158.25	3.88352004668	83.0	0.836312	0.609175847225
10317.000014309	207.12	5.4066639868	141.0	0.935814	0.757283437003
10317.000013778	330.5	6.20426181689	194.0	0.972058	0.816359601185
10317.000010732	317.0	5.34819304995	151.0	0.950168	0.738863498595
10317.000002371	275.035714286	5.59056056923	165.0	0.944928	0.758935111258
10317.000006021	214.588235294	4.91112578905	124.0	0.90859	0.706210404459
10317.000002329	223.0	5.64674151594	167.0	0.927718	0.764757267121
10317.000010761	250.636363636	5.81473592884	171.0	0.948736	0.783884003783
10317.000009129	267.04	5.72585800311	159.0	0.955988	0.782982311918
10317.000014323	281.724137931	5.59307600734	170.0	0.945672	0.754863126476
10317.000006894	429.153846154	5.59993447623	161.0	0.94913	0.76387913945
10317.000014241	199.058823529	4.80504433993	118.0	0.916244	0.698139407415
10317.000001685	236.25	4.80169293027	129.0	0.915098	0.684857694001
10317.000011302	219.483870968	5.07033243205	146.0	0.91214	0.705209479108
10317.000012231	233.25	5.0929607227	114.0	0.942778	0.745359681209
10317.000015577	305.666666667	6.12661992788	174.0	0.971586	0.823144758696
10317.000001579	246.037037037	5.59734482477	154.0	0.955242	0.770264104143
10317.000002202	266.896551724	5.97053184439	166.0	0.97096	0.809559311509
10317.000017662	276.555555556	6.00475565976	171.0	0.967398	0.80950054584
10317.000003432	204.352941176	4.73345692692	117.0	0.88757	0.688967343091
10317.000011116	470.260869565	6.19397673386	200.0	0.973034	0.810320940123
10317.000006737	303.363636364	6.08493523215	190.0	0.961592	0.803837688192
10317.000006841	250.085714286	5.95790987157	175.0	0.962552	0.79958946031
10317.000013563	233.483870968	5.11123314399	160.0	0.872074	0.698072021161
10317.000013295	266.620689655	6.01471263767	176.0	0.948892	0.806323181869
10317.000016699	348.53125	6.57567091224	209.0	0.979642	0.853167836032
10317.000017217	328.135135135	6.5926624304	210.0	0.981506	0.854608842213
10317.000016702	325.344827586	6.07546566443	181.0	0.97192	0.810078734403
10317.000006728	213.909090909	4.27494257874	98.0	0.874776	0.646278170847
10317.000002498	246.454545455	5.88144171798	169.0	0.953588	0.79469497762
10317.000013286	269.111111111	5.28579474266	155.0	0.932942	0.726457444684
10317.000022964	239.033333333	5.23674062261	149.0	0.935918	0.725393874346
10317.000002466	282.142857143	5.26276809071	150.0	0.92411	0.728026018639
10317.000017644	228.0	5.54190083627	148.0	0.953918	0.768699172491
10317.000017173	208.777777778	5.37734465094	141.0	0.943862	0.753176829401
10317.000013332	482.538461538	6.61783367696	226.0	0.977882	0.846250924534
10317.000002173	147.076923077	4.55488923798	93.0	0.908316	0.696555836852
10317.000011329	241.75	5.5667380356	144.0	0.957136	0.776401152659
10317.000007039	283.935483871	5.93932230531	182.0	0.960172	0.791087475076
10317.000002886	213.344827586	5.59783515962	146.0	0.958602	0.778577434508
10317.000006887	365.137931034	5.98665000659	191.0	0.960366	0.790063508672
10317.000009126	218.5	4.99835357997	130.0	0.910704	0.711776100747
10317.000022636	206.052631579	4.88725871994	125.0	0.913556	0.70160925464
10317.000014233	262.2	6.33296777829	177.0	0.978146	0.848058689739
10317.000023088	256.0	5.60337342	165.0	0.954564	0.760674493597
10317.000004974	346.434782609	5.98363173067	180.0	0.96389	0.798685138875
10317.000002414	110.0	3.66452946236	68.0	0.84551	0.601979766929
10317.000006027	312.555555556	5.55396064109	150.0	0.95359	0.76830819514
10317.000017098	347.260869565	6.05612153209	177.0	0.971638	0.810985729157
10317.000003841	156.5	4.52193964747	107.0	0.906828	0.670764932409
10317.000014559	235.647058824	5.10104268579	128.0	0.937934	0.728720383684
10317.000003761	222.64	5.88522503909	147.0	0.968358	0.817429565848
10317.000014799	265.625	5.98537163089	165.0	0.969562	0.812531879112
10317.000002208	254.022727273	5.93552554082	184.0	0.963608	0.788924923525
10317.000016313	284.0	5.54006407633	141.0	0.950982	0.775968096996
10317.000022899	345.615384615	5.4780867124	149.0	0.948776	0.758825160664
10317.000004793	295.916666667	6.04407628419	174.0	0.964286	0.812054570556
10317.000003837	198.035714286	5.29580877586	139.0	0.941208	0.743904005071
10317.000010285	188.176470588	4.7085391251	104.0	0.932412	0.702720914324
10317.000005848	196.777777778	4.62071133623	129.0	0.86904	0.659044582053
10317.000005907	272.916666667	5.55527460018	151.0	0.952324	0.767472226305
10317.000013421	244.538461538	5.82851926909	179.0	0.951452	0.778816507857
10317.000020072	202.0	5.14728614687	125.0	0.935046	0.738938493717
10317.000001477	172.0	5.12525341005	117.0	0.929758	0.745994371368
10317.000014132	353.888888889	5.89113339081	192.0	0.94603	0.776685895316
10317.000003382	331.038461538	5.85465079956	177.0	0.960928	0.784006434231
10317.000003221	155.571428571	4.38137857504	97.0	0.867954	0.663854005319
10317.000014607	287.0	3.74825671832	110.0	0.77652	0.552729375327
10317.000017125	380.341463415	6.47844299662	226.0	0.974286	0.828426437267
10317.000013826	252.24	4.88577781324	150.0	0.889476	0.675874997344
10317.000004872	172.476190476	5.24517533726	121.0	0.945518	0.758097848936
10317.000001118	329.303030303	5.99614826577	194.0	0.9608	0.788975925156
10317.000014293	226.75	5.38734981735	127.0	0.955304	0.770867489207
10317.000016721	325.0	6.50973811885	190.0	0.981558	0.859955388276
10317.000016763	272.25	6.12008393743	165.0	0.968032	0.830819472653
10317.000012173	133.526315789	5.12622649183	104.0	0.947736	0.765058221172
10317.000004641	226.2	5.4859936584	143.0	0.948114	0.766214000273
10317.000013509	233.888888889	5.68309059771	152.0	0.959202	0.784098707826
10317.000012951	328.25	5.71199945674	182.0	0.944866	0.760809229671
10317.000023799	287.5	5.80606828527	172.0	0.956128	0.781828883975
10317.000004705	256.576923077	5.16381036722	161.0	0.879554	0.704388066742
10317.000014605	250.285714286	5.81004477684	171.0	0.95711	0.783251590023
10317.000015455	277.545454545	5.52373344752	148.0	0.958418	0.766179232653
10317.000007651	140.166666667	4.00220440651	90.0	0.863012	0.616496452881
10317.000001827	319.315789474	5.21768931709	153.0	0.909404	0.718948667233
10317.000012872	220.071428571	4.98417629126	114.0	0.937256	0.729438975445
10317.000014666	286.75	6.25634959915	188.0	0.97177	0.828152229325
10317.000017146	226.84	4.80950124417	133.0	0.902896	0.681687981755
10317.000006636	280.538461538	5.89458050119	168.0	0.95662	0.797392774697
10317.000017276	166.1	3.22466268389	80.0	0.708138	0.510075824257
10317.000004161	269.473684211	5.67537101951	146.0	0.960084	0.789361544643
10317.000023299	177.272727273	4.82440135857	117.0	0.923366	0.702204548882
10317.000013733	228.607142857	5.39341093885	152.0	0.939814	0.744131467768
10317.000010304	383.620689655	6.32786425209	206.0	0.971668	0.823243845455
10317.000012034	160.333333333	4.77253321791	92.0	0.935788	0.731583949084
10317.000015874	359.8	5.48066055574	164.0	0.946952	0.74490272747
10317.000023823	207.157894737	4.09837829477	114.0	0.851882	0.599801589997
10317.000014391	383.689655172	6.25454670196	199.0	0.973512	0.819019791169
10317.000018411	163.05	4.34766414372	109.0	0.844144	0.642367869298
10317.000002963	152.076923077	4.43349298938	89.0	0.905988	0.68463179293
10317.000014646	291.677419355	5.46730721963	171.0	0.93704	0.737047172164
10317.000001793	319.285714286	5.64787825583	165.0	0.95158	0.766716156525
10317.000013214	227.0	4.50113672953	113.0	0.888692	0.65997340456
10317.000023154	218.375	5.20561949273	137.0	0.93529	0.733389118546
10317.000009222	213.076923077	5.7171296575	145.0	0.9646	0.796267694455
10317.000010738	260.464285714	5.86941136632	164.0	0.966566	0.797739705086
10317.000027198	179.142857143	4.56894475294	116.0	0.896836	0.666223011727
10317.000007734	365.058823529	5.69064139244	160.0	0.95935	0.777205309679
10317.000006818	141.0	3.61627737159	81.0	0.784484	0.570404247726
10317.000026639	433.1	5.83674957334	203.0	0.949618	0.761447330737
10317.000005041	182.0	4.59503006063	98.0	0.92356	0.694668423698
10317.000013312	204.09375	5.23543594953	145.0	0.93107	0.72917858484
10317.000001285	265.8	5.83673629431	180.0	0.950822	0.779077782126
10317.000018306	234.0	4.84086201692	116.0	0.912128	0.705872766396
10317.000017215	402.37037037	6.49760937137	204.0	0.98119	0.846878148924
10317.000016698	346.7	6.47535182837	201.0	0.978734	0.846334868687
10317.000009098	228.047619048	5.06446097113	138.0	0.898362	0.712448976145
10317.000012013	191.142857143	4.88803844878	123.0	0.914566	0.704073206476
10317.000014909	190.272727273	4.18960556616	92.0	0.874172	0.642226684499
10317.000014979	251.6	5.91100625684	168.0	0.968726	0.79961477826
10317.000014538	252.071428571	4.2625585081	117.0	0.841382	0.620426816053
10317.000004278	170.833333333	4.11581626041	92.0	0.847064	0.630915485763
10317.000009556	269.058823529	5.35377631217	139.0	0.946848	0.752046724011
10317.000022663	251.857142857	5.67275831973	158.0	0.952138	0.77668792579
10317.000001141	225.235294118	5.12534577071	128.0	0.936442	0.732192252958
10317.000002359	236.666666667	5.36179340096	135.0	0.950844	0.757656226509
10317.000004823	196.545454545	4.77857394515	124.0	0.90995	0.687149705281
10317.000014236	256.0	5.51975108183	144.0	0.947506	0.769847813013
10317.000001799	248.0	4.98756324042	143.0	0.892536	0.696599562453
10317.000023213	189.666666667	5.40479771291	127.0	0.948508	0.77336408139
10317.000013652	241.434782609	5.66159005836	151.0	0.955986	0.782159918138
10317.000010205	274.461538462	5.26547602475	129.0	0.938144	0.751006326414
10317.000005989	305.375	5.94298353593	167.0	0.96977	0.804878324013
10317.000011072	133.0	3.72723094691	70.0	0.875362	0.60810227503
10317.000017111	147.136363636	4.41851081147	108.0	0.886798	0.654120562341
10317.000011369	293.447368421	6.10544507099	195.0	0.960804	0.802573941078
10317.000013178	139.5	3.43887001995	84.0	0.699394	0.537969220317
10317.000013905	241.0	4.18135751433	101.0	0.85555	0.628000105609
10317.000012914	313.8125	5.57412182764	183.0	0.94	0.741663710311
10317.000003423	184.615384615	4.05140024111	105.0	0.805712	0.603403648325
10317.000013306	367.071428571	5.43871533366	147.0	0.943244	0.755411506686
10317.000002489	263.0625	5.49138860083	129.0	0.964164	0.783227871637
10317.000004759	225.153846154	3.7427208875	98.0	0.838976	0.565817847752
10317.000004734	296.375	5.95432253145	168.0	0.96412	0.805474412273
10317.000002687	247.9	4.77380960403	134.0	0.879834	0.675594303349
10317.000004158	216.052631579	4.89152262316	126.0	0.91463	0.701064408593
10317.000004157	199.37037037	5.15384057821	136.0	0.922514	0.727177086307
10317.000001321	311.235294118	5.56271936341	148.0	0.955188	0.771586843176
10317.000003022	231.933333333	5.71762006439	156.0	0.963288	0.784804996708
10317.000003757	228.37037037	5.45285894548	144.0	0.954064	0.760518268236
10317.000013103	168.913043478	3.76227049762	109.0	0.764696	0.555875891832
10317.000002087	235.125	5.26182142534	143.0	0.930064	0.734904466553
10317.000023258	253.181818182	5.21495219009	137.0	0.947438	0.734703947396
10317.000009214	331.6875	4.82679844371	144.0	0.892076	0.673200687977
10317.000013829	253.387096774	5.31360489875	159.0	0.930016	0.726608771294
10317.000016757	286.545454545	5.60317421491	157.0	0.951202	0.768124129793
10317.000003092	285.5	6.02951556469	170.0	0.970812	0.813766693735
10317.000014593	345.0	5.72106311447	167.0	0.953788	0.774822892123
10317.000006047	230.636363636	5.23217447438	139.0	0.935622	0.734965273758
10317.000001065	218.636363636	5.07425868367	127.0	0.940834	0.72606776684
10317.000010098	293.636363636	5.2294045948	150.0	0.921394	0.723410673127
10317.000009117	282.916666667	5.73996166685	161.0	0.957212	0.78298005042
10317.000006702	155.333333333	3.976748977	87.0	0.853132	0.617225493217
10317.000026135	279.538461538	5.92850709565	167.0	0.966862	0.802917730832
10317.000009624	369.0	5.61870667693	159.0	0.956998	0.768329906452
10317.000020358	212.052631579	4.9706791922	122.0	0.919964	0.717193416819
10317.000009075	375.714285714	5.66717835125	150.0	0.962892	0.783970188476
10317.000001765	270.552631579	6.12917771882	181.0	0.973816	0.817240488817
10317.000012996	218.565217391	5.51885785573	139.0	0.951784	0.775235782872
10317.000016353	297.6	5.48935660515	170.0	0.938906	0.740864755613
10317.000008949A	200.333333333	5.73306058536	156.0	0.956774	0.786924374678
10317.000005571	97.625	3.27603852459	66.0	0.728006	0.541996180246
10317.000004792	231.047619048	5.17552213774	132.0	0.936584	0.734700820261
10317.000011039	262.028571429	5.81442082085	174.0	0.951654	0.781199108135
10317.000006626	233.916666667	5.29329407443	139.0	0.944426	0.743550764132
10317.000017126	181.103448276	5.10276077916	128.0	0.93659	0.728965825595
10317.000014608	196.0	4.87594786681	137.0	0.893194	0.686943621812
10317.000013258	241.0	5.31107976819	145.0	0.929632	0.739714069023
10317.000015264	277.0	5.15496845536	139.0	0.92793	0.724120118807
10317.000007732	172.454545455	5.10886288587	119.0	0.93744	0.740971416686
10317.000027644	237.483870968	5.49109155546	164.0	0.922248	0.746320454414
10317.000007697	329.12	5.99499171861	176.0	0.965658	0.803679425605
10317.000004881	147.588235294	4.91910250594	104.0	0.927138	0.734146222169
10317.000006651	213.2	3.96696079525	130.0	0.749088	0.56490359105
10317.000023808	302.222222222	5.84524263036	170.0	0.964792	0.788896507249
10317.000004642	97.0625	3.10423013561	68.0	0.767768	0.50993824793
10317.000002345	232.454545455	5.3431907639	155.0	0.922634	0.73434571295
10317.000001353	269.454545455	5.45609946514	150.0	0.952188	0.754770550866
10317.000011077	356.230769231	5.19093825026	137.0	0.938978	0.731320764627
10317.000028759	138.0	5.07585766983	101.0	0.942586	0.762345516206
10317.000004631	330.777777778	6.12342041313	189.0	0.967416	0.809736063674
10317.000009433	230.125	4.76070843704	95.0	0.924802	0.724629081802
10317.000009061	335.285714286	6.27031543941	205.0	0.968888	0.816502596291
10317.000013995	346.551724138	6.1648491516	186.0	0.97441	0.817710477529
10317.000015155	219.217391304	5.41724506086	137.0	0.952368	0.763203800369
10317.000022965	237.441860465	5.85803555025	178.0	0.959384	0.783606799834
10317.000016701	362.551724138	6.33091776153	202.0	0.974998	0.826683589999
10317.000010714	273.333333333	5.8373795633	168.0	0.964078	0.789654884855
10317.000002529	211.03125	5.42615140098	150.0	0.939156	0.75062767975
10317.000021223	296.5	5.5875158474	154.0	0.95381	0.768911514891
10317.000012401	294.269230769	6.46632742287	212.0	0.976406	0.836748703728
10317.000022638	217.111111111	4.22283488601	97.0	0.862816	0.639831917025
10317.000013972	217.75	5.56949157825	144.0	0.95534	0.776785193309
10317.000017163	290.391304348	5.2955800517	153.0	0.942308	0.729681280164
10317.000001126	338.928571429	5.44299683149	146.0	0.944178	0.757041675624
10317.000009472	256.823529412	5.71293060229	173.0	0.940658	0.768421826534
10317.000001026	307.0	6.31081514404	187.0	0.97268	0.836213515053
10317.000010919	305.2	5.05504452845	159.0	0.899088	0.69125193981
10317.000014311	243.142857143	5.29670582888	141.0	0.941506	0.741882167022
10317.000005039	284.928571429	4.83498445001	127.0	0.916422	0.691830389652
10317.000001025	181.913043478	4.80638394696	122.0	0.881234	0.693488111418
10317.000004249	271.769230769	5.36708419088	131.0	0.949264	0.763082810419
10317.000017176	197.666666667	4.99817796557	116.0	0.928874	0.728811871763
10317.000002258	196.344827586	4.96118336647	129.0	0.920766	0.707605556878
10317.000013118	245.46875	6.07232729281	170.0	0.969208	0.819544729809
10317.000013431	299.724137931	6.40168129397	188.0	0.977726	0.847389767948
10317.000021159	277.12	5.59657323414	157.0	0.95539	0.767219219038
10317.000014197	345.107142857	6.22073498821	189.0	0.972766	0.822604544955
10317.000015541	264.571428571	4.61543252613	116.0	0.89927	0.673001650107
10317.000022661	230.0	5.63095434973	161.0	0.9521	0.768110516509
10317.000014258	337.2	6.00923640081	177.0	0.969872	0.804707259979
10317.000014324	193.55	5.04225430992	122.0	0.934104	0.727520617842
10317.000002369	183.0	3.83480033811	113.0	0.766716	0.562272685107
10317.000010757	241.125	5.76273190945	149.0	0.964674	0.798254243977
10317.000010305	279.363636364	6.377270142	186.0	0.978376	0.845886166055
10317.000002372	219.7	4.92980262918	146.0	0.880138	0.685663827929
10317.000013056	255.0	5.67002864404	153.0	0.957428	0.781276785386
10317.000013852	225.791666667	5.65177361094	147.0	0.960618	0.785004280784
10317.000012017	256.137931034	5.65315102221	163.0	0.952034	0.769269308044
10317.000021237	222.5	2.16226964694	72.0	0.46062	0.350453149177
10317.000016489	197.8125	4.01367840911	105.0	0.814602	0.597785469499
10317.000012355	320.681818182	5.84577074072	166.0	0.963416	0.792642642136
10317.000018409	285.6	5.41422493551	156.0	0.932766	0.743160744302
10317.000004077	192.166666667	4.36002156532	75.0	0.916652	0.699975674676
10317.000004294	295.714285714	5.76263605352	160.0	0.95992	0.787038055938
10317.000022993	294.344827586	6.00525063296	177.0	0.967914	0.804173518899
10317.000010847	263.368421053	5.54628719939	147.0	0.95825	0.770352723534
10317.000008963	178.090909091	3.79226361134	84.0	0.810894	0.593253332168
10317.000013372	185.9	4.8807009084	117.0	0.926242	0.710399099263
10317.000016407	267.5	5.7663714327	158.0	0.960652	0.789505001795
10317.000006657	207.0	5.48054260156	137.0	0.953986	0.772121418656
10317.000017327	316.391304348	5.79425243747	172.0	0.952202	0.780237795024
10317.000010764	199.12	4.95717635471	133.0	0.896842	0.702619122627
10317.000005805	278.517241379	5.68013734914	164.0	0.954488	0.772014570277
10317.000018032	220.777777778	5.87063563487	153.0	0.966582	0.808918547847
10317.000012988	126.769230769	3.9136823146	81.0	0.840298	0.617314654576
10317.000013732	168.636363636	4.26614981076	106.0	0.88664	0.634096351105
10317.000011093	310.176470588	6.36640722031	195.0	0.975842	0.83687797923
10317.000003078	322.441176471	6.59228469131	202.0	0.982536	0.860812567812
10317.000004979	216.384615385	5.36323030321	146.0	0.927164	0.745947311966
10317.000014188	250.75	5.43196770193	153.0	0.93023	0.748474219605
10317.000012921	231.25	5.47262948208	145.0	0.957598	0.762214314063
10317.000011223	501.09375	6.45696555939	235.0	0.974064	0.819774222946
10317.000013608	208.65	4.97352132865	126.0	0.91992	0.712816653936
10317.000009594	221.896551724	4.77848044419	141.0	0.894296	0.669297019985
10317.000022994	292.5	6.31711350862	195.0	0.977738	0.830398214364
10317.000002494	153.555555556	4.24328200169	101.0	0.82275	0.637300574288
10317.000005887	259.058823529	4.90200260052	129.0	0.917144	0.699164699979
10317.000009427	136.9375	4.32360132641	93.0	0.875256	0.661186163436
10317.000004078	273.714285714	5.23049162126	152.0	0.922898	0.721653412173
10317.000014803	215.8125	5.21266922975	123.0	0.937136	0.750833034017
10317.000002244	243.137931034	5.53001012774	155.0	0.945638	0.760021382225
10317.000002506	225.066666667	3.91576662064	111.0	0.83859	0.57632130527
10317.000028817	321.05	5.70557109955	167.0	0.951202	0.77272475624
10317.000027879	356.368421053	5.62607486717	164.0	0.945732	0.76466668039
10317.000002325	279.3125	4.237348393	124.0	0.847864	0.609322516058
10317.000026127	250.894736842	5.1966650898	131.0	0.942192	0.738852915381
10317.000031851	258.567567568	5.40109303107	171.0	0.933242	0.728120843631
10317.000036428	226.5	5.3236339142	144.0	0.943574	0.742495062797
10317.000042001	189.24	5.39885528627	132.0	0.951048	0.766404490548
10317.000026648	222.647058824	4.50259217434	122.0	0.85254	0.649655578482
10317.000027761	302.029411765	6.27050916255	192.0	0.973222	0.826702724232
10317.000030744	251.9	5.20936211931	138.0	0.930706	0.732833114802
10317.000039842	213.0	5.6466172901	136.0	0.964218	0.79670502923
10317.000041636	154.555555556	4.91539490684	109.0	0.91887	0.726250153804
10317.000021239	165.75	5.01455660246	114.0	0.939888	0.733885163096
10317.000036165	343.8	5.93550735071	180.0	0.966446	0.792261577261
10317.000027762	132.153846154	4.50984513643	89.0	0.890336	0.696422294788
10317.000023342	334.153846154	5.11716263237	132.0	0.929302	0.726416288707
10317.000041617	306.5	6.15200561578	182.0	0.969402	0.819415808584
10317.000029227	220.052631579	5.42355683734	130.0	0.952606	0.772325942153
10317.000030751	194.0	4.41791429632	118.0	0.869454	0.641892113921
10317.000042989	192.875	5.06342410673	131.0	0.925168	0.719908941297
10317.000011074	266.260869565	5.76041540166	152.0	0.965736	0.794767247737
10317.000026658	260.884615385	6.10439643026	168.0	0.972122	0.825775745432
10317.000036106	129.230769231	3.82992070338	78.0	0.85717	0.609335818142
10317.000014136	290.956521739	5.79712185442	157.0	0.967366	0.794711891677
10317.000031222	228.055555556	5.33904022083	133.0	0.938172	0.756743655501
10317.000005898	345.64	6.32951180077	189.0	0.977148	0.836988745626
10317.000030756	201.285714286	4.21196387934	117.0	0.85216	0.613062632226
10317.000038402	275.5	5.32527591419	123.0	0.95409	0.767052904261
10317.000033785	366.043478261	6.15893134884	188.0	0.970992	0.815256987476
10317.000028955	390.115384615	6.17972538631	192.0	0.970706	0.814733808601
10317.000035491	302.25	5.89912824569	191.0	0.954082	0.778513184295
10317.000031319	231.333333333	5.46372109544	133.0	0.952494	0.774415644645
10317.000036399	117.0	4.00985701794	82.0	0.877832	0.63072343176
10317.000002326	226.333333333	4.96825629936	128.0	0.91136	0.709750899909
10317.000036934	126.071428571	4.50545060995	86.0	0.901468	0.70109943831
10317.000036101	263.785714286	5.58173395592	162.0	0.949812	0.760469758065
10317.000039907	309.5	6.54375191481	191.0	0.981734	0.863584741383
10317.000040048	222.0	5.631660369	155.0	0.951932	0.773991764752
10317.000043083	334.043478261	4.61938296374	156.0	0.868216	0.634060114317
10317.000036085	214.956521739	4.8347025837	138.0	0.903776	0.680127446012
10317.000042009	229.607142857	5.62876443386	153.0	0.946396	0.775590964113
10317.000040002	151.12	5.13943729062	115.0	0.943498	0.750777117836
10317.000036124	147.555555556	3.20461875622	95.0	0.65964	0.487776131968
10317.000040003	251.71875	5.79148705422	165.0	0.96143	0.786211475113
10317.000037487	240.677419355	5.4556727236	165.0	0.913254	0.740623687767
10317.000033728	224.772727273	4.73326598978	136.0	0.88902	0.667836445255
10317.000036081	194.045454545	5.36209761618	129.0	0.947552	0.764787307676
10317.000037612	180.217391304	4.59948412032	118.0	0.885196	0.668272942143
10317.000043003	201.5	5.33797178544	134.0	0.930844	0.75543509876
10317.000028718	272.3	4.69217410614	107.0	0.9202	0.696016774333
10317.000030771	159.666666667	3.42902800505	73.0	0.791548	0.55397822223
10317.000034241	252.387096774	5.64411122479	158.0	0.957206	0.772765697573
10317.000009144	133.090909091	4.27040258473	79.0	0.890878	0.677435138582
10317.000004765	256.307692308	5.80282697951	158.0	0.966102	0.794496327256
10317.000009566	212.214285714	4.27917924832	110.0	0.86018	0.63102083197
10317.000006675	331.59375	6.28802778879	195.0	0.974376	0.826574833673
10317.000031829	122.3	3.66991302592	89.0	0.759478	0.566717741711
10317.000033666	219.647058824	4.84038635267	119.0	0.923316	0.702032529188
10317.000031926	343.0	5.48504320376	134.0	0.964232	0.776248792779
10317.000027821	195.44	5.04570243642	127.0	0.927208	0.721981697925
10317.000013063	170.038461538	4.72195363156	115.0	0.902436	0.68979044545
10317.000010852	152.4	4.4320427991	95.0	0.901794	0.674602771099
10317.000016754	246.027027027	5.77618432526	175.0	0.942158	0.775200734293
10317.000014234	181.833333333	4.71855510267	103.0	0.912738	0.705683800291
10317.000022526	197.555555556	5.09415518247	121.0	0.936532	0.736270541529
10317.000033713	167.153846154	3.70249892071	91.0	0.750856	0.568932968142
10317.000009621	186.833333333	4.81875987143	116.0	0.900382	0.702649930767
10317.000001325	139.96875	4.27926891477	118.0	0.789758	0.62174790761
10317.000014018	312.8125	5.48794109071	144.0	0.95372	0.765411226702
10317.000013201	261.954545455	5.45622270079	149.0	0.94475	0.755796555424
10317.000010207	278.0	5.4079814368	140.0	0.95022	0.758558949609
10317.000006777	179.041666667	5.20669249995	128.0	0.941054	0.743813214278
10317.000014165	189.176470588	5.18652026687	120.0	0.937006	0.750919707656
10317.000002125	160.647058824	5.04723233407	110.0	0.940474	0.744280284085
10317.000014678	204.6	2.19340558211	72.0	0.56985	0.355499553333
10317.000002711	136.125	3.19430833717	66.0	0.71736	0.528474529306
10317.000021226	145.0	5.04270354037	108.0	0.938136	0.746526650334
10317.000013755	172.8	4.76965181896	114.0	0.913016	0.698043113394
10317.000016381	126.176470588	3.98035651639	87.0	0.848236	0.617785414222
10317.000001221	249.0	5.36655693239	145.0	0.93545	0.747440791396
10317.000009497	208.363636364	4.35859942148	97.0	0.900954	0.660402572837
10317.000002161	304.647058824	5.29427355445	137.0	0.951148	0.745879067969
10317.000043152	275.1875	5.21142403236	137.0	0.93641	0.734206886
10317.000039986	221.454545455	6.13408693934	166.0	0.97231	0.831736154965
10317.000006736	285.125	5.5506111257	160.0	0.952666	0.758080529304
10317.000023343	104.833333333	4.01773298258	71.0	0.893454	0.653316779455
10317.000036151	309.3	5.90344514102	163.0	0.965362	0.803328823318
10317.000038424	325.0	5.49843961259	159.0	0.934912	0.751883989695
10317.000036191	226.047619048	5.29549550459	136.0	0.943692	0.747163776827
10317.000005799	134.0	1.86514674418	39.0	0.450918	0.35288643455
10317.000016719	256.5	5.95512904272	156.0	0.96835	0.817405664619
10317.000016723	203.545454545	5.31241290757	131.0	0.94791	0.755309741275
10317.000004927	193.1	3.41278715446	85.0	0.79168	0.532466686533
10317.000016717	286.526315789	5.80636309361	152.0	0.966178	0.801106672609
10317.000009694	295.6	5.75359454485	166.0	0.953868	0.780144241723
10317.000002382	280.7	6.09534407563	178.0	0.969858	0.815350645113
10317.000001575	184.0	5.14497537279	131.0	0.927332	0.731503760212
10317.000001305	211.956521739	5.04799629595	135.0	0.916596	0.713314657803
10317.000012154	237.588235294	4.89363089784	119.0	0.929042	0.709754929837
10317.000010555	197.034482759	5.10762287752	136.0	0.916156	0.720656036148
10317.000001404	227.038461538	5.51666602173	142.0	0.956022	0.771588970843
10317.000001155	158.909090909	4.57832777145	95.0	0.886128	0.696868857459
10317.000006034	249.533333333	5.43485715066	152.0	0.950584	0.749849821288
10317.000013758	204.0	5.36746673121	119.0	0.956584	0.778478404429
10317.000001782	309.714285714	5.51996088003	173.0	0.944302	0.742466295694
10317.000015538	215.047619048	4.84622387923	125.0	0.919784	0.695718339987
10317.000014556	128.230769231	3.52931794085	77.0	0.794564	0.563178260171
10317.000010979	219.333333333	4.65610746157	121.0	0.900846	0.672958447349
10317.000013061	253.75	6.00164201631	165.0	0.970038	0.814740631995
10317.000005228	38.1	0.883526186359	29.0	0.20743	0.181871066858
10317.000002067	231.75	4.29590771295	108.0	0.864462	0.635970282491
10317.000010822	204.0	5.1458586425	110.0	0.945924	0.758824020533
10317.000012156	400.875	5.81936769811	182.0	0.962364	0.775110132468
10317.000008991	212.052631579	5.01992977003	122.0	0.93604	0.724299526231
10317.000001405	299.111111111	4.8732212603	109.0	0.93607	0.720018992755
10317.000010776	291.724137931	6.19300138222	180.0	0.971088	0.8266314492
10317.000013965	202.461538462	5.01505046256	112.0	0.934334	0.736710590234
10317.000003281	129.0	4.4299949063	78.0	0.917338	0.70480690846
10317.000018434	281.9375	4.81006985773	131.0	0.898404	0.683887469399
10317.000002882	167.833333333	4.80594472894	127.0	0.911606	0.687675141223
10317.000002184	145.136363636	3.64781194638	106.0	0.697972	0.542190112236
10317.000002272	177.833333333	4.54402072296	107.0	0.90191	0.674040343463
10317.000002126	257.473684211	4.83845033009	134.0	0.90971	0.684742323465
10317.000012202	148.235294118	4.70523151907	100.0	0.926532	0.708207911892
10317.000001794	211.217391304	4.83532610676	129.0	0.90514	0.68965473955
10317.000013182	322.291666667	5.90315586198	170.0	0.966338	0.796712700526
10317.000002276	243.84	5.00477214963	150.0	0.88112	0.692336101362
10317.000006839	140.157894737	4.1903709252	97.0	0.868268	0.634913070126
10317.000009198	293.869565217	4.99880586929	153.0	0.901592	0.68878858036
10317.000002793	179.04	5.3845160345	126.0	0.947412	0.771721371873
10317.000002922	282.625	5.05731430778	136.0	0.927008	0.713557788035
10317.000023223	367.125	4.69732450853	144.0	0.896386	0.655142767544
10317.000002709	218.5	2.87015857463	91.0	0.59849	0.441033980529
10317.000012211	233.235294118	4.4630777229	122.0	0.860868	0.643954244048
10317.000014897	161.125	4.40816703136	108.0	0.88749	0.652589259251
10317.000014594	164.25	3.55894849091	81.0	0.74164	0.561361623585
10317.000003838	161.6875	4.29279111729	97.0	0.879364	0.650431485981
10317.000016737	348.416666667	5.7210195937	174.0	0.953394	0.768650144515
10317.000011192	221.117647059	4.91092842779	117.0	0.93486	0.714798795731
10317.000003578	234.260869565	5.72956715207	141.0	0.968022	0.802510811852
10317.000013798	220.5	5.20390987101	132.0	0.937246	0.738730653459
10317.000015605	207.714285714	5.37024314469	129.0	0.952192	0.765949091229
10317.000009219	172.214285714	4.46445699839	123.0	0.848258	0.643060521509
10317.000007005	130.090909091	3.47489510034	76.0	0.76982	0.556167640047
10317.000004636	263.1	5.50545447482	120.0	0.963204	0.797095943335
10317.000003088	206.636363636	5.57288767603	153.0	0.936288	0.76789167078
10317.000006703	136.076923077	2.85532603153	73.0	0.686676	0.461293531725
10317.000007865	204.4	4.59575594903	109.0	0.908692	0.679023461611
10317.000017746	151.25	4.80265952567	100.0	0.928864	0.722872288094
10317.000002805	282.875	4.26260107424	104.0	0.83079	0.636167364166
10317.000010918	300.125	6.18137610558	175.0	0.97428	0.829580052532
10317.000014668	217.0	5.44789909688	130.0	0.956622	0.775792331294
10317.000026105	101.0	4.2075903035	71.0	0.897018	0.684189157983
10317.000001301	116.0	3.05533609501	72.0	0.672484	0.495198255132
10317.000026638	156.055555556	4.04559921614	96.0	0.861648	0.614369362877
10317.000003491	261.444444444	6.06534185414	172.0	0.965962	0.816741936153
10317.000004703	198.333333333	5.08473707764	125.0	0.930728	0.729959021103
10317.000009097	165.4	3.97516184032	109.0	0.807658	0.587330611811
10317.000018414	186.3	4.55390664664	96.0	0.915854	0.69156151552
10317.000012201	279.111111111	4.74926774946	150.0	0.886134	0.656990851866
10317.000005017	216.0	5.52724629936	144.0	0.956468	0.770893182041
10317.000009019	142.8125	4.07903059337	89.0	0.859746	0.629894765875
10317.000005885	248.12	5.08518557903	143.0	0.924342	0.710234212298
10317.000016414	137.272727273	4.52407984003	100.0	0.906448	0.680941867314
10317.000004864	202.166666667	5.67759389727	138.0	0.965436	0.798702168331
10317.000009221	215.545454545	5.58262265673	143.0	0.958438	0.77970991295
10317.000009105	203.8	5.14549664407	124.0	0.943426	0.739912480811
10317.000014563	204.217391304	4.65562885214	122.0	0.899386	0.671736443813
10317.000002035	135.545454545	3.11297508192	75.0	0.692556	0.499769737505
10317.000003732	209.083333333	4.87102128228	107.0	0.92883	0.722546189443
10317.000014667	196.6875	4.70631537403	117.0	0.88642	0.685016817319
10317.000013814	122.0	3.97312326068	77.0	0.876726	0.633996903338
10317.000018426	157.15	4.92250036871	112.0	0.929622	0.723114987403
10317.000015599	303.0	5.72540657658	153.0	0.964546	0.78890734527
10317.000002132	268.37037037	4.9637616751	160.0	0.877938	0.677930950806
10317.000003225	184.6	3.94666275999	90.0	0.856516	0.607940860865
10317.000009392	145.1	2.79044246133	71.0	0.666598	0.453749139127
10317.000009149	258.833333333	5.24133088411	136.0	0.941498	0.739521462265
10317.000013912	140.5	3.95179754974	88.0	0.826718	0.611787194764
10317.000012212	256.4	5.53647507393	157.0	0.948806	0.758980523391
10317.000007677	216.4	4.72758248031	110.0	0.924768	0.697143741082
10317.000017208	195.807692308	5.2138881335	130.0	0.947404	0.742468676139
10317.000013117	227.647058824	3.89054858502	120.0	0.734212	0.563285103646
10317.000012055	241.1875	4.92582936893	123.0	0.912898	0.709516611761
10317.000005026	126.125	3.71364886461	68.0	0.850436	0.610048711829
10317.000009033	185.055555556	5.52017624584	125.0	0.9541	0.792470168506
10317.000013524	363.076923077	5.95567530417	184.0	0.963842	0.791603144754
10317.000006092	245.666666667	5.54119892235	144.0	0.944812	0.772839174919
10317.000002274	114.111111111	3.74567784604	69.0	0.837684	0.613188646873
10317.000008999	107.769230769	3.14187485295	72.0	0.698382	0.509224156245
10317.000016761	331.066666667	4.94118568825	136.0	0.91696	0.69717271172
10317.000013277	224.461538462	4.28935965256	106.0	0.878802	0.637546130566
10317.000007693	149.260869565	4.92688085889	110.0	0.926374	0.726532888245
10317.000004025	66.6666666667	2.87158722745	44.0	0.76382	0.525986481384
10317.000010737	198.416666667	5.67750922993	141.0	0.956386	0.795219328176
10317.000001128	185.625	5.14564793522	126.0	0.931924	0.737486239858
10317.000003559	329.928571429	5.43144227275	137.0	0.957432	0.765203962065
10317.000014798	236.0	4.94917999756	132.0	0.912982	0.702570002998
10317.000020104	252.935483871	5.37127267268	161.0	0.93292	0.732687706324
10317.000017117	110.0	2.87150657217	50.0	0.70821	0.508784504001
10317.000009766	171.0	4.53558636918	89.0	0.915232	0.700397324493
10317.000014561	246.888888889	5.88363196235	165.0	0.955938	0.798720418579
10317.000004923	185.428571429	3.59639001929	74.0	0.804302	0.579179809804
10317.000014172	172.166666667	3.50733258096	108.0	0.715166	0.519228866482
10317.000002056	286.75	5.99090542251	168.0	0.96721	0.810423183946
10317.000002243	174.714285714	4.77285049872	104.0	0.902396	0.712318996886
10317.000010274	223.0	5.67503227953	156.0	0.960332	0.778959364088
10317.000003507	261.375	4.26575792562	102.0	0.858698	0.639311450784
10317.000017766	125.666666667	4.22959052239	86.0	0.869784	0.658172466252
10317.000001275	159.5	2.59440806822	86.0	0.575956	0.403719449362
10317.000003189	196.391304348	4.7016542947	122.0	0.900808	0.678377215253
10317.000009693	117.375	3.16331151956	63.0	0.731366	0.529222582855
10317.000022444	180.545454545	3.23079202884	78.0	0.77482	0.514015160261
10317.000016315	150.882352941	3.25865363294	90.0	0.698144	0.501960470236
10317.000011315	224.157894737	5.37813220957	131.0	0.951398	0.764653598737
10317.000013913	159.25	3.30524617435	84.0	0.758896	0.517065401441
10317.000013498	132.75	3.94751717102	84.0	0.870908	0.617540855677
10317.000002589	246.714285714	5.39360611125	135.0	0.956902	0.762151569061
10317.000004086	273.323529412	6.32203513203	185.0	0.974892	0.839425697022
10317.000013551	150.0	3.16760582427	84.0	0.707654	0.495533249488
10317.000006766	239.545454545	5.51546438837	145.0	0.94963	0.768180253987
10317.000011962	175.25	3.30369534555	89.0	0.73092	0.510165432343
10317.000002199	130.230769231	4.06689568101	79.0	0.875908	0.64515182927
10317.000012052	272.375	4.89751879246	130.0	0.909012	0.697417014154
10317.000010263	214.913043478	5.14026920936	130.0	0.938788	0.73198518594
10317.000010556	157.875	3.73915377554	96.0	0.767508	0.567832204834
10317.000040007	166.894736842	5.22197688616	110.0	0.95115	0.770048649056
10317.000036451	259.6	5.80758824551	163.0	0.957406	0.790284811688
10317.000023129	185.214285714	5.43345551865	136.0	0.947732	0.766629136596
10317.000028914	200.8125	4.5371554424	108.0	0.912118	0.671684826868
10317.000038479	136.625	4.54495821098	95.0	0.910438	0.691789665091
10317.000026549	181.666666667	4.62471931213	108.0	0.912764	0.684647865808
10317.000042999	195.903225806	5.89972674661	148.0	0.969614	0.818332049242
10317.000041554	248.875	6.03467726338	169.0	0.971314	0.81540002311
10317.000037489	257.043478261	5.76327573796	149.0	0.967826	0.798329575161
10317.000031493	320.833333333	5.07902920213	131.0	0.921528	0.722127646954
10317.000023972	340.727272727	6.48170369159	219.0	0.976416	0.833682471546
10317.000039813	205.076923077	4.68730217741	107.0	0.895812	0.695294093535
10317.000012123	370.11627907	6.00649170612	215.0	0.958364	0.775211952351
10317.000009455	121.333333333	4.93690748736	92.0	0.938044	0.756780961171
10317.000018344	180.789473684	4.47524205898	111.0	0.896902	0.658664725124
10317.000010548	173.0	4.9731580927	91.0	0.945144	0.764184853342
10317.000010161	190.090909091	5.04245505805	96.0	0.95151	0.765753040735
10317.000023819	170.0	4.4343572313	101.0	0.862138	0.665998255355
10317.000008950B	147.583333333	3.64271719377	89.0	0.785692	0.562518088893
10317.000001067	57.4285714286	1.98514196993	33.0	0.645086	0.393534272494
10317.000009526	191.153846154	5.23090341189	108.0	0.949364	0.774387939135
10317.000013166	101.0	4.09239534495	74.0	0.881338	0.659058874264
10317.000010876	129.153846154	4.91234381584	91.0	0.9385	0.754840016847
10317.000010993	180.24	4.51820796082	123.0	0.854732	0.650802811769
10317.000015613	111.0	2.72959663053	60.0	0.699166	0.462103806791
10317.000018335	166.576923077	5.31488854498	125.0	0.948768	0.762999301699
10317.000015525	229.833333333	5.57554372091	138.0	0.958724	0.784346140301
10317.000001622	144.076923077	4.13538447476	81.0	0.889358	0.652284276896
10317.000012936	127.0	1.59537777704	53.0	0.401918	0.278526524537
10317.000009111	64.0	2.75744049137	45.0	0.714576	0.502096549745
10317.000002271	118.75	3.38383471484	72.0	0.780968	0.548440169701
10317.000002465	286.913043478	5.90521546196	163.0	0.966986	0.803569724996
10317.000001747	153.333333333	4.18978964329	85.0	0.876192	0.653695442365
10317.000002038	113.615384615	3.76131856109	73.0	0.847558	0.607661578339
10317.000013724	166.260869565	4.58775712837	113.0	0.909484	0.672674009532
10317.000023378	173.352941176	4.4256382575	107.0	0.868826	0.656480001523
10317.000012307	138.0	4.50233816493	96.0	0.871246	0.683730266412
10317.000020347	273.870967742	6.06614912967	177.0	0.968906	0.812328542125
10317.000020368	226.444444444	5.47737177902	147.0	0.950632	0.76078070177
10317.000010567	168.4	4.81017645421	112.0	0.922078	0.706614611591
10317.000020063	141.956521739	5.0181857141	113.0	0.920504	0.735785049301
10317.000010178	158.666666667	4.60323593637	104.0	0.89802	0.687005051909
10317.000011259	147.0	3.4495883108	82.0	0.732364	0.542596947425
10317.000005025	139.545454545	4.04462770308	79.0	0.866022	0.641619349507
10317.000013165	233.0	4.98151198607	137.0	0.907114	0.701815929802
10317.000016738	337.0	5.06482358311	159.0	0.887448	0.692589176401
10317.000001225	79.3333333333	2.3607294585	46.0	0.643206	0.427392591461
10317.000003137	152.260869565	4.49464845052	113.0	0.855076	0.659022068964
10317.000009642	103.176470588	3.36587191544	74.0	0.767686	0.542056074383
10317.000015394	89.0	3.38374191166	59.0	0.834608	0.57520775666
10317.000001086	93.2307692308	2.50334356573	62.0	0.628532	0.420433495175
10317.000001756	77.5454545455	3.72167245538	62.0	0.84901	0.625050344558
10317.000012999	154.0	4.63036725449	109.0	0.907218	0.684137285909
10317.000001248	237.884615385	5.04689904496	145.0	0.906638	0.702919630554
10317.000016739	213.0	5.00408238863	126.0	0.903534	0.717196736192
10317.000010559	231.066666667	4.99515430947	117.0	0.934678	0.727058098566
10317.000001654	161.058823529	3.27290066787	89.0	0.771362	0.505410036216
10317.000011375	114.0	2.57973604395	51.0	0.64982	0.454785367533
10317.000042586	332.035714286	6.12984655996	189.0	0.970794	0.81058583104
10317.000041282	124.142857143	4.884007853	99.0	0.922524	0.736724260422
10317.000001208	142.6	4.0534035834	76.0	0.896924	0.648759700665
10317.000027729	220.476190476	5.57542211313	139.0	0.957652	0.783181382761
10317.000013573	244.263157895	5.91379760562	177.0	0.952054	0.791926885526
10317.000010544	51.75	2.11868548834	29.0	0.604854	0.436124696754
10317.000005878	74.0	0.685391920907	32.0	0.143678	0.137078384181
10317.000012987	145.0	4.66771899168	93.0	0.925238	0.713810312077
