	chao1	shannon	observed_otus	simpson	equitability
10317.000002503	281.4	5.47518394892	150.0	0.94354	0.757410606538
10317.000013618	343.875	6.43400454719	188.0	0.979768	0.851668393014
10317.000031796	334.459459459	6.20629216597	206.0	0.967436	0.807427534028
10317.000026504	220.032258065	5.77143426121	155.0	0.960018	0.79320170186
10317.000007104	320.5	5.56077464133	143.0	0.956396	0.776658459317
10317.000007077	247.142857143	5.5989488212	145.0	0.960184	0.779807759542
10317.000016408	337.096774194	6.10046701857	190.0	0.969448	0.805889482469
10317.000005802	197.4375	4.52053379133	108.0	0.898942	0.669224141761
10317.000006952	214.772727273	5.5796296528	137.0	0.963636	0.786081210621
10317.000013023	282.055555556	5.74074937647	144.0	0.966654	0.800670770659
10317.000002645	217.157894737	4.51869962948	124.0	0.884372	0.649780280538
10317.000002027	226.322580645	5.67659171938	155.0	0.958212	0.78016694097
10317.000027353	441.111111111	6.27821223812	215.0	0.961782	0.810280843545
10317.000023798	279.551724138	5.82821833191	176.0	0.950976	0.781322040321
10317.000041962	321.117647059	6.34360390109	198.0	0.975294	0.831472982191
10317.000040352	243.0	4.02571168792	121.0	0.769972	0.581845824938
10317.000028811	231.130434783	4.80631760811	135.0	0.916008	0.679163889775
10317.000027772	373.684210526	6.76377455154	230.0	0.981202	0.862122634484
10317.000027617	306.565217391	5.488737514	155.0	0.946172	0.754349047417
10317.000039924	278.055555556	5.50553407231	140.0	0.961064	0.772242322156
10317.000039952	113.166666667	4.40958910313	71.0	0.906798	0.717035841871
10317.000026028	327.666666667	5.89716993881	176.0	0.965786	0.79056558734
10317.000001441	245.541666667	4.849167447	142.0	0.894944	0.678229224887
10317.000016347	435.12	6.06574991795	204.0	0.954904	0.790590934104
10317.000001595	291.5	6.05568025755	173.0	0.970656	0.81452361465
10317.000002146	220.791666667	5.59177704259	142.0	0.958668	0.782094380281
10317.000012158	324.5	6.35833813654	212.0	0.973398	0.822774790957
10317.000014313	135.666666667	3.89821502595	77.0	0.838218	0.622043690276
10317.000007749	211.44	5.40564864685	143.0	0.939744	0.754992428297
10317.000018083	163.363636364	4.54745465587	96.0	0.899788	0.69058170876
10317.000017335	326.15	5.66323746747	156.0	0.964606	0.77734039897
10317.000002578	250.666666667	5.78898186448	156.0	0.964184	0.794600173137
10317.000007719	187.142857143	5.03275139711	119.0	0.936634	0.729932475358
10317.000009676	192.857142857	4.25586672579	87.0	0.845926	0.660546957851
10317.000006716	251.166666667	5.75010527513	172.0	0.95492	0.774293061864
10317.000006802	355.045454545	5.52488883178	173.0	0.93667	0.743129133376
10317.000002898	301.869565217	5.60141299287	161.0	0.956952	0.764080821812
10317.000001647	215.052631579	5.52203393784	134.0	0.94998	0.781483758413
10317.000002878	232.3125	5.37755398185	159.0	0.924194	0.73535348709
10317.000009527	247.9	5.34423942063	134.0	0.9507	0.756322100753
10317.000017667	340.105263158	5.7452706341	161.0	0.963906	0.783704239131
10317.000009213	257.043478261	5.43144720118	149.0	0.948068	0.752364650553
10317.000031434	300.0	4.99987618153	142.0	0.917324	0.699308115092
10317.000027217	312.526315789	4.52697909844	142.0	0.83184	0.633166323616
10317.000001546	244.375	6.23173018927	163.0	0.97717	0.84800118585
10317.000009074	273.111111111	5.78482483355	159.0	0.966172	0.791045729697
10317.000027277	312.64	5.29059010165	163.0	0.926972	0.719932754432
10317.000001333	212.666666667	4.3235559319	76.0	0.90843	0.69199841429
10317.000023984	270.615384615	5.59237086422	161.0	0.947032	0.762847397835
10317.000021327	220.55	4.88788353562	126.0	0.92059	0.700542846096
10317.000028933	299.75	5.84362568597	161.0	0.961478	0.79712071261
10317.000015568	314.2	5.82679604575	168.0	0.96466	0.788223193419
10317.000006944	474.461538462	2.94447828962	131.0	0.59171	0.418640865049
10317.000002028	235.027777778	5.40292506353	166.0	0.917192	0.732596091699
10317.000003896	288.136363636	5.83686109875	162.0	0.95986	0.795228934713
10317.000011025	317.533333333	6.06809807072	187.0	0.968978	0.804052329468
10317.000017293	331.434782609	5.62360515048	165.0	0.954864	0.763421010773
10317.000031284	140.75	3.69371034842	79.0	0.818304	0.585951589367
10317.000020034	439.65	5.69616799361	177.0	0.956916	0.762783727048
10317.000037584	242.65	5.73793667301	145.0	0.965946	0.79916564417
10317.000031847	247.25	5.26554230469	140.0	0.936762	0.738579502619
10317.000013935	295.394736842	5.9651492966	190.0	0.963444	0.788013616803
10317.000014019	311.535714286	5.97447203961	181.0	0.9647	0.796612641055
10317.000023052	211.181818182	5.2047381526	128.0	0.93892	0.7435340218
10317.000015385	273.394736842	6.23857814239	186.0	0.975132	0.827489949303
10317.000017354	363.193548387	6.48856867922	213.0	0.973918	0.838889757704
10317.000023475	301.903225806	6.24428095409	184.0	0.975454	0.829963385769
10317.000003475	285.636363636	5.73343302607	180.0	0.947646	0.765289034949
10317.000017269	281.857142857	5.55425024361	169.0	0.94007	0.75048516753
10317.000014801	189.055555556	5.39420262019	121.0	0.951308	0.779637121764
10317.000009716	369.275862069	6.38286663115	202.0	0.977422	0.833467010611
10317.000013155	217.0	5.46572669397	150.0	0.946962	0.756102335386
10317.000015604	211.724137931	5.42415972654	140.0	0.950758	0.760828222649
10317.000009236	254.772727273	5.39275904405	145.0	0.938146	0.751090156774
10317.000041289	226.444444444	5.40508785784	147.0	0.941114	0.750740811382
10317.000030735	292.913043478	5.85362203595	169.0	0.959468	0.790936007856
10317.000022541	221.666666667	5.01327251254	135.0	0.906266	0.708407961715
10317.000034132	144.4375	3.38112730627	88.0	0.770918	0.523440374616
10317.000026633	292.615384615	5.70193974435	168.0	0.956054	0.771333185285
10317.000028715	150.647058824	4.64024492816	100.0	0.90394	0.698426455301
10317.000026126	139.3125	4.24734871932	93.0	0.887878	0.649525243538
10317.000033665	226.25	4.55559629248	107.0	0.88957	0.675757413285
10317.000028755	330.272727273	5.82926063811	168.0	0.958126	0.788556592571
10317.000026501	143.166666667	5.33271254727	112.0	0.937538	0.783375130037
10317.000016485	155.647058824	4.22598789705	100.0	0.85415	0.636074559162
10317.000001001	220.833333333	4.37916669811	106.0	0.87962	0.65089454129
10317.000013049	254.857142857	5.80690069063	161.0	0.961886	0.792111107953
10317.000002334	285.344827586	5.74107557383	168.0	0.956568	0.776627307174
10317.000006797	157.043478261	4.55147893888	114.0	0.893326	0.666113303367
10317.000013156	250.965517241	6.39047027948	177.0	0.977368	0.85575894932
10317.000001529	246.12	5.8426584374	155.0	0.967208	0.802990453704
10317.000002418b	312.483870968	6.1549141675	189.0	0.970786	0.813900668906
10317.000005849	175.058823529	4.10413633722	103.0	0.835478	0.613794363814
10317.000003282	191.84	4.53400502314	128.0	0.879674	0.647715003305
10317.000011341	274.25	5.58708434282	150.0	0.958808	0.77289036868
10317.000013355	336.59375	6.17271800322	200.0	0.967826	0.807539787506
10317.000006794	215.217391304	5.1720248868	133.0	0.928376	0.733071274479
10317.000009593	261.785714286	4.96683558811	160.0	0.868226	0.678350773695
10317.000028723	422.333333333	5.4650148149	169.0	0.943562	0.738427758749
10317.000002774	231.789473684	4.50676244976	129.0	0.853126	0.642792236733
10317.000001531	261.666666667	6.0824924169	167.0	0.97024	0.82377248275
10317.000018027	315.576923077	6.11610889729	175.0	0.973274	0.820820777387
10317.000001399	226.055555556	4.88948319652	121.0	0.928846	0.706688805493
10317.000001948	167.571428571	4.80446155228	100.0	0.925066	0.723143520125
10317.000001032	233.666666667	5.45273955739	132.0	0.956244	0.774053731947
10317.000016697	387.028571429	6.74260072229	225.0	0.983836	0.862911381479
10317.000011162	312.526315789	4.05298698931	142.0	0.76076	0.566871376228
10317.000005999	261.25	4.86909756753	137.0	0.915962	0.685978523431
10317.000001362	314.84	6.31366989336	182.0	0.977788	0.84094866681
10317.000010947	159.625	5.60722144083	122.0	0.96538	0.809036783206
10317.000002851	174.2	5.16906783515	130.0	0.930416	0.736086171043
10317.000035452	225.107142857	6.15775653622	164.0	0.971366	0.836930072986
10317.000005928	362.416666667	5.97140626174	188.0	0.95399	0.79043431469
10317.000027807	338.913043478	6.09861972991	180.0	0.969134	0.814033544371
10317.000031313	285.833333333	6.08653806322	189.0	0.964942	0.804858892611
10317.000014458	207.0	5.36656600039	130.0	0.945306	0.764210326669
10317.000016759	322.6	5.8185919686	180.0	0.957844	0.776655907929
10317.000014308	267.785714286	5.81824297574	166.0	0.957978	0.78891008379
10317.000010546	219.625	4.37386849466	109.0	0.882136	0.646239565115
10317.000015305	340.75	6.3350200456	206.0	0.97226	0.82417480142
10317.000014295	234.5	4.9467953845	126.0	0.91478	0.70898622941
10317.000011055	346.59375	5.82641608336	195.0	0.949442	0.765894978009
10317.000002818	285.0	3.68946004379	131.0	0.704044	0.524561091091
10317.000009667	246.4	4.60968099569	112.0	0.901762	0.677161841635
10317.000012254	233.5	5.05481157196	136.0	0.919136	0.71320466649
10317.000026037	272.533333333	6.01128172592	175.0	0.965486	0.806752303176
10317.000007037	246.444444444	5.52799698468	157.0	0.927518	0.757818284867
10317.000015594	326.027777778	6.41734246152	202.0	0.978628	0.837968822874
10317.000004286	217.772727273	5.30606117025	140.0	0.94214	0.744262944484
10317.000001351	235.647058824	4.92091968977	128.0	0.910948	0.70298852711
10317.000010115	215.2	5.33939893046	142.0	0.935422	0.746795493773
10317.000010981	276.129032258	5.80474208306	169.0	0.960382	0.784331393727
10317.000013028	306.052631579	5.70138604694	160.0	0.957294	0.778672772124
10317.000017095	417.956521739	6.28295064659	194.0	0.975944	0.826713513307
10317.000011048	304.625	6.05587964274	185.0	0.966848	0.80408616593
10317.000002079	174.714285714	5.04264876779	114.0	0.944648	0.737996478406
10317.000014937	272.037037037	6.0959164909	172.0	0.971102	0.820859031055
10317.000013653	198.6875	4.87421544464	119.0	0.913272	0.706938981126
10317.000021178	272.896551724	5.79465077215	172.0	0.954584	0.780291433656
10317.000006741	273.538461538	5.56230009525	161.0	0.951524	0.758745486783
10317.000014548	321.291666667	5.80160028297	169.0	0.961262	0.783906876597
10317.000013215	297.24	5.98260510107	174.0	0.962924	0.803795582272
10317.000010867	268.058823529	5.54923531467	138.0	0.961932	0.780645174454
10317.000026613	248.025641026	5.64758231729	167.0	0.957184	0.764871139686
10317.000006909	253.146341463	5.93269780652	178.0	0.96281	0.793594081611
10317.000011163	286.866666667	4.992544018	135.0	0.91086	0.705478890828
10317.000012276	323.615384615	5.81329833691	173.0	0.956398	0.781921860639
10317.000015003	260.476190476	5.36110767362	152.0	0.925668	0.739674570927
10317.000001613	268.5	5.68082852433	162.0	0.954308	0.773970656361
10317.000006029	229.666666667	5.69444441115	141.0	0.961158	0.797591351345
10317.000005024	286.486486486	5.96766399735	190.0	0.953848	0.788345816106
10317.000026632	298.565217391	6.01434928354	168.0	0.970502	0.813594565759
10317.000033799	135.625	5.021473256	94.0	0.952264	0.766100417529
10317.000029152	195.157894737	4.13184982151	117.0	0.782122	0.601401816374
10317.000022999	283.157894737	5.26653154674	141.0	0.93728	0.73765581152
10317.000037575	301.486486486	6.5409579939	205.0	0.978198	0.851744897982
10317.000027681	296.5	6.09470129463	178.0	0.967322	0.81526466278
10317.000021296	388.115384615	6.18223578866	190.0	0.972962	0.816691375441
10317.000028712	289.111111111	5.34774523487	160.0	0.939302	0.730373907742
10317.000027363	312.64	5.49139868384	163.0	0.943326	0.747258378401
10317.000033801	243.75	5.40304157639	146.0	0.938946	0.7514844809
10317.000011225	360.714285714	5.71682833149	170.0	0.956192	0.771565217811
10317.000011409	219.157894737	5.09681808457	126.0	0.93547	0.730487832
10317.000009475	207.555555556	4.93001938983	122.0	0.915006	0.711326825662
10317.000012928	258.588235294	5.34439779075	140.0	0.945402	0.749640290342
10317.000028841	316.285714286	5.80822938116	162.0	0.964524	0.791328076035
10317.000017357	299.034482759	5.63662386783	164.0	0.955942	0.766100445405
10317.000014534	227.785714286	5.28247284747	144.0	0.941578	0.736754268198
10317.000016715	426.833333333	6.30278039126	184.0	0.977624	0.837738883267
10317.000008954A	261.24	5.66632696791	159.0	0.95	0.774841741972
10317.000015912	184.058823529	5.02701078682	112.0	0.93439	0.738467561098
10317.000016725	222.357142857	6.14812693315	157.0	0.97676	0.842830236799
10317.000018358	213.55	4.61287856326	119.0	0.883368	0.669035603494
10317.000010102	225.75	5.28700038696	126.0	0.950828	0.757745202275
10317.000018415	194.111111111	5.32726629949	135.0	0.94558	0.752777322855
10317.000008949B	251.058823529	5.76203411209	165.0	0.95897	0.782213151217
10317.000010869	310.5	5.97128651619	174.0	0.95813	0.802274868743
10317.000014571	315.096774194	6.09290684739	183.0	0.970342	0.810690551578
10317.000011949	208.181818182	4.90973996137	125.0	0.910886	0.704836635867
10317.000010827	198.0	5.71185420462	141.0	0.96436	0.800029850993
10317.000014162	261.777777778	5.67461147545	159.0	0.957444	0.775974606752
10317.000010821	163.4	5.0469345789	106.0	0.925136	0.750147777903
10317.000016736	303.2	5.45308116626	157.0	0.948418	0.747548276186
10317.000001929	261.5	5.5836789253	152.0	0.955154	0.770382832188
10317.000003196	346.2	6.05684551369	191.0	0.965918	0.799327271974
10317.000028833	137.125	3.92637554204	67.0	0.884366	0.647266371919
10317.000004291	381.0	6.09968509307	187.0	0.97091	0.808237762631
10317.000035347	465.25	6.11912809752	187.0	0.97189	0.810814054714
10317.000031035	208.65	4.91895209498	126.0	0.902694	0.704995664343
10317.000016765	293.375	5.89911286869	165.0	0.964394	0.800821997344
10317.000004918	434.666666667	6.00049156495	176.0	0.97013	0.804416726599
10317.000001347	295.037037037	5.71949265707	169.0	0.955358	0.772812569954
10317.000005938	239.636363636	5.47257231613	160.0	0.941766	0.747422297134
10317.000003982	272.5	5.0326718308	154.0	0.89416	0.692558093267
10317.000001934	237.375	5.29101423546	148.0	0.919612	0.733899502102
10317.000015355	288.24	5.76984940527	165.0	0.957	0.783274100352
10317.000002418a	325.454545455	6.09937590511	167.0	0.974424	0.826059070557
10317.000026083	314.857142857	5.56648670832	175.0	0.938432	0.747057978196
10317.000016741	225.615384615	5.19330688033	138.0	0.94001	0.730574525263
10317.000009476	174.272727273	4.36145775786	114.0	0.874032	0.63830352147
10317.000003729	314.303030303	5.51565820315	179.0	0.9417	0.737011488164
10317.000017219	333.5	6.10648530935	184.0	0.971058	0.811648172105
10317.000003366	192.333333333	4.38520696358	120.0	0.89668	0.634903203239
10317.000004283	124.5	3.13925649647	65.0	0.757374	0.521266152108
10317.000003473	378.375	6.2375700485	211.0	0.967168	0.807860370143
10317.000016734	272.538461538	5.39583798546	151.0	0.951756	0.745445741124
10317.000007068	142.866666667	4.82730965864	96.0	0.931584	0.733080812247
10317.000011342	363.125	5.80464026953	181.0	0.946346	0.773967939732
10317.000026056	249.058823529	4.64397275851	119.0	0.91001	0.673545395677
10317.000012209	252.142857143	5.54630067552	150.0	0.94682	0.767248552355
10317.000016355	325.206896552	6.18614709529	184.0	0.973876	0.822236479399
10317.000015185	322.526315789	5.15081376591	152.0	0.91513	0.710660220643
10317.000003028	208.357142857	5.11489749035	143.0	0.909232	0.714383995153
10317.000012985	297.21875	5.97308695872	183.0	0.962654	0.79474793928
10317.000016755	297.538461538	5.89474676729	176.0	0.945398	0.790240740671
10317.000014327	247.884615385	5.35553350677	144.0	0.951058	0.746944145956
10317.000013249	243.1875	5.24718843314	125.0	0.949218	0.753280351316
10317.000008950A	144.666666667	3.78417893147	90.0	0.810724	0.582911978339
10317.000016716	228.666666667	5.90012498478	154.0	0.96802	0.811930411295
10317.000022662	440.714285714	5.69995067576	161.0	0.95819	0.77752220773
10317.000022443	253.0	4.9698374517	123.0	0.932118	0.715855537339
10317.000017074	227.12	5.19619023206	136.0	0.9423	0.733152377437
10317.000002511	194.0	4.66608702907	119.0	0.890886	0.67675277132
10317.000013821	190.0	4.84071288497	120.0	0.921822	0.700852694561
10317.000004819	183.473684211	5.02981757143	119.0	0.928284	0.729506963649
10317.000003594	310.8125	5.30779553397	142.0	0.946516	0.742375281986
10317.000001391	139.285714286	3.59937785647	90.0	0.806454	0.55444536453
10317.000017075	175.894736842	4.66893197339	114.0	0.889506	0.683302667496
10317.000010834	334.928571429	5.39155897006	142.0	0.939788	0.754090862228
10317.000014303	286.4	5.88786465755	155.0	0.969836	0.809203406869
10317.000015265	253.772727273	5.54646618187	144.0	0.959614	0.773573807363
10317.000003193	244.153846154	4.74881701596	108.0	0.91614	0.703019408457
10317.000014933	171.615384615	4.08034574154	92.0	0.867112	0.625478192592
10317.000013619	296.0	6.39822289638	194.0	0.976806	0.841881088539
10317.000005015	256.772727273	5.72213743322	147.0	0.965274	0.794777478633
10317.000022925	202.75	5.18433163253	129.0	0.94276	0.739432833036
10317.000003439	263.105263158	5.08923981416	136.0	0.93931	0.718062292269
10317.000016735	394.25	5.82761834603	171.0	0.96365	0.785620681233
10317.000011168	247.884615385	5.67042300461	155.0	0.957886	0.779319138702
10317.000004972	309.37037037	6.08817853911	174.0	0.971868	0.817979948726
10317.000009382	336.928571429	5.6804645999	144.0	0.965536	0.792262764081
10317.000006001	141.0	4.2871864609	98.0	0.892018	0.648129179046
10317.000027308	241.25	5.36453926237	155.0	0.915702	0.737279760978
10317.000003895	232.964285714	5.76168056265	154.0	0.96404	0.792878740882
10317.000001322	192.545454545	4.95515341595	120.0	0.93515	0.717421732306
10317.000002019	275.055555556	5.33039433845	137.0	0.945838	0.750967912817
10317.000026106	329.260869565	5.22794505567	159.0	0.920722	0.714895218156
10317.000008957B	331.333333333	6.09136393733	183.0	0.970366	0.810485259975
10317.000001047	172.461538462	4.78705160367	103.0	0.916536	0.715927798736
10317.000017071	171.416666667	4.14770560149	114.0	0.804798	0.607020688595
10317.000015262	177.416666667	5.19458400193	120.0	0.948602	0.752087199012
10317.000003981	270.619047619	5.27327769676	142.0	0.94742	0.737547441696
10317.000014334	318.848484848	6.11851740921	192.0	0.970036	0.806664160651
10317.000011378	197.037037037	5.4583640932	140.0	0.953994	0.765625951478
10317.000016718	235.125	5.67458443695	143.0	0.965812	0.792553967807
10317.000016714	312.034482759	6.36312134927	186.0	0.978002	0.844009458973
10317.000007748	203.875	5.0084533441	135.0	0.920692	0.70772698192
10317.000007073	315.217391304	5.57195775356	160.0	0.955534	0.760995967367
10317.000001247	321.714285714	6.34757503682	185.0	0.97813	0.842816828506
10317.000002036	158.125	4.76809296318	99.0	0.927718	0.719239171527
10317.000016742	335.3	5.54267668053	161.0	0.95094	0.756068684543
10317.000015627	316.333333333	5.7071137642	158.0	0.957206	0.781391714918
10317.000012112	233.5	5.50314419824	136.0	0.95888	0.77646180608
10317.000002437	159.555555556	4.74401806873	116.0	0.920754	0.691751416649
10317.000003731	315.333333333	5.43373264352	167.0	0.947892	0.735908756403
10317.000013171	179.115384615	5.34358994705	132.0	0.940126	0.758559197073
10317.000001487	188.0	5.59881402599	146.0	0.959786	0.77871358058
10317.000014306	224.047619048	5.11921529738	134.0	0.931184	0.724476462071
10317.000002064	304.0	6.13638978229	185.0	0.970396	0.814776122343
10317.000003492	262.9	5.33065839788	149.0	0.929388	0.738403374678
10317.000002336	261.555555556	5.28844374548	146.0	0.913106	0.735545589767
10317.000006074	198.166666667	5.53783304562	134.0	0.960054	0.783719663927
10317.000012061	195.125	4.54600832391	109.0	0.899658	0.671673244369
10317.000016756	266.730769231	5.71129296815	160.0	0.959636	0.780025820267
10317.000011018	391.714285714	5.96591165793	188.0	0.959256	0.789706994657
10317.000015261	245.473684211	5.50167854803	136.0	0.956892	0.776255011315
10317.000013458	280.756756757	6.20432704954	191.0	0.96904	0.818790541005
10317.000041935	188.777777778	4.10117838173	121.0	0.80657	0.592753208306
10317.000033721	344.44	6.04582322439	177.0	0.969138	0.809606664927
10317.000031491	264.307692308	6.17884134	166.0	0.976598	0.837804515829
10317.000017671	176.714285714	5.10935397542	116.0	0.942768	0.745023058398
10317.000036943	280.75	5.78020615282	162.0	0.959696	0.787510119491
10317.000036102	348.260869565	6.07665748486	178.0	0.968268	0.812851012008
10317.000028894	242.55	5.02857052227	132.0	0.931536	0.713840031814
10317.000040401	208.0	5.68204228885	138.0	0.963994	0.799327951025
10317.000040358	191.625	5.49139496502	132.0	0.950422	0.779541131852
10317.000031506	272.5	5.84246661859	168.0	0.957732	0.790343039192
10317.000016446	275.25	5.63072470818	168.0	0.94348	0.761699530221
10317.000028793	209.5	5.18595845018	106.0	0.949976	0.770811498918
10317.000042026	301.21875	6.20088367526	187.0	0.971618	0.821647063997
10317.000037582	196.636363636	5.44603490464	134.0	0.949922	0.770728299325
10317.000029202	202.8	4.57794053758	123.0	0.882574	0.659406693938
10317.000022618	284.37037037	5.99322518348	176.0	0.961936	0.803442606606
10317.000021229	162.0	3.20108587759	80.0	0.709544	0.50634645468
10317.000034121	113.25	4.32495010992	77.0	0.91013	0.690138411742
10317.000036071	286.0	4.70913114072	121.0	0.907766	0.68062208765
10317.000036166	311.571428571	5.65550839168	144.0	0.96255	0.788782084965
10317.000031593	339.272727273	4.75405270477	126.0	0.892626	0.681361899895
10317.000012263	148.5	4.3543213918	84.0	0.913128	0.681180408264
10317.000034194	352.730769231	5.73259346484	181.0	0.944114	0.76436150171
10317.000036131	287.535714286	5.74678658224	166.0	0.955866	0.779221133085
10317.000002347	254.2	4.87583728748	124.0	0.927368	0.701135986081
10317.000016767	217.56097561	5.7092354362	162.0	0.957996	0.777840886934
10317.000036109	166.272727273	3.90198267078	88.0	0.801914	0.604075234657
10317.000004973	271.333333333	6.13530343455	174.0	0.967638	0.824311435116
10317.000040395	236.047619048	5.29023336584	137.0	0.944014	0.745309869554
10317.000031379	326.315789474	5.61725681625	160.0	0.94811	0.767182734309
10317.000004737	275.625	5.4913479469	160.0	0.93032	0.749986598576
10317.000006666	217.434782609	4.71742053822	127.0	0.910672	0.675008352738
10317.000003969	233.882352941	4.94510609488	119.0	0.937122	0.717220710487
10317.000001749	306.625	6.02092423704	195.0	0.961874	0.791463494907
10317.000009507	327.323529412	6.24425407367	196.0	0.975072	0.820025214552
10317.000017356	184.176470588	3.98276569708	100.0	0.818952	0.599465970261
10317.000040348	293.157894737	5.51928059126	151.0	0.953772	0.76249958244
10317.000026595	224.8	5.79450705972	154.0	0.961034	0.797396074217
10317.000012335	310.0	5.20564025305	148.0	0.933034	0.722057552638
10317.000022554	305.375	6.07055991633	167.0	0.972918	0.822156423912
10317.000003718	334.59375	6.20365313771	198.0	0.96869	0.81312926458
10317.000006113	212.791666667	4.95871762506	134.0	0.909458	0.701762671175
10317.000006662	290.5	5.93110537047	172.0	0.966202	0.798666027456
10317.000013756	289.527777778	6.28350476812	195.0	0.971642	0.825980272838
10317.000001216	299.103448276	6.02671059857	176.0	0.970422	0.807931610166
10317.000010945	303.103448276	5.13238146295	165.0	0.916774	0.696735944163
10317.000016722	239.028571429	6.03148077781	166.0	0.972972	0.817823529482
10317.000016358	205.25	4.77670827168	129.0	0.91508	0.68129417257
10317.000035392	230.954545455	5.76867631745	145.0	0.965944	0.803446985906
10317.000043118	352.107142857	6.32509447025	196.0	0.972726	0.830641560839
10317.000006685	163.0	4.88187867552	98.0	0.9297	0.738033684103
10317.000005992	214.652173913	4.3117320567	127.0	0.840012	0.616959020181
10317.000012947	266.363636364	5.82548610447	173.0	0.961868	0.783561185052
10317.000012122	230.24137931	5.5113892986	154.0	0.949458	0.758435557138
10317.000004758	263.772727273	5.40726378339	141.0	0.947288	0.757367447406
10317.000042014	307.063829787	6.37402066158	208.0	0.975852	0.82774762155
10317.000014612	290.037037037	5.8305289156	164.0	0.966986	0.792455005678
10317.000027267	310.96875	5.9960521461	183.0	0.966672	0.79780356788
10317.000006625	180.352941176	4.78671730069	114.0	0.915452	0.700540662994
10317.000008951B	137.4	4.11865420128	88.0	0.879952	0.637618670565
10317.000006778	357.028571429	6.31411005719	204.0	0.976272	0.82296142038
10317.000012971	360.7	6.14593909053	199.0	0.969394	0.804797851919
10317.000017652	334.4	6.56276086496	218.0	0.9788	0.844825584793
10317.000015254	303.609756098	6.11022751208	197.0	0.964298	0.80165126882
10317.000001438	227.09375	5.81917806704	158.0	0.966992	0.796735042806
10317.000006803	285.4	5.58341550689	159.0	0.955418	0.763504016273
10317.000013299	294.0	5.63899084543	178.0	0.952472	0.754306035321
10317.000036039	249.352941176	5.05232655115	127.0	0.924498	0.722929532178
10317.000011026	248.285714286	5.58450621544	157.0	0.944446	0.765564983799
10317.000012993	259.0	5.76754353561	168.0	0.961864	0.78020777596
10317.000009218	326.12	5.78504080561	173.0	0.9595	0.778121061132
10317.000009419	333.64	5.91233373067	177.0	0.95984	0.791730855496
10317.000010693	290.517241379	5.95575518481	176.0	0.96784	0.798419435863
10317.000008951A	183.5	3.846014453	81.0	0.853382	0.606641237766
10317.000001669	210.954545455	4.97689301091	125.0	0.925646	0.714477050613
10317.000036068	366.25	5.6828157885	166.0	0.954604	0.770547173531
10317.000042981	284.333333333	6.03437838526	166.0	0.969514	0.818216423307
10317.000004075	258.689655172	6.12648928665	173.0	0.968448	0.824047833874
10317.000028776	400.5	6.42104825934	228.0	0.972528	0.819754681571
10317.000004011	187.555555556	4.72642833737	111.0	0.917462	0.695634242935
10317.000004285	330.75	5.9806934388	182.0	0.963184	0.796597899305
10317.000011964	288.525	6.050590158	195.0	0.966274	0.79536314429
10317.000012011	401.4	5.93083708911	183.0	0.964942	0.789126390985
10317.000026116	234.473684211	4.72967513032	125.0	0.893462	0.678986735311
10317.000015607	283.34375	5.97865464705	177.0	0.963486	0.800612004337
10317.000011031	240.896551724	5.58631634449	160.0	0.943442	0.762957006965
10317.000018035	385.0	6.06625935665	203.0	0.952736	0.791388586513
10317.000022498	310.222222222	6.17903562097	178.0	0.971372	0.82654574003
10317.000018398	210.315789474	5.62948974722	135.0	0.959986	0.795483458628
10317.000023929	282.2	4.91267377256	166.0	0.853778	0.666121695794
10317.000009558	264.541666667	5.31840302935	152.0	0.938572	0.733782590884
10317.000012391	382.90625	6.26905737674	209.0	0.97208	0.813385917187
10317.000040145	175.523809524	6.17850877451	153.0	0.978354	0.851340579893
10317.000002051	225.344827586	5.55288555261	158.0	0.935376	0.760275498959
10317.000016726	414.038461538	6.518006578	212.0	0.978582	0.843436033836
10317.000005927	293.125	5.65903466279	193.0	0.93488	0.745349579855
10317.000018369	281.772727273	5.65946428628	159.0	0.948798	0.773903304741
10317.000002191	382.636363636	6.29445466211	214.0	0.970818	0.813082930299
10317.000013539	318.37037037	5.93088086824	183.0	0.961998	0.789132216009
10317.000026622	339.090909091	6.1126450155	215.0	0.962514	0.788912348228
10317.000004289	254.022727273	5.93590324225	184.0	0.955496	0.788975126
10317.000014543	241.714285714	4.47289418946	130.0	0.889838	0.636949574353
10317.000018025	182.130434783	5.45071060436	131.0	0.947134	0.77497267023
10317.000011073	294.052631579	5.29958437117	148.0	0.946178	0.735088237956
10317.000001111	211.833333333	4.79155808937	120.0	0.899522	0.693735918217
10317.000013053	145.045454545	3.95036017669	98.0	0.849742	0.597208384009
10317.000010225	302.108108108	6.5549212269	201.0	0.981566	0.856734667531
10317.000003226	390.0	6.00761610307	188.0	0.964836	0.795227406947
10317.000013167	291.535714286	5.81892886687	170.0	0.962786	0.785345100161
10317.000018299	174.954545455	4.74499223867	117.0	0.913448	0.690646338636
10317.000010879	354.8	4.9117927104	127.0	0.918428	0.702820763927
10317.000013685	319.0	5.9443851553	187.0	0.958992	0.787659770108
10317.000020032	222.176470588	5.9440477307	161.0	0.967916	0.810819141661
10317.000013055	257.275862069	5.27604326467	159.0	0.92803	0.721472406564
10317.000003579	338.875	5.81501209964	183.0	0.948242	0.773715319233
10317.000001284	204.0	4.7722596024	141.0	0.87277	0.668425698877
10317.000013684	212.0	5.72435631563	151.0	0.96347	0.790831201319
10317.000006665	377.689655172	6.67720719284	207.0	0.984474	0.86790388152
10317.000002638	252.857142857	5.63282439066	159.0	0.95785	0.77026043287
10317.000002443	369.0	6.42347990478	213.0	0.977064	0.830474603465
10317.000017349	397.807692308	6.70864633163	215.0	0.98209	0.865833680428
10317.000005814	272.555555556	5.95895449537	167.0	0.968674	0.807041324968
10317.000001482	211.157894737	4.45649948986	118.0	0.88271	0.64749827325
10317.000020071	289.0	5.59855202259	129.0	0.963936	0.798512417104
10317.000004026	266.0	5.76648727846	171.0	0.94665	0.777379607762
10317.000013134	259.387096774	6.03823387375	165.0	0.97382	0.819708084731
10317.000004822	285.652173913	5.9424579471	165.0	0.966776	0.806706219775
10317.000009101	314.6	6.33357910136	195.0	0.976072	0.832562652092
10317.000013159	284.129032258	6.07904790013	177.0	0.970308	0.81405583883
10317.000018073	286.153846154	5.82759926201	188.0	0.957266	0.771398599769
10317.000021267	197.875	5.00214708225	129.0	0.926276	0.713448145384
10317.000016772	419.65	6.03905112366	182.0	0.9696	0.804370845645
10317.000009596	274.105263158	5.5963024937	147.0	0.953546	0.777299608323
10317.000009003	251.142857143	5.58760924957	174.0	0.936878	0.750725738101
10317.000006635	332.15	5.20973589912	162.0	0.916924	0.70978778818
10317.000017265	276.37037037	5.60155782377	168.0	0.946938	0.757753963122
10317.000001734	278.615384615	5.97181999694	169.0	0.966032	0.806906807273
10317.000001286	240.161290323	5.44718683314	160.0	0.937268	0.7439552482
10317.000014397	338.785714286	6.18671829545	186.0	0.97382	0.820611218102
10317.000010746	181.153846154	4.34369692272	98.0	0.900886	0.656672329563
10317.000010873	252.772727273	5.13825526517	143.0	0.92464	0.71764631283
10317.000016731	292.029411765	5.93506505021	182.0	0.958166	0.790520430385
10317.000016458	396.555555556	6.33985337009	202.0	0.971218	0.827850390965
10317.000009174	320.307692308	6.0747879031	183.0	0.967856	0.808279738922
10317.000004719	352.37037037	5.97983188274	187.0	0.965174	0.792356632854
10317.000018345	250.375	5.31620880648	136.0	0.938738	0.75008630388
10317.000013222	270.772727273	5.09550899938	148.0	0.92037	0.70678160201
10317.000003809	350.12	5.78658961307	179.0	0.95466	0.773213796985
10317.000004847	203.0	5.30432096926	133.0	0.937004	0.751822626202
10317.000002261	251.0	5.9636434711	176.0	0.96338	0.799476927464
10317.000014134	197.9	5.3034205077	129.0	0.938802	0.756418286628
10317.000016729	385.516129032	6.36291309174	206.0	0.975912	0.827803636939
10317.000014877	281.78125	5.93274963866	178.0	0.959484	0.793601014997
10317.000001652	227.0	6.03393459111	155.0	0.972874	0.829278645475
10317.000017083	219.0	5.64255172809	152.0	0.961462	0.778505540739
10317.000002606	360.0	5.38026659145	151.0	0.927314	0.743294522095
10317.000011357	302.7	5.87187405197	178.0	0.96366	0.785457922784
10317.000004813	288.228571429	6.16698003081	191.0	0.967568	0.813861821835
10317.000013453	220.1875	5.24687869561	149.0	0.928304	0.726798201307
10317.000016768	333.5	6.10858280156	184.0	0.970984	0.811926961889
10317.000013174	156.714285714	3.88950753587	103.0	0.808282	0.581695540149
10317.000016166	226.315789474	5.12995057684	130.0	0.92596	0.730515790888
10317.000003595	263.8	4.28706673914	136.0	0.855782	0.604880312626
10317.000012184	304.538461538	6.10019467073	183.0	0.96723	0.811660231514
10317.000011358	312.0	6.53246371091	207.0	0.979388	0.849090113104
10317.000013471	423.0	5.93982680677	205.0	0.956246	0.77346730896
10317.000001436	327.0	5.89709895721	169.0	0.9625	0.796810569336
10317.000009385	342.5	6.35504714781	200.0	0.97575	0.831392819283
10317.000006053	279.619047619	5.20483000505	151.0	0.925728	0.719057609029
10317.000002185	217.076923077	5.1181791913	119.0	0.934276	0.7423226207
10317.000016488	103.375	4.03650767086	78.0	0.84631	0.642203558389
10317.000001516	255.0	4.91805975983	129.0	0.893792	0.701454906633
10317.000011352	328.032258065	6.14358279422	193.0	0.965908	0.809169253651
10317.000004009	289.5	5.48463889908	153.0	0.948316	0.755731816731
10317.000013801	224.181818182	5.44696087493	141.0	0.950228	0.762927613526
10317.000003996	357.882352941	6.437234067	236.0	0.964936	0.816633967401
10317.000017339	243.888888889	5.703072589	157.0	0.951618	0.781818930047
10317.000010183	368.56097561	6.50899120153	225.0	0.976452	0.833014265724
10317.000012318	255.772727273	4.99226529177	146.0	0.89182	0.694351475601
10317.000007666	307.6	6.07116364535	178.0	0.967412	0.812116122306
10317.000006026	238.375	5.36868416541	124.0	0.959264	0.772006415377
10317.000002349	236.888888889	5.56153057276	150.0	0.953436	0.769355383068
10317.000015908	207.157894737	5.42845537339	129.0	0.95069	0.774251807227
10317.000001423	220.9375	4.53747711983	114.0	0.887498	0.664064123735
10317.000011036	310.954545455	5.70892378548	160.0	0.959796	0.779702246661
10317.000005845	238.677419355	5.91238556352	163.0	0.966408	0.804545417851
10317.000009118	265.1	5.79051737651	165.0	0.963962	0.7860798385
10317.000005576	283.714285714	5.86436196138	168.0	0.965324	0.793304944307
10317.000013584	231.117647059	4.87853363596	127.0	0.903424	0.698061774799
10317.000002801	325.0	6.3383321315	196.0	0.971876	0.832379993625
10317.000013265	345.171428571	6.04028870587	198.0	0.963256	0.79171665537
10317.000010833	279.214285714	4.7877747263	126.0	0.91314	0.686195018517
10317.000013238	148.909090909	4.78532537699	85.0	0.941486	0.746611561796
10317.000012983	294.903225806	5.52668913146	177.0	0.915886	0.740088518923
10317.000004915	273.75	5.77140692052	153.0	0.962368	0.79524576137
10317.000001099	443.840909091	7.04430466343	262.0	0.986238	0.876874610248
10317.000010881	227.75	4.86276250176	139.0	0.902982	0.683073852148
10317.000015856	334.108108108	6.1417973779	203.0	0.967328	0.801243082397
10317.000017324	329.538461538	4.23222084804	165.0	0.74318	0.5745364817
10317.000003061	351.416666667	5.83828827157	177.0	0.956938	0.781815299752
10317.000028859	333.333333333	6.00984919562	185.0	0.967118	0.797974346024
10317.000014922	263.516129032	5.93176071051	174.0	0.961662	0.796964361454
10317.000012903	303.363636364	6.17162965475	190.0	0.971952	0.815290274224
10317.000014684	261.025641026	6.22897310087	186.0	0.971046	0.826215928983
10317.000012991	297.636363636	6.48913811233	197.0	0.978224	0.851363683433
10317.000014121	259.333333333	4.95974756043	141.0	0.898052	0.694686166626
10317.000004736	396.416666667	5.35473813343	186.0	0.897828	0.710256710011
10317.000011248	295.6	6.29105676132	196.0	0.971568	0.826171566627
10317.000010962	317.285714286	5.79322182883	163.0	0.96096	0.788329858888
10317.000016773	250.774193548	5.84951051743	166.0	0.9644	0.793149727792
10317.000002348	265.736842105	5.31123343232	174.0	0.920102	0.713593141649
10317.000016354	396.25	6.56878889688	196.0	0.982996	0.862644674762
10317.000004922	160.045454545	4.64250480454	113.0	0.885492	0.680701317388
10317.000003091	273.076923077	4.91205705773	118.0	0.931574	0.713687608452
10317.000001965	241.0	6.36995270411	169.0	0.979834	0.860702131274
10317.000005454	218.75	5.10872990107	119.0	0.940238	0.740952129041
10317.000014369	439.523809524	6.69616519247	246.0	0.977748	0.843078748923
10317.000003086	244.875	5.71399766823	165.0	0.954612	0.775692062069
10317.000001528	324.848484848	6.427307796	198.0	0.976022	0.842444273621
10317.000002444	216.2	5.48303304284	149.0	0.946182	0.759510326888
10317.000015584	324.315789474	5.43388628677	158.0	0.938434	0.743982667898
10317.000023375	285.0	4.86661379814	162.0	0.861256	0.663039952618
10317.000015624	331.487179487	5.9344858121	202.0	0.956742	0.774917985155
10317.000020431	321.363636364	6.45366180263	200.0	0.977904	0.844293984921
10317.000006671	300.837837838	6.36116868253	195.0	0.976398	0.836189362125
10317.000009102	320.117647059	5.2804947766	148.0	0.928366	0.732440381926
10317.000015214	283.34375	6.07912437158	177.0	0.97106	0.814066079255
10317.000002172	322.666666667	5.5969201242	171.0	0.944496	0.754520275641
10317.000016745	227.176470588	5.10768873734	152.0	0.924172	0.704710239977
10317.000001189	263.5	5.66731062313	157.0	0.95282	0.776916418032
10317.000007678	204.117647059	2.94389610766	100.0	0.703192	0.443100516262
10317.000003358	252.5	5.67389526149	155.0	0.95569	0.779796351115
10317.000009231	293.791666667	4.79996885224	152.0	0.896238	0.66225398134
10317.000006653	147.166666667	4.92821599475	113.0	0.921172	0.722593354501
10317.000018318	308.277777778	6.11777606361	192.0	0.968318	0.806566421789
10317.000013859	266.037037037	5.75709143089	166.0	0.94943	0.780618393227
10317.000015928	287.375	6.37061684118	196.0	0.975244	0.836619775618
10317.000013757	343.941176471	6.36364738268	207.0	0.971146	0.827147354358
10317.000012298	282.433333333	5.43004922069	169.0	0.931994	0.733703239925
10317.000001731	336.25	6.28064531989	190.0	0.975808	0.829691561485
10317.000017171	318.636363636	6.02584126004	189.0	0.966376	0.796832595678
10317.000014587	196.25	5.05767694697	122.0	0.937872	0.729745869831
10317.000017343	281.34375	5.95407013303	175.0	0.96839	0.799074142936
10317.000002171	220.222222222	6.01913317972	159.0	0.969052	0.823086218736
10317.000016764	269.5	5.88359935441	165.0	0.965814	0.798715991955
10317.000016727	225.724137931	5.72625976581	154.0	0.961278	0.788004399709
10317.000002013	295.0	5.54974621388	179.0	0.93463	0.741566385257
10317.000013454	296.05	6.07488320834	161.0	0.974626	0.828666224067
10317.000016766	254.617647059	5.79209221919	164.0	0.961726	0.787230890866
10317.000001234	392.75	4.44133001546	136.0	0.835432	0.626645968373
10317.000001922	358.6875	6.18609812947	204.0	0.9649	0.806276744803
10317.000026623	369.738095238	6.36842492726	227.0	0.967232	0.813695198797
10317.000006761	335.731707317	6.63047129561	215.0	0.98156	0.85574422634
10317.000004076	251.75	5.91100882351	163.0	0.966838	0.804358073868
10317.000009532	350.032258065	6.57049312973	206.0	0.981662	0.854809429401
10317.000005846	245.37037037	5.98710970054	161.0	0.97186	0.816693164045
10317.000004821	418.24137931	6.48398634852	219.0	0.974668	0.833976068902
10317.000002712	324.666666667	5.55295911966	173.0	0.940888	0.746904747573
10317.000010832	251.55	5.25532276407	141.0	0.938866	0.736085855354
10317.000013734	476.2	6.50884138395	222.0	0.97948	0.835064679067
10317.000009659	229.677419355	5.56932383205	154.0	0.951356	0.766408067839
10317.000001116	311.833333333	4.8447319651	145.0	0.904516	0.674762299127
10317.000017292	351.666666667	6.5326632314	200.0	0.980686	0.85462926947
10317.000015862	270.615384615	5.78846360707	161.0	0.961736	0.789596131467
10317.000002446	192.807692308	4.26317079056	127.0	0.830198	0.61001046429
10317.000006678	262.130434783	5.55061073063	151.0	0.95257	0.766827903456
10317.000014224	316.391304348	6.30663017436	179.0	0.978636	0.842702487883
10317.000017218	338.5	6.17816370805	179.0	0.973796	0.825536583466
10317.000009661	223.447368421	5.91396639959	167.0	0.963656	0.800948435274
10317.000006729	210.2	5.51270659402	137.0	0.960418	0.776652814413
10317.000003476	334.416666667	6.47459073915	213.0	0.97439	0.837082587072
10317.000001811	233.130434783	4.4362108631	137.0	0.839242	0.624991661245
10317.000016749	301.433333333	6.19576758114	188.0	0.972102	0.820132995029
10317.000003214	214.076923077	2.85286540054	104.0	0.543044	0.425772862759
10317.000013686	198.526315789	5.42054953691	126.0	0.955054	0.776885777315
10317.000010845	389.714285714	6.26017819387	186.0	0.975594	0.83035499725
10317.000001311	349.5625	4.89099792683	142.0	0.902894	0.684079848571
10317.000003593	262.84375	5.82753665755	169.0	0.962736	0.787411375597
10317.000001435	205.875	5.16695993983	137.0	0.92109	0.727942601476
10317.000017205	285.516129032	5.94392298773	181.0	0.956148	0.792539350438
10317.000014551	256.3	5.56522902588	139.0	0.961036	0.781749556434
10317.000002781	156.2	3.91865303822	112.0	0.784052	0.575649879151
10317.000007675	247.5	5.86110069936	167.0	0.958544	0.793788655016
10317.000003216	208.869565217	5.49188729337	137.0	0.950432	0.773719705572
10317.000005238	308.391304348	5.36565676982	164.0	0.929138	0.729272014177
10317.000022448	294.15625	5.49367250647	169.0	0.945588	0.742299959589
10317.000001004	173.875	5.08009307226	112.0	0.944908	0.746265345413
10317.000014122	236.46875	5.59968122694	161.0	0.952692	0.763844594072
10317.000016728	385.285714286	6.40936980515	214.0	0.973656	0.827927034554
10317.000010773	190.034482759	4.32801633385	129.0	0.858156	0.617297967415
10317.000005553	327.035714286	6.15146226706	184.0	0.970164	0.817626318888
10317.000014054	304.609756098	6.10958451704	198.0	0.969782	0.800799441064
10317.000001779	234.64	6.00510789724	159.0	0.96559	0.821168331827
10317.000026081	249.037037037	5.31281379929	149.0	0.941512	0.735931538962
10317.000016769	242.8	5.41983196963	142.0	0.945566	0.758045267761
10317.000003372	281.714285714	5.87529640223	160.0	0.96799	0.802424761087
10317.000004738	324.285714286	5.9527367296	170.0	0.965604	0.803404325794
10317.000041976	388.807692308	6.42638844611	206.0	0.976212	0.836061667255
10317.000036427	272.107142857	6.09685278628	173.0	0.971434	0.820061555144
10317.000043092	285.636363636	6.13450832799	185.0	0.965652	0.814526307046
10317.000036069	194.0	5.13115877436	116.0	0.942316	0.748202536287
10317.000028711	324.05	5.60126644371	158.0	0.955096	0.766899587602
10317.000027901	376.468085106	6.66678718523	237.0	0.978774	0.845101301295
10317.000031057	264.473684211	5.35193672264	141.0	0.944134	0.749618072408
10317.000021275	306.555555556	5.29582480951	168.0	0.92331	0.716395753406
10317.000031439	367.473684211	5.60918677325	166.0	0.94414	0.760563631621
10317.000036437	386.115384615	5.9142755924	188.0	0.964372	0.782871934994
10317.000043117	278.037037037	5.53321365765	161.0	0.950432	0.754777846979
10317.000040144	192.083333333	4.48869023365	102.0	0.868066	0.672722436535
10317.000039994	235.37037037	5.47662531957	151.0	0.939678	0.756606671884
10317.000036067	334.25	6.39874974064	188.0	0.979898	0.847001718593
10317.000036877	308.885714286	6.22494836074	197.0	0.970544	0.816702445508
10317.000038417	338.625	5.56191153298	168.0	0.946672	0.752390788285
10317.000031891	249.25	5.91859313796	163.0	0.963916	0.805390131972
10317.000028719	239.047619048	5.56836627953	140.0	0.957716	0.781055579684
10317.000023341	275.0	5.08166102742	132.0	0.931264	0.721376592694
10317.000036901	290.0	5.12179717111	144.0	0.930816	0.714344594968
10317.000035492	355.24137931	6.20865792063	198.0	0.967278	0.813785254747
10317.000041632	207.096774194	5.11025225757	150.0	0.893474	0.706927712032
10317.000027775	356.285714286	5.77355129832	190.0	0.947154	0.76270296252
10317.000036094	221.647058824	3.98362491557	114.0	0.800898	0.583007323008
10317.000039831	243.137931034	5.39839262817	155.0	0.937456	0.74193242549
10317.000043164	158.25	5.11097347503	117.0	0.940294	0.743915888549
10317.000036422	343.965517241	6.21435022092	190.0	0.971932	0.82093378559
10317.000036939	238.0	5.22814013929	133.0	0.94629	0.741024925236
10317.000020388	363.41025641	6.55943966074	218.0	0.98081	0.844398045476
10317.000036147	382.384615385	5.95017154257	192.0	0.9499	0.78446947391
10317.000035412	257.078947368	5.96687865058	176.0	0.966508	0.79991063068
10317.000031272	121.0	3.81425470531	77.0	0.834572	0.608646023053
10317.000037565	300.884615385	5.56492823811	170.0	0.940394	0.751064194895
10317.000018298	235.884615385	5.3500006918	143.0	0.947052	0.747220227872
10317.000001764	312.375	6.08632827781	174.0	0.971874	0.817731356043
10317.000014232	255.27027027	5.76662196291	172.0	0.959284	0.776517152753
10317.000009677	258.555555556	5.3892520678	153.0	0.949152	0.74258840572
10317.000036045	295.913043478	6.05523689924	172.0	0.968418	0.815381231244
10317.000018424	235.5	4.60295366122	127.0	0.87602	0.658629465704
10317.000015901	163.05	4.96927097861	109.0	0.93547	0.734210349506
10317.000014978	302.5	6.01916919773	175.0	0.96857	0.807810852141
10317.000017133	286.4	5.55491896168	160.0	0.952994	0.758668876516
10317.000018401	361.023809524	6.64151350577	226.0	0.98158	0.849278966336
10317.000026136	314.882352941	5.78344981243	156.0	0.96292	0.793840839351
10317.000018408	163.045454545	5.08979358559	116.0	0.939652	0.742170850168
10317.000013197	281.9375	5.99798350258	173.0	0.971654	0.806763071257
10317.000001936	242.066666667	4.47558393897	116.0	0.900086	0.652609556975
10317.000009495	251.090909091	4.66417200963	106.0	0.925812	0.693256116972
10317.000033748	259.785714286	5.01313011212	158.0	0.875068	0.686374671553
10317.000006717	351.130434783	5.82196557451	177.0	0.95742	0.779629499103
10317.000001786	435.5	6.20500447606	188.0	0.973396	0.821355681677
10317.000022553	496.0	6.1795478643	211.0	0.969292	0.80034561314
10317.000009178	408.935483871	6.34632717054	212.0	0.973614	0.821220560933
10317.000034127	292.869565217	5.35003876462	152.0	0.942088	0.738147388298
10317.000005085	247.285714286	5.61418161622	142.0	0.96279	0.785227997911
10317.000009648	257.6	5.87698620545	174.0	0.958062	0.789605108346
10317.000013001	291.5625	5.78388374782	180.0	0.95175	0.772023112767
10317.000034147	317.526315789	5.24737349098	147.0	0.940802	0.728835041326
10317.000028856	230.161290323	5.28754299183	150.0	0.941878	0.731453259269
10317.000005163	165.25	4.28046507513	104.0	0.88245	0.63883345798
10317.000009628	248.025	5.80953931029	171.0	0.960904	0.783183448125
10317.000001789	297.4	5.9332830509	166.0	0.958062	0.80450865465
10317.000002346	230.526315789	4.93961051664	131.0	0.929002	0.702305337751
10317.000016762	332.913043478	5.72675252875	174.0	0.947156	0.769420395566
10317.000014291	302.344827586	6.1625243659	185.0	0.967234	0.818246213952
10317.000011191	266.0	5.73562294154	151.0	0.963308	0.792387708079
10317.000011969	217.75	5.55899496656	148.0	0.955154	0.771070244114
10317.000013764	268.516129032	5.61896867811	164.0	0.950046	0.763700844328
10317.000016333	237.0	5.83374861422	164.0	0.964678	0.792892610281
10317.000038478	299.037037037	6.27261013405	182.0	0.974556	0.835479716036
10317.000034126	231.444444444	5.68059752743	152.0	0.95134	0.783754737736
10317.000006036	376.129032258	6.27783440511	200.0	0.972798	0.821291537838
10317.000013902	368.774193548	5.96901011512	196.0	0.960064	0.783878865685
10317.000015295	262.333333333	4.71523316166	132.0	0.8942	0.669359647085
10317.000006795	329.454545455	6.04518847432	197.0	0.959626	0.793118259691
10317.000002141	192.033333333	4.9145275659	135.0	0.913498	0.694454659514
10317.000006017	187.84	4.77394043777	124.0	0.89236	0.686483415868
10317.000021323	304.833333333	6.21766652161	183.0	0.97572	0.827290426094
10317.000017174	251.307692308	5.46717327584	153.0	0.935768	0.753325217605
10317.000014451	206.535714286	5.2179735414	139.0	0.934344	0.732970464019
10317.000013984	226.136363636	5.91941758575	151.0	0.96905	0.817779303441
10317.000015587	179.615384615	4.4964926758	100.0	0.87488	0.676789585349
10317.000003508	350.551724138	5.99340689204	190.0	0.959026	0.791746527562
10317.000036114	232.125	5.09000701878	140.0	0.92887	0.713957772006
10317.000010712	297.535714286	6.11076373957	176.0	0.971764	0.819199645761
10317.000013986	322.833333333	5.70249969193	156.0	0.956794	0.782729562571
10317.000014259	275.625	5.63701078638	160.0	0.951088	0.769880653474
10317.000006899	331.533333333	6.23903417838	192.0	0.975456	0.822553068363
10317.000003879	230.047619048	5.27860965715	131.0	0.945162	0.750503653199
10317.000003287	343.028571429	6.527116279	210.0	0.979432	0.846112074609
10317.000013952	278.12	5.74221026788	158.0	0.962304	0.786196966457
10317.000010169	161.666666667	3.80027242928	75.0	0.848622	0.610111261558
10317.000001805	263.107142857	5.98890852977	164.0	0.967642	0.81398113476
10317.000012959	207.956521739	5.68898199306	141.0	0.965458	0.796826258718
10317.000005009	222.454545455	5.51260644668	142.0	0.954092	0.771021178028
10317.000033803	238.789473684	5.41434793079	136.0	0.948326	0.763933166503
10317.000014237	239.088235294	5.61793431227	166.0	0.946852	0.761749732265
10317.000017185	391.9375	6.23100895691	208.0	0.971958	0.809175733462
10317.000002811	200.391304348	5.19398488036	131.0	0.941234	0.738471847808
10317.000035361	231.55	5.40760374286	137.0	0.95171	0.761845491773
10317.000044399	228.666666667	5.35770273638	142.0	0.934562	0.749355557173
10317.000005987	261.0	5.9252948336	156.0	0.970388	0.813310597767
10317.000003922	293.5	5.74422152926	157.0	0.96397	0.787459927938
10317.000015542	178.058823529	4.66356183967	106.0	0.911312	0.693165424765
10317.000017114	136.769230769	4.9346968444	91.0	0.94595	0.758274825379
10317.000014222	181.4	5.30550177958	125.0	0.948888	0.761651748427
10317.000001882	298.181818182	6.07770407141	190.0	0.962504	0.802882430772
10317.000012004	339.53125	6.1788040941	200.0	0.964872	0.808335994385
10317.000001702	295.56	6.0407006193	210.0	0.959336	0.783057864242
10317.000001732	323.323529412	6.03584554585	192.0	0.964424	0.795764718055
10317.000014929	257.136363636	4.80866925402	131.0	0.920596	0.683688333969
10317.000001151	241.451612903	5.72364483271	159.0	0.96461	0.782679671986
10317.000002262	282.025	6.1641499469	199.0	0.964876	0.80718252542
10317.000016752	231.647058824	4.59936930318	124.0	0.899684	0.661380423832
10317.000027295	412.0	6.00725312516	198.0	0.965954	0.787386594218
10317.000029188	362.357142857	5.56113165441	182.0	0.945238	0.740714406949
10317.000014392	279.0	5.21991222138	137.0	0.945476	0.735402737036
10317.000002512	246.636363636	5.20081583449	140.0	0.932672	0.729500543341
10317.000012242	318.103448276	5.87998029656	180.0	0.962074	0.784849919099
10317.000031519	261.130434783	5.60800219152	150.0	0.958482	0.775784043234
10317.000016177	283.428571429	5.59423786404	179.0	0.937312	0.747511434079
10317.000015329	286.652173913	6.08898931264	166.0	0.971418	0.825621255225
10317.000014318	284.035714286	6.07549148947	174.0	0.972668	0.816275374502
10317.000013609	276.75	4.47366606982	114.0	0.882908	0.65472531543
10317.000014317	235.434782609	5.23760755542	145.0	0.9253	0.729481040743
10317.000029154	270.541666667	5.65001799042	158.0	0.95268	0.773574424702
10317.000009529	177.0	4.85365643893	108.0	0.926694	0.718539936805
10317.000011955	283.615384615	5.3814251331	159.0	0.941584	0.735882847573
10317.000003266	242.076923077	5.07252400812	141.0	0.921352	0.710482179867
10317.000016405	282.333333333	6.21661213156	177.0	0.976144	0.83247730345
10317.000010984	258.541666667	5.84593289655	155.0	0.968042	0.803440481627
10317.000010843	260.666666667	5.85605516425	172.0	0.96257	0.788559977011
10317.000008955	198.5	5.71023568049	131.0	0.968914	0.811871499729
10317.000027648	192.0	4.37466669551	107.0	0.873746	0.648919100892
10317.000015263	101.588235294	3.74373245522	76.0	0.806016	0.599195884902
10317.000014357	382.545454545	5.17305664809	137.0	0.927182	0.72880153085
10317.000017093	192.714285714	4.83321083701	122.0	0.908488	0.697358823687
10317.000010797	239.105263158	5.08201464656	133.0	0.935108	0.720313423739
10317.000014954	337.0	5.61072541112	157.0	0.956226	0.769159303035
10317.000014379	276.260869565	5.72604402422	162.0	0.95433	0.7801309321
10317.000005915	260.0	4.32471726474	101.0	0.864364	0.649531375798
10317.000001363	227.954545455	4.98538054374	142.0	0.878874	0.697280681458
10317.000013604	110.0	2.43737131938	56.0	0.540922	0.419704211659
10317.000014095	246.689655172	5.25431019744	151.0	0.936776	0.725893395944
10317.000012275	275.666666667	5.56142450064	137.0	0.958708	0.783516393789
10317.000006619	242.75	5.51978062813	145.0	0.955642	0.768781409198
10317.000011145	145.625	4.21996213171	108.0	0.823052	0.624727226081
10317.000011389	349.105263158	5.98142070489	170.0	0.966628	0.807275625816
10317.000023487	212.791666667	5.02810455992	134.0	0.91239	0.711582379502
10317.000002205	223.5	3.69350861719	96.0	0.790756	0.560900478444
10317.000011155	275.916666667	5.37428910984	154.0	0.932246	0.739568869918
10317.000006929	180.619047619	4.93436047623	115.0	0.929524	0.720819172843
10317.000013648	223.833333333	4.70150875199	109.0	0.890378	0.694648450217
10317.000012155	308.21875	6.47085160342	194.0	0.980234	0.851437606955
10317.000013119	326.941176471	6.05792334636	190.0	0.966846	0.800269339311
10317.000006654	244.357142857	6.04556559809	163.0	0.97072	0.822668286431
10317.000002071	245.142857143	5.1601824275	143.0	0.92575	0.7207088207
10317.000011049	284.75	5.95676828557	166.0	0.965182	0.807693076223
10317.000004159	210.730769231	4.96473736311	138.0	0.899366	0.698420240838
10317.000002568	134.4	4.54661998459	90.0	0.896724	0.700357804948
10317.000008957A	304.371428571	6.27846772432	195.0	0.972426	0.825318142551
10317.000002749	277.941176471	6.17201591482	185.0	0.97002	0.819506480608
10317.000001127	217.535714286	5.58926320386	150.0	0.95243	0.773191781835
10317.000017661	247.615384615	6.0234465509	160.0	0.973246	0.822658522843
10317.000002201	115.272727273	3.60621093434	73.0	0.816192	0.582603093195
10317.000011298	187.25	4.59414746305	113.0	0.90338	0.673610984165
10317.000001939	226.666666667	4.81622460963	125.0	0.882582	0.691411679262
10317.000001726	209.193548387	5.42148238595	154.0	0.929452	0.746063250322
10317.000012381	284.730769231	6.27185528138	178.0	0.975102	0.838961867661
10317.000009447	228.65	5.04500267803	131.0	0.924168	0.717289814209
10317.000029245	291.615384615	5.97204277112	167.0	0.970874	0.808813914339
10317.000014958	302.352941176	5.71767948289	152.0	0.95716	0.788870952736
10317.000015364	283.913043478	5.72444530251	160.0	0.958208	0.781822114111
10317.000016484	218.5	5.20061057147	136.0	0.941304	0.733776061752
10317.000010908	240.181818182	5.6920153981	167.0	0.944006	0.770888861828
10317.000003125	238.526315789	5.13205240699	139.0	0.903974	0.720901093935
10317.000001524	265.529411765	5.08029194115	163.0	0.916068	0.691315807923
10317.000014949	208.777777778	5.21576911266	141.0	0.9379	0.73054578015
10317.000015933	366.476190476	6.01474827759	180.0	0.968704	0.802838523428
10317.000014012	260.730769231	5.49815571409	154.0	0.950952	0.756614451697
10317.000004774	273.25	5.40942399544	149.0	0.93876	0.749313993725
10317.000008954B	224.666666667	5.42616850462	150.0	0.935878	0.750630045785
10317.000017636	203.157894737	5.24983556234	125.0	0.94546	0.753660370147
10317.000016703	256.171428571	6.1183031573	179.0	0.971486	0.817537916405
10317.000003365	172.368421053	4.87952134091	113.0	0.921802	0.715453563286
10317.000017216	319.588235294	6.66026954718	207.0	0.982906	0.865702325094
10317.000004163	223.44	5.20016807915	135.0	0.942424	0.734817518959
10317.000018338	300.0	6.20832820047	181.0	0.975302	0.827794103231
10317.000003411	134.235294118	4.49053663764	86.0	0.929232	0.698778654327
10317.000013697	267.625	5.24865470127	152.0	0.922018	0.724159380944
10317.000017161	282.333333333	4.42026815991	109.0	0.885576	0.653095120906
10317.000001072	318.125	4.94203290451	140.0	0.917212	0.693201952113
10317.000002773	141.045454545	4.08959808182	100.0	0.807472	0.615545846419
10317.000010748	215.375	5.56604886647	134.0	0.963912	0.787712795075
10317.000011956	252.884615385	5.27168399837	149.0	0.940524	0.730234234514
10317.000007641	256.24	5.73349206364	154.0	0.961368	0.788999653634
10317.000005007	202.714285714	4.96370222364	132.0	0.897732	0.704631532469
10317.000012948	206.666666667	4.07821169814	118.0	0.802146	0.592535697245
10317.000017079	150.363636364	4.40175899017	83.0	0.918306	0.690467727702
10317.000009193	218.157894737	4.63918320419	125.0	0.880128	0.665995818217
10317.000012984	333.136363636	5.82798760213	167.0	0.964216	0.789304036467
10317.000015581	184.222222222	4.94442152325	123.0	0.93152	0.712194626234
10317.000014802	220.64	5.39449680304	140.0	0.950014	0.756667506426
10317.000020067	336.882352941	5.34093526252	151.0	0.93285	0.737860820839
10317.000017353	366.75	6.29779784558	197.0	0.975184	0.826260171769
10317.000001059	206.2	5.18085663869	133.0	0.94217	0.734323067298
10317.000017088	238.441176471	5.45942175802	159.0	0.945398	0.74654849413
10317.000013213	164.384615385	5.41747399034	128.0	0.947074	0.773924855763
10317.000004602	204.0	5.31655120764	126.0	0.947414	0.761980494681
10317.000014399	282.055555556	5.37649069795	144.0	0.94909	0.749867076276
10317.000005008	227.2	5.40472614013	144.0	0.937612	0.753805114982
10317.000010104	264.5	6.15565418752	172.0	0.972078	0.828903141869
10317.000010565	243.043478261	5.46135648093	144.0	0.941156	0.761703432021
10317.000027213	174.0	4.08836682026	99.0	0.858466	0.616706424855
10317.000007746	243.75	5.70473869712	155.0	0.958182	0.784035343457
10317.000027194	251.0	4.81778254501	136.0	0.916442	0.6797612422
10317.000015224	284.666666667	6.51932436656	196.0	0.978582	0.856148756817
10317.000013933	252.473684211	5.55344868953	143.0	0.954412	0.775635263304
10317.000018033	220.666666667	5.2494292572	132.0	0.932408	0.745192442139
10317.000006084	188.4	5.1409498301	110.0	0.948346	0.758100152075
10317.000023423	265.260869565	5.60543049701	151.0	0.951064	0.774401363128
10317.000002059	241.37037037	5.87620247098	157.0	0.966734	0.805552841369
10317.000005851	249.387096774	5.44199614459	155.0	0.948628	0.747925109781
10317.000003047	257.0	5.15290104199	142.0	0.92991	0.720710950452
10317.000008982	261.0	5.35019760786	128.0	0.950162	0.76431394398
10317.000010765	233.526315789	4.96836957228	134.0	0.8874	0.703128624387
10317.000012072	292.3125	5.07127668869	137.0	0.920904	0.71446235089
10317.000002005	233.0	5.90033686906	168.0	0.964468	0.798171470679
10317.000017183	259.75	5.63383355146	162.0	0.943986	0.767567940659
10317.000008976	267.625	5.14229914487	152.0	0.916704	0.709485454336
10317.000012228	300.5	6.00088400815	176.0	0.968652	0.804469336934
10317.000011224	282.055555556	5.12287178414	144.0	0.901392	0.71449447283
10317.000023828	241.636363636	5.50606556822	162.0	0.944154	0.750160502742
10317.000003149	351.25	5.56990376431	173.0	0.946516	0.74918389915
10317.000013029	217.954545455	5.13345742635	132.0	0.934362	0.728729446332
10317.000026111	154.476190476	4.36100216329	103.0	0.892784	0.652209948323
10317.000003536	337.652173913	5.97134228162	175.0	0.966766	0.801392175313
10317.000011012	390.434782609	6.0584889481	188.0	0.967956	0.801961439206
10317.000010259	229.076923077	5.04465407973	119.0	0.93705	0.731658798377
10317.000006637	317.4	6.20986335189	201.0	0.97122	0.811635263038
10317.000012113	189.4	4.19523169147	101.0	0.86662	0.630083874977
10317.000013079	209.555555556	5.251994629	124.0	0.94294	0.755226685384
10317.000001488	111.428571429	3.09288680071	76.0	0.679158	0.495026037684
10317.000004162	191.0	5.64782825836	138.0	0.96214	0.794514852232
10317.000012906	224.916666667	5.02109608771	130.0	0.93664	0.715014681856
10317.000012976	261.0	5.90120514749	170.0	0.966578	0.796449424568
10317.000009533	109.214285714	3.70148892281	76.0	0.801676	0.592434677714
10317.000014309	244.44	5.64448740792	156.0	0.948954	0.774766751148
10317.000013778	393.222222222	6.0735795572	191.0	0.97019	0.801535678532
10317.000010732	288.034482759	5.42844929668	162.0	0.950336	0.739585862729
10317.000002371	281.344827586	5.50663042186	164.0	0.94482	0.748432415891
10317.000006021	184.3	4.85436264527	118.0	0.908644	0.70530501298
10317.000002329	320.103448276	5.67214122003	182.0	0.927356	0.755500315587
10317.000010761	314.15625	5.96072895503	189.0	0.952414	0.788222410846
10317.000009129	248.037037037	5.71543064307	156.0	0.956632	0.784504475027
10317.000014323	226.46875	5.34925805344	151.0	0.940126	0.739010630945
10317.000006894	339.789473684	5.6608336163	165.0	0.95133	0.768474884978
10317.000014241	252.066666667	4.8162570765	126.0	0.915908	0.690277175248
10317.000001685	273.0	4.93222978378	130.0	0.925584	0.702359932591
10317.000011302	261.04	5.17045781414	153.0	0.912872	0.712440608964
10317.000012231	204.125	5.20162416534	118.0	0.948478	0.755759688253
10317.000015577	308.277777778	6.25211060318	192.0	0.974008	0.824277061697
10317.000001579	295.391304348	5.50687986174	158.0	0.950398	0.753976611786
10317.000002202	369.0	5.9931552154	179.0	0.96942	0.800815438777
10317.000017662	300.111111111	5.85080727232	171.0	0.96352	0.788746778206
10317.000003432	220.5	4.55234290517	110.0	0.866912	0.671302378503
10317.000011116	357.903225806	6.27166773655	195.0	0.976138	0.824424269473
10317.000006737	294.5625	5.96175583015	183.0	0.956284	0.793240278141
10317.000006841	275.896551724	6.01345942485	175.0	0.96641	0.807044564246
10317.000013563	291.885714286	5.16833149564	180.0	0.871732	0.689860229396
10317.000013295	281.730769231	5.96588001627	175.0	0.947226	0.800659104504
10317.000016699	268.162162162	6.37713989429	187.0	0.978998	0.845001865096
10317.000017217	421.5	6.63196487153	218.0	0.981682	0.853734231097
10317.000016702	273.285714286	6.22473871902	183.0	0.975774	0.828231415964
10317.000006728	187.8	4.37329228318	108.0	0.880198	0.647426368208
10317.000002498	276.870967742	5.99979796142	180.0	0.956222	0.800842980271
10317.000013286	248.625	5.29346959822	148.0	0.934792	0.734240077543
10317.000022964	226.888888889	5.43409359419	145.0	0.950416	0.756847130802
10317.000002466	236.774193548	5.25338828772	152.0	0.92226	0.724812476114
10317.000017644	242.25	5.50701660645	156.0	0.949896	0.755897401545
10317.000017173	259.043478261	5.40257364058	151.0	0.941456	0.746376285265
10317.000013332	393.657894737	6.63974928824	233.0	0.976826	0.844302152328
10317.000002173	191.4	4.50942740696	103.0	0.90555	0.674407694821
10317.000011329	233.0	5.71999536565	153.0	0.958798	0.78816173114
10317.000007039	286.551724138	6.10493021229	183.0	0.96777	0.812290318088
10317.000002886	214.0	5.64631486924	151.0	0.960258	0.780049620403
10317.000006887	288.21875	5.87278892388	174.0	0.959914	0.789041180704
10317.000009126	274.545454545	5.07458487628	145.0	0.917012	0.706775644742
10317.000022636	245.166666667	4.78811474188	126.0	0.908002	0.68624375034
10317.000014233	274.028571429	6.31741233477	186.0	0.976682	0.837946579061
10317.000023088	290.0	5.71367955532	167.0	0.958916	0.773822911779
10317.000004974	325.64	5.98737579248	176.0	0.966062	0.80265844619
10317.000002414	126.111111111	3.73606503267	71.0	0.846118	0.6075152295
10317.000006027	277.772727273	5.58395480903	155.0	0.952264	0.767435312813
10317.000017098	339.434782609	6.00737858013	173.0	0.97064	0.808026762898
10317.000003841	191.058823529	4.5300767436	110.0	0.907688	0.668018942361
10317.000014559	223.545454545	5.07125262713	129.0	0.937104	0.723304557445
10317.000003761	292.125	6.02012151816	167.0	0.97022	0.815325381367
10317.000014799	268.5	5.85232762347	159.0	0.96727	0.800276397045
10317.000002208	245.263157895	5.86979796852	178.0	0.960228	0.785180213115
10317.000016313	203.166666667	5.56706120708	139.0	0.94883	0.782006923531
10317.000022899	378.789473684	5.65788350929	168.0	0.953634	0.765373452695
10317.000004793	263.40625	6.13409000148	179.0	0.96748	0.819647380968
10317.000003837	257.894736842	5.31437189811	138.0	0.943906	0.747605488372
10317.000010285	213.909090909	4.65426350909	98.0	0.930468	0.703623230462
10317.000005848	204.052631579	4.6353749464	123.0	0.874904	0.667679547926
10317.000005907	256.954545455	5.55305152592	144.0	0.952906	0.774492274996
10317.000013421	263.576923077	5.69301167166	168.0	0.94609	0.770125435107
10317.000020072	292.1	5.12616267821	121.0	0.93907	0.740896662126
10317.000001477	152.142857143	5.09681908127	115.0	0.928462	0.744551382492
10317.000014132	399.0	5.95361506131	197.0	0.949316	0.781103986476
10317.000003382	371.129032258	5.96769102442	195.0	0.961034	0.784465874136
10317.000003221	135.0	4.18523003848	84.0	0.851304	0.654728130923
10317.000014607	139.3125	3.74521502067	93.0	0.794618	0.572736513802
10317.000017125	402.75	6.5744980193	236.0	0.974004	0.834047410003
10317.000013826	318.05	4.78377523349	152.0	0.8805	0.660019740073
10317.000004872	192.058823529	5.19875793522	120.0	0.939918	0.752691513389
10317.000001118	328.344827586	5.95133984033	184.0	0.963172	0.791026893257
10317.000014293	222.047619048	5.40533300332	132.0	0.956528	0.767324046857
10317.000016721	298.037037037	6.46670633301	181.0	0.982018	0.862245228818
10317.000016763	269.636363636	6.00872657384	163.0	0.967814	0.817655306842
10317.000012173	154.0	5.18428888918	113.0	0.948998	0.760139714478
10317.000004641	198.384615385	5.36187974784	137.0	0.94222	0.755403706995
10317.000013509	226.677419355	5.62202712235	151.0	0.958292	0.776694219903
10317.000012951	310.576923077	5.50567349872	170.0	0.936422	0.743066946551
10317.000023799	224.166666667	5.70552363331	159.0	0.954456	0.780201689019
10317.000004705	257.857142857	5.13827501486	164.0	0.875106	0.698367474893
10317.000014605	268.84375	5.93572977799	175.0	0.962006	0.796612750451
10317.000015455	208.37037037	5.6443677413	145.0	0.962552	0.786133594526
10317.000007651	171.4	3.97324332565	93.0	0.857856	0.60760771231
10317.000001827	302.15	5.1347749081	152.0	0.901352	0.708447331817
10317.000012872	165.4375	4.95979979459	109.0	0.937206	0.732810980994
10317.000014666	307.363636364	6.25331810378	194.0	0.969448	0.822814449802
10317.000017146	202.0	4.80760794526	137.0	0.89505	0.67731561214
10317.000006636	275.5	5.88874996592	166.0	0.957316	0.79847030253
10317.000017276	156.25	3.24085772168	81.0	0.721938	0.511188390926
10317.000004161	326.117647059	5.78265764121	154.0	0.963216	0.795765447193
10317.000023299	217.772727273	5.01853357183	129.0	0.932112	0.715785323882
10317.000013733	338.047619048	5.37942668875	164.0	0.936942	0.731143549563
10317.000010304	403.913043478	6.21627102005	193.0	0.970568	0.818742995784
10317.000012034	151.0	4.75956791593	94.0	0.929386	0.726142863211
10317.000015874	310.555555556	5.62050595492	172.0	0.952148	0.756841580602
10317.000023823	165.894736842	4.01117255235	104.0	0.853194	0.598643181804
10317.000014391	334.0	6.21044427136	193.0	0.971564	0.817975556645
10317.000018411	158.473684211	4.17614074152	104.0	0.828758	0.623263683756
10317.000002963	145.647058824	4.44450580156	95.0	0.906406	0.676499769024
10317.000014646	309.2	5.38390372273	163.0	0.935868	0.732630682444
10317.000001793	266.757575758	5.64411394588	171.0	0.94972	0.760882470305
10317.000013214	206.8125	4.55883727694	114.0	0.89449	0.667190203191
10317.000023154	258.894736842	5.30378462354	139.0	0.94663	0.745024375024
10317.000009222	249.625	5.63081739305	149.0	0.959134	0.779981430976
10317.000010738	323.833333333	5.73448048238	157.0	0.962996	0.786124553939
10317.000027198	170.055555556	4.44638420929	110.0	0.888094	0.655677385823
10317.000007734	312.476190476	5.77368102962	162.0	0.96189	0.786621119961
10317.000006818	107.833333333	3.63656812333	74.0	0.79129	0.585650283398
10317.000026639	296.24	5.78951406305	173.0	0.948742	0.778722739831
10317.000005041	160.368421053	4.70992186745	101.0	0.929626	0.707385441218
10317.000013312	205.076923077	5.16086223172	137.0	0.928032	0.727083531238
10317.000001285	315.837837838	5.74493551536	190.0	0.943726	0.758922734145
10317.000018306	168.041666667	4.89801122749	117.0	0.912412	0.712918662604
10317.000017215	351.285714286	6.52529581251	207.0	0.981024	0.848158429143
10317.000016698	356.03030303	6.33053800101	203.0	0.974446	0.825865698438
10317.000009098	305.25	5.0882867335	160.0	0.892562	0.694938091109
10317.000012013	201.291666667	4.968220126	130.0	0.920714	0.707485033293
10317.000014909	141.5	4.04671131463	92.0	0.86179	0.620322354857
10317.000014979	266.730769231	5.79452827657	160.0	0.964526	0.791393769711
10317.000014538	268.625	4.17635338479	122.0	0.82954	0.602584282361
10317.000004278	156.5	4.11499137349	92.0	0.850176	0.630789038444
10317.000009556	224.0	5.46507006057	144.0	0.950698	0.762221370442
10317.000022663	263.5	5.65278914776	154.0	0.951914	0.777893930983
10317.000001141	264.625	5.26616749584	149.0	0.939702	0.729470087991
10317.000002359	249.25	5.54216252419	142.0	0.957456	0.775155041368
10317.000004823	200.0	4.75716796959	115.0	0.912088	0.694934611575
10317.000014236	190.25	5.3436084663	129.0	0.942878	0.762150230142
10317.000001799	218.833333333	4.86626513486	127.0	0.889868	0.696306294097
10317.000023213	224.052631579	5.46980682739	134.0	0.947952	0.774092525576
10317.000013652	258.541666667	5.62904105869	155.0	0.954296	0.773631777737
10317.000010205	198.058823529	5.17667688427	117.0	0.937232	0.753479195874
10317.000005989	295.869565217	5.69703501289	155.0	0.96238	0.782976581428
10317.000011072	79.0714285714	3.65815713402	61.0	0.877078	0.616813209861
10317.000017111	211.055555556	4.44297882623	116.0	0.885676	0.647855225815
10317.000011369	244.166666667	6.01747524259	179.0	0.956358	0.804065121548
10317.000013178	175.571428571	3.56863429002	95.0	0.717864	0.543183062577
10317.000013905	127.625	3.98058879362	86.0	0.83708	0.619424960776
10317.000012914	310.096774194	5.48170397986	178.0	0.937184	0.733266378541
10317.000003423	178.5	4.15608092986	105.0	0.820428	0.61899448254
10317.000013306	339.214285714	5.2843469313	141.0	0.934264	0.740151120214
10317.000002489	202.391304348	5.5230877771	128.0	0.964618	0.789012539585
10317.000004759	170.5	3.70588447372	88.0	0.838418	0.57371680552
10317.000004734	264.275862069	5.89846805902	166.0	0.960988	0.799788003025
10317.000002687	289.0	4.71752391852	124.0	0.880058	0.678370829347
10317.000004158	259.454545455	5.0206546489	140.0	0.921258	0.704229953694
10317.000004157	216.956521739	5.14797942026	140.0	0.920542	0.722089361304
10317.000001321	212.076923077	5.62375914957	144.0	0.95714	0.784353971407
10317.000003022	226.083333333	5.83827688656	159.0	0.966952	0.798355029372
10317.000003757	226.5	5.45958429955	135.0	0.955362	0.771474715524
10317.000013103	189.866666667	3.43092531967	98.0	0.72473	0.518681151634
10317.000002087	217.193548387	5.42073078173	148.0	0.933388	0.751892065434
10317.000023258	235.625	5.20761615657	135.0	0.949964	0.735869980664
10317.000009214	205.1	4.72181737661	140.0	0.879276	0.662313077681
10317.000013829	244.037037037	5.29799672745	152.0	0.929892	0.730967123722
10317.000016757	262.730769231	5.46697764187	156.0	0.940016	0.750401621989
10317.000003092	333.652173913	5.92123093809	171.0	0.967554	0.798240585966
10317.000014593	283.857142857	5.89447107184	171.0	0.958842	0.794633090913
10317.000006047	223.8	5.13000782215	138.0	0.929192	0.721669856148
10317.000001065	166.117647059	5.11984352687	113.0	0.944306	0.750690495819
10317.000010098	361.058823529	5.22596952296	156.0	0.917998	0.717320659308
10317.000009117	297.0	5.69357459832	154.0	0.959854	0.783506515079
10317.000006702	141.0	3.90492508726	81.0	0.852316	0.615933355756
10317.000026135	374.0	5.88259754521	164.0	0.965848	0.799531901577
10317.000009624	304.0	5.62645298294	154.0	0.958074	0.774269747904
10317.000020358	178.416666667	4.95952242223	121.0	0.91556	0.716811743801
10317.000009075	194.875	5.47437183434	133.0	0.957214	0.775925256627
10317.000001765	214.692307692	6.04627945907	163.0	0.973304	0.822765427183
10317.000012996	270.142857143	5.52529500927	145.0	0.949394	0.76954943858
10317.000016353	296.7	5.54370172691	172.0	0.944978	0.746499338499
10317.000008949A	241.275862069	5.70102594712	158.0	0.957678	0.780558199059
10317.000005571	121.5	3.28951574276	75.0	0.715456	0.528112296443
10317.000004792	176.473684211	5.19797126113	122.0	0.936384	0.749988205866
10317.000011039	300.21875	5.89373016682	186.0	0.951374	0.781749040508
10317.000006626	210.115384615	5.30689824398	135.0	0.947536	0.749899184344
10317.000017126	234.5	5.02099164188	126.0	0.926286	0.719620209728
10317.000014608	285.0	4.92066617198	139.0	0.898826	0.691207599797
10317.000013258	263.181818182	5.26644260975	147.0	0.92749	0.731483650576
10317.000015264	213.55	5.16006255842	128.0	0.933902	0.73715179406
10317.000007732	217.038461538	5.07374145898	132.0	0.937788	0.720252355705
10317.000027644	256.625	5.48967268133	156.0	0.92912	0.753516760834
10317.000007697	283.538461538	6.02259704486	171.0	0.967242	0.811905741288
10317.000004881	211.428571429	4.77110171459	113.0	0.909678	0.699556674522
10317.000006651	293.954545455	4.06975631546	143.0	0.750562	0.568411934241
10317.000023808	409.545454545	5.88531294682	180.0	0.966296	0.785561712323
10317.000004642	152.714285714	3.18337279133	82.0	0.768434	0.500723043873
10317.000002345	310.166666667	5.47214919766	156.0	0.930614	0.751111473776
10317.000001353	257.757575758	5.46668410754	162.0	0.95024	0.744795071479
10317.000011077	257.0	5.2586846566	142.0	0.939542	0.735506384869
10317.000028759	190.0	5.07877310183	112.0	0.941952	0.746071441842
10317.000004631	337.64	6.15822447723	188.0	0.968156	0.815163418967
10317.000009433	159.0	4.77468639449	94.0	0.925618	0.728449411937
10317.000009061	317.0	6.10316117971	188.0	0.965012	0.807874697026
10317.000013995	283.129032258	6.21406214108	176.0	0.976712	0.833047671562
10317.000015155	233.916666667	5.30455026663	139.0	0.947946	0.745131925161
10317.000022965	365.807692308	5.81562474489	183.0	0.958516	0.773796834629
10317.000016701	326.0	6.36366929761	206.0	0.975702	0.827902017973
10317.000010714	235.5	5.72150849584	155.0	0.961824	0.786340114208
10317.000002529	230.8	5.35312970617	145.0	0.939068	0.745570680501
10317.000021223	247.916666667	5.74978943933	153.0	0.961502	0.792267075147
10317.000012401	320.15625	6.36029692666	195.0	0.975876	0.836074767934
10317.000022638	180.214285714	4.26329886502	103.0	0.863304	0.637597925505
10317.000013972	277.8	5.6118664843	150.0	0.954878	0.776318610907
10317.000017163	193.913043478	5.23908291927	134.0	0.942008	0.741440247648
10317.000001126	200.166666667	5.30010999537	136.0	0.937754	0.747814854778
10317.000009472	283.243902439	5.92735751938	192.0	0.950458	0.781461677472
10317.000001026	280.75	6.14071271616	182.0	0.9706	0.817911651882
10317.000010919	277.4	4.82669133305	151.0	0.87054	0.666816999998
10317.000014311	329.105263158	5.29410077274	150.0	0.941354	0.73236043113
10317.000005039	215.076923077	4.93545740196	117.0	0.9239	0.718369053668
10317.000001025	305.8125	4.86435025831	137.0	0.887902	0.68530970295
10317.000004249	231.37037037	5.49924356219	147.0	0.953008	0.76381858768
10317.000017176	318.3	5.00113887224	123.0	0.927204	0.720364194903
10317.000002258	253.3	5.05650226312	136.0	0.923252	0.713443213231
10317.000013118	303.535714286	6.08917474121	182.0	0.968028	0.811047056164
10317.000013431	326.555555556	6.35600909306	188.0	0.976962	0.841344144314
10317.000021159	396.565217391	5.76195516294	177.0	0.959736	0.771593400897
10317.000014197	291.538461538	6.13320206136	179.0	0.969438	0.819528732922
10317.000015541	203.428571429	4.36892692144	105.0	0.877054	0.650695139155
10317.000022661	285.111111111	5.74625792656	171.0	0.956148	0.774652490735
10317.000014258	290.636363636	6.07826918563	185.0	0.969848	0.807058999401
10317.000014324	181.25	5.11198646183	126.0	0.935606	0.732661799136
10317.000002369	227.0	3.74547473378	115.0	0.748474	0.547144865584
10317.000010757	270.75	5.77725653349	150.0	0.96605	0.799197874624
10317.000010305	351.53125	6.3641529407	203.0	0.97694	0.830251016975
10317.000002372	260.166666667	4.93869170048	141.0	0.880294	0.691736981319
10317.000013056	301.12	5.60732999633	165.0	0.952412	0.761211610522
10317.000013852	300.0	5.70716229622	165.0	0.960528	0.774764140128
10317.000012017	288.037037037	5.58313300475	162.0	0.950932	0.760660368067
10317.000021237	120.0	2.37573765468	69.0	0.51555	0.388921689925
10317.000016489	190.714285714	4.13047086547	112.0	0.822846	0.606765904344
10317.000012355	321.5	5.7951438892	172.0	0.9627	0.780357835416
10317.000018409	213.25	5.26655918421	137.0	0.93136	0.74197455332
10317.000004077	254.2	4.52994185409	82.0	0.926836	0.712529264535
10317.000004294	282.04	5.75516058691	165.0	0.957298	0.781280049871
10317.000022993	339.6	6.20461902111	201.0	0.97114	0.810949823835
10317.000010847	310.476190476	5.61420841734	160.0	0.959962	0.766766396034
10317.000008963	117.4	3.78940288473	80.0	0.811878	0.599406198212
10317.000013372	177.833333333	4.56744505559	107.0	0.91355	0.677515007462
10317.000016407	216.75	5.60848334595	143.0	0.956032	0.783321805958
10317.000006657	181.954545455	5.25194424709	124.0	0.948036	0.755219440562
10317.000017327	276.7	5.75882380468	174.0	0.949158	0.773729346177
10317.000010764	219.142857143	4.96672673644	132.0	0.904292	0.705060882779
10317.000005805	325.333333333	5.79672854041	177.0	0.952026	0.776249964132
10317.000018032	232.483870968	5.8534503923	159.0	0.965724	0.800429930042
10317.000012988	110.176470588	3.82384943774	81.0	0.831016	0.603145095861
10317.000013732	176.5	4.24864491315	103.0	0.885536	0.635406352827
10317.000011093	351.529411765	6.42441151881	203.0	0.977756	0.838112196024
10317.000003078	311.071428571	6.57744860249	207.0	0.981912	0.854937252618
10317.000004979	245.037037037	5.37151940687	153.0	0.922614	0.740145011304
10317.000014188	224.55	5.4222296652	139.0	0.938778	0.761662389085
10317.000012921	203.206896552	5.47335778358	138.0	0.958388	0.769971013937
10317.000011223	366.8125	6.41655717564	209.0	0.975604	0.83252344489
10317.000013608	209.714285714	4.97975644752	131.0	0.917696	0.708013217238
10317.000009594	235.2	4.89529114231	150.0	0.900726	0.677191025519
10317.000022994	399.387096774	6.38226215092	206.0	0.97884	0.830320915005
10317.000002494	144.05	4.11389996676	101.0	0.803254	0.617868623942
10317.000005887	215.285714286	5.07952131345	141.0	0.92542	0.711462256202
10317.000009427	158.0	4.34085158523	93.0	0.880112	0.663824156993
10317.000004078	267.75	5.1563116126	147.0	0.924856	0.716186982634
10317.000014803	224.551724138	5.37121282332	146.0	0.941102	0.747057564386
10317.000002244	242.161290323	5.60414794221	162.0	0.945564	0.763523497075
10317.000002506	205.64	4.05356311495	125.0	0.838062	0.581924870093
10317.000028817	336.5	5.79658322915	179.0	0.953316	0.774549160705
10317.000027879	241.303030303	5.73434340749	166.0	0.949786	0.77753393197
10317.000002325	301.647058824	4.4538211782	134.0	0.863946	0.630309221715
10317.000026127	309.157894737	5.43938435102	147.0	0.951364	0.755504429993
10317.000031851	235.081081081	5.38355527883	166.0	0.932738	0.729969694257
10317.000036428	221.217391304	5.27481331252	139.0	0.941992	0.740954765412
10317.000042001	212.071428571	5.2103220587	121.0	0.94318	0.753060420479
10317.000026648	184.214285714	4.38378171493	107.0	0.848688	0.650271183375
10317.000027761	315.636363636	6.42063898719	212.0	0.974374	0.830836578215
10317.000030744	188.176470588	5.13656945988	119.0	0.930548	0.744989880258
10317.000039842	235.0	5.62746989604	139.0	0.963854	0.79049255199
10317.000041636	223.071428571	4.86552595347	117.0	0.917218	0.708190343898
10317.000021239	178.066666667	4.86970026087	106.0	0.936702	0.723804672448
10317.000036165	282.652173913	5.8821364021	162.0	0.966952	0.801397358228
10317.000027762	145.5	4.40542401449	93.0	0.86867	0.673698887234
10317.000023342	278.625	5.13383337345	132.0	0.930384	0.728782814599
10317.000041617	283.833333333	6.13251571696	187.0	0.965634	0.812587979009
10317.000029227	249.1875	5.4641120981	131.0	0.955384	0.776878071588
10317.000030751	168.260869565	4.42498613618	115.0	0.868878	0.646408964625
10317.000042989	203.096774194	5.27944138061	146.0	0.93502	0.734293491778
10317.000011074	304.636363636	5.81184928758	161.0	0.965988	0.792786139062
10317.000026658	323.5	6.14638075246	187.0	0.969884	0.814425163242
10317.000036106	127.153846154	3.947487514	84.0	0.860254	0.617536216198
10317.000014136	255.285714286	5.82225798231	150.0	0.96855	0.805423158553
10317.000031222	239.625	5.19703508751	129.0	0.929838	0.741244706266
10317.000005898	312.730769231	6.29008806299	185.0	0.976316	0.835183836587
10317.000030756	291.052631579	4.28108998138	133.0	0.851674	0.60679214766
10317.000038402	285.5	5.54867777431	143.0	0.959932	0.774968922389
10317.000033785	360.551724138	6.29055356028	200.0	0.97252	0.822955508857
10317.000028955	380.137931034	6.21937343672	199.0	0.970362	0.814413925754
10317.000035491	266.857142857	5.87196747386	173.0	0.956488	0.789813194967
10317.000031319	198.5	5.54442808731	125.0	0.958624	0.795951735042
10317.000036399	129.866666667	3.90078010555	83.0	0.871612	0.611883290693
10317.000002326	172.272727273	5.00192886532	121.0	0.916512	0.722940849355
10317.000036934	137.666666667	4.36330301258	79.0	0.892282	0.692172394137
10317.000036101	289.375	5.65046300844	161.0	0.954386	0.770771665044
10317.000039907	247.517241379	6.50706399663	178.0	0.98244	0.870424829446
10317.000040048	294.730769231	5.76265129885	167.0	0.958304	0.780455320336
10317.000043083	276.565217391	4.56177794973	146.0	0.864022	0.634476948968
10317.000036085	233.84	4.76196075475	140.0	0.897542	0.667943851217
10317.000042009	220.714285714	5.5727559356	142.0	0.948398	0.779433991504
10317.000040002	158.0	5.04643112435	106.0	0.941468	0.75007294727
10317.000036124	158.8	3.36301467079	100.0	0.68723	0.506184145883
10317.000040003	273.454545455	5.70191982368	154.0	0.9582	0.784654921643
10317.000037487	234.483870968	5.39230973558	161.0	0.912374	0.735557342312
10317.000033728	240.545454545	4.69518862855	137.0	0.892092	0.661477515693
10317.000036081	235.0	5.50434805988	139.0	0.949538	0.773197587064
10317.000037612	224.25	4.36055043053	105.0	0.868516	0.64944756921
10317.000043003	176.0	5.36404815926	129.0	0.937916	0.76506551048
10317.000028718	208.076923077	4.93567910725	110.0	0.93556	0.727830304799
10317.000030771	105.75	3.48280775555	67.0	0.809954	0.574143842301
10317.000034241	260.043478261	5.7322217654	152.0	0.963036	0.790877358357
10317.000009144	124.769230769	4.26299896297	79.0	0.88814	0.676260665348
10317.000004765	230.954545455	5.7019462837	145.0	0.962944	0.794152991662
10317.000009566	185.789473684	4.42851505547	116.0	0.87338	0.645746183697
10317.000006675	366.551724138	6.48244558117	206.0	0.977924	0.843354600477
10317.000031829	195.0	3.53292758178	76.0	0.748188	0.565455917051
10317.000033666	190.4	4.72679792961	112.0	0.915234	0.694366311693
10317.000031926	271.230769231	5.37471563788	121.0	0.961476	0.776820621186
10317.000027821	303.0	4.92903296773	120.0	0.921504	0.713639936742
10317.000013063	193.0	4.71386490854	117.0	0.896982	0.686115672302
10317.000010852	169.25	4.46757098037	94.0	0.905852	0.681594388521
10317.000016754	332.666666667	5.85019961415	181.0	0.949494	0.78004264384
10317.000014234	150.0	4.75929915581	107.0	0.915452	0.705973813328
10317.000022526	225.526315789	4.96372193737	126.0	0.92906	0.711412182368
10317.000033713	124.153846154	3.52677739656	81.0	0.732294	0.556287198428
10317.000009621	215.25	4.74048463407	119.0	0.884308	0.687543137006
10317.000001325	143.275862069	4.24051286838	115.0	0.78559	0.619460818265
10317.000014018	233.636363636	5.59944155338	142.0	0.959068	0.783166377746
10317.000013201	288.315789474	5.46923983115	150.0	0.945244	0.756588325882
10317.000010207	209.666666667	5.30763324175	135.0	0.946628	0.750003044301
10317.000006777	310.647058824	5.17115257793	143.0	0.938988	0.722240992149
10317.000014165	267.0625	5.30051145852	133.0	0.941008	0.751282674645
10317.000002125	207.176470588	5.14050537835	123.0	0.940772	0.740438550671
10317.000014678	214.0	2.10667981871	58.0	0.571288	0.359625580975
10317.000002711	110.4	3.38231157872	73.0	0.744198	0.546430928138
10317.000021226	140.464285714	5.12387649032	114.0	0.94111	0.749884233421
10317.000013755	147.166666667	4.6700186205	106.0	0.90649	0.694125124107
10317.000016381	155.066666667	3.82310681382	92.0	0.820062	0.586045911661
10317.000001221	222.193548387	5.295067274	153.0	0.928728	0.729610624205
10317.000009497	156.666666667	4.12204327886	94.0	0.88499	0.628878999452
10317.000002161	242.153846154	5.18096405887	115.0	0.951984	0.756843413738
10317.000043152	265.222222222	5.29934029006	154.0	0.934696	0.729254982292
10317.000039986	295.916666667	6.16290125597	174.0	0.971578	0.828019352747
10317.000006736	249.5	5.5600574503	157.0	0.954734	0.762213368138
10317.000023343	111.6	4.01822346279	61.0	0.895484	0.677525109287
10317.000036151	249.130434783	5.8332726666	153.0	0.964526	0.803770281131
10317.000038424	227.964285714	5.43005651844	149.0	0.934584	0.75217201303
10317.000036191	277.0	5.29717134195	134.0	0.945474	0.749660979244
10317.000005799	63.5	1.73755772831	38.0	0.41823	0.331094079303
10317.000016719	258.375	5.78104097465	144.0	0.96378	0.8062902992
10317.000016723	194.4	5.39680005814	135.0	0.94626	0.762602894498
10317.000004927	143.363636364	3.32401499786	76.0	0.789114	0.532018815952
10317.000016717	205.714285714	5.90189916079	145.0	0.967864	0.822001934397
10317.000009694	256.130434783	5.75611823202	160.0	0.952484	0.786147877639
10317.000002382	317.666666667	6.20092448473	191.0	0.97266	0.818341501511
10317.000001575	229.434782609	5.17711816344	139.0	0.921176	0.727231495605
10317.000001305	214.125	4.97066326407	128.0	0.90952	0.71009475201
10317.000012154	161.8	4.72258607385	103.0	0.926258	0.706286652435
10317.000010555	265.058823529	5.13491213713	135.0	0.91833	0.725596430585
10317.000001404	222.730769231	5.80884990625	150.0	0.964822	0.803568349818
10317.000001155	148.555555556	4.61071889916	103.0	0.886806	0.689556350203
10317.000006034	241.375	5.61237282715	152.0	0.954646	0.774341743449
10317.000013758	182.714285714	5.37750398349	122.0	0.956304	0.775892047495
10317.000001782	374.689655172	5.65484642	190.0	0.94667	0.747021701943
10317.000015538	288.588235294	4.9539260432	134.0	0.924506	0.701084561725
10317.000014556	161.5	3.58381977441	88.0	0.801058	0.554819678573
10317.000010979	242.636363636	4.7867135708	136.0	0.90267	0.675377589698
10317.000013061	274.75	6.00437105859	176.0	0.969304	0.804936805585
10317.000005228	48.4285714286	0.801214786477	29.0	0.186244	0.164927525917
10317.000002067	197.125	4.46842480637	111.0	0.884622	0.657661364019
10317.000010822	221.55	5.21319306371	127.0	0.943278	0.745947670751
10317.000012156	300.222222222	5.69721330967	168.0	0.96054	0.770693814109
10317.000008991	189.714285714	4.93778006034	119.0	0.930372	0.71615816833
10317.000001405	160.5	4.84681376392	103.0	0.935836	0.724865532308
10317.000010776	296.714285714	6.24013840741	181.0	0.974702	0.832035551312
10317.000013965	179.0	5.01410399213	113.0	0.931404	0.735186572047
10317.000003281	153.3	4.45691667346	83.0	0.915916	0.6991198598
10317.000018434	244.55	4.79681321201	134.0	0.892062	0.678849796926
10317.000002882	190.391304348	4.5276927408	116.0	0.901956	0.660207828517
10317.000002184	192.5	3.59371966702	113.0	0.689606	0.526924540664
10317.000002272	194.052631579	4.49272026054	113.0	0.887522	0.65873935058
10317.000002126	231.047619048	4.79807628496	132.0	0.9048	0.68111979592
10317.000012202	166.473684211	4.63079174755	102.0	0.92498	0.69401926739
10317.000001794	187.045454545	4.70015809248	122.0	0.90095	0.678161336025
10317.000013182	273.772727273	5.96548408376	164.0	0.968334	0.810797406531
10317.000002276	324.526315789	4.86515394129	154.0	0.866242	0.669505552976
10317.000006839	143.866666667	4.25089843827	97.0	0.863814	0.644084026549
10317.000009198	270.451612903	5.01937077321	158.0	0.905488	0.687229114108
10317.000002793	176.0	5.41326322134	127.0	0.949354	0.774575397798
10317.000002922	261.555555556	4.99958787834	135.0	0.925854	0.706474234035
10317.000023223	356.833333333	4.79785698139	149.0	0.903702	0.664599665154
10317.000002709	132.866666667	2.83852943981	86.0	0.586794	0.441707515666
10317.000012211	239.588235294	4.43584121211	121.0	0.86966	0.641122834777
10317.000014897	134.0	4.36541057441	104.0	0.87894	0.651511058683
10317.000014594	178.666666667	3.43240465833	83.0	0.72102	0.538413086741
10317.000003838	144.25	4.33209384016	103.0	0.88441	0.647886562267
10317.000016737	387.9	5.78591168784	174.0	0.955636	0.777368750826
10317.000011192	218.047619048	4.86359251842	119.0	0.932734	0.705398269452
10317.000003578	222.181818182	5.81752306589	139.0	0.970856	0.817189383429
10317.000013798	170.041666667	5.23696257019	125.0	0.940074	0.751812338163
10317.000015605	244.0	5.20313047291	126.0	0.945772	0.745724770965
10317.000009219	240.636363636	4.67000213312	134.0	0.869214	0.660903366381
10317.000007005	89.0	3.32774503579	66.0	0.75489	0.550550637513
10317.000004636	176.0	5.34500209818	110.0	0.959322	0.788190322292
10317.000003088	251.105263158	5.50620554146	145.0	0.939464	0.766890704663
10317.000006703	126.235294118	2.83892343676	78.0	0.682864	0.451669334421
10317.000007865	158.571428571	4.65792274965	100.0	0.918486	0.701087232565
10317.000017746	173.5	4.79991338929	103.0	0.928576	0.71785134388
10317.000002805	158.571428571	4.02973694651	100.0	0.789416	0.606535847767
10317.000010918	299.619047619	6.19845755897	171.0	0.974722	0.835613480658
10317.000014668	221.588235294	5.51154491768	131.0	0.957276	0.783621988393
10317.000026105	93.4285714286	4.05631351087	72.0	0.883098	0.657433195691
10317.000001301	145.076923077	3.26259758699	82.0	0.705438	0.513184569252
10317.000026638	136.235294118	3.91464667313	88.0	0.849968	0.606035779036
10317.000003491	270.567567568	6.15581555081	183.0	0.969472	0.819060857042
10317.000004703	211.217391304	5.04027237832	129.0	0.929836	0.71888589468
10317.000009097	239.8	3.84092828079	102.0	0.781308	0.575642001811
10317.000018414	125.615384615	4.56317196563	100.0	0.915276	0.686825818513
10317.000012201	258.516129032	4.73162480002	154.0	0.879036	0.651130286203
10317.000005017	223.607142857	5.5418174385	147.0	0.956414	0.769731895157
10317.000009019	150.4	4.27370742649	93.0	0.876976	0.653556145361
10317.000005885	248.043478261	5.07107713194	140.0	0.922974	0.711302541909
10317.000016414	165.25	4.28779320659	90.0	0.897288	0.660488329444
10317.000004864	211.103448276	5.78341945161	148.0	0.967082	0.802199439861
10317.000009221	188.333333333	5.48487299842	137.0	0.955484	0.772731502804
10317.000009105	180.416666667	5.09631659393	123.0	0.940642	0.734073596823
10317.000014563	199.75	4.80911114823	126.0	0.912016	0.689253004174
10317.000002035	186.111111111	3.14887913451	81.0	0.693872	0.496680384091
10317.000003732	169.272727273	4.9522617498	118.0	0.930648	0.719529069616
10317.000014667	151.833333333	4.46766111776	104.0	0.864518	0.666771332286
10317.000013814	138.0	4.02045449708	81.0	0.873952	0.634156091272
10317.000018426	189.214285714	4.84993778762	112.0	0.925718	0.712455548909
10317.000015599	331.434782609	5.78093557893	165.0	0.963868	0.784779081175
10317.000002132	307.565217391	4.75631000949	156.0	0.858688	0.652854827585
10317.000003225	160.25	3.78405232244	85.0	0.846434	0.590391873447
10317.000009392	82.6666666667	2.64888781992	57.0	0.647838	0.454129567587
10317.000009149	268.142857143	5.30920516271	143.0	0.94263	0.741522425891
10317.000013912	129.0	3.86595396016	81.0	0.83079	0.609786344851
10317.000012212	320.047619048	5.50032312206	158.0	0.949256	0.753078893206
10317.000007677	162.0	4.85167249521	106.0	0.930794	0.721125127441
10317.000017208	208.4375	5.16693174293	119.0	0.946384	0.74939351848
10317.000013117	249.473684211	3.83586160045	126.0	0.724596	0.549764613503
10317.000012055	155.0	4.80506162468	110.0	0.90696	0.708569052177
10317.000005026	111.5	3.6749304422	68.0	0.841298	0.603688357208
10317.000009033	193.636363636	5.45152433596	131.0	0.950204	0.775088365191
10317.000013524	357.181818182	6.10719326267	198.0	0.96674	0.800486013014
10317.000006092	232.888888889	5.41311913921	151.0	0.935614	0.747833166858
10317.000002274	116.5	3.8034500573	73.0	0.838466	0.614468151904
10317.000008999	160.5	2.98864582238	67.0	0.675492	0.492680824258
10317.000016761	256.75	5.05929750857	136.0	0.924966	0.713837606191
10317.000013277	202.4	4.36169369449	107.0	0.88492	0.646994742137
10317.000007693	148.416666667	4.77115264391	109.0	0.9167	0.70493834313
10317.000004025	66.6666666667	2.86333111049	44.0	0.766458	0.524474214626
10317.000010737	215.5	5.61286319945	133.0	0.957248	0.795554713899
10317.000001128	244.882352941	5.20028950667	130.0	0.937408	0.740532202973
10317.000003559	191.217391304	5.36414936345	129.0	0.953346	0.76507994507
10317.000014798	186.3	4.87864558519	120.0	0.910076	0.706344702824
10317.000020104	355.272727273	5.35470178836	165.0	0.932936	0.72691658505
10317.000017117	81.2	2.88706716391	47.0	0.718274	0.519762531665
10317.000009766	162.5	4.72903580857	98.0	0.92404	0.714927172925
10317.000014561	308.607142857	5.76156937509	175.0	0.952408	0.773239314873
10317.000004923	116.071428571	3.53477530843	76.0	0.782066	0.565751651379
10317.000014172	184.8	3.40879737677	105.0	0.705044	0.507696265768
10317.000002056	227.75	5.86658145689	158.0	0.96164	0.803225296482
10317.000002243	207.5	4.71134738664	104.0	0.898374	0.703140030331
10317.000010274	208.294117647	5.5864826356	149.0	0.95915	0.773840175606
10317.000003507	172.666666667	4.37636542729	110.0	0.859686	0.645352202532
10317.000017766	189.5	4.39331170581	107.0	0.880592	0.651684820926
10317.000001275	161.615384615	2.54939444608	82.0	0.574326	0.401002531199
10317.000003189	260.5	4.64859629506	121.0	0.889974	0.671872840327
10317.000009693	132.0	3.33971927346	66.0	0.764736	0.552531685974
10317.000022444	153.928571429	3.19610680274	80.0	0.767166	0.505558866658
10317.000016315	176.5	3.07307770481	89.0	0.659606	0.474552842172
10317.000011315	311.4	5.45593494817	141.0	0.950398	0.76418456551
10317.000013913	108.363636364	3.28458854863	74.0	0.752104	0.528965813128
10317.000013498	195.1	3.91316814877	87.0	0.867956	0.607357204248
10317.000002589	275.058823529	5.40645754611	133.0	0.95783	0.766299236853
10317.000004086	297.529411765	6.41366404613	195.0	0.975738	0.84308999105
10317.000013551	169.0	3.10325947225	85.0	0.700372	0.484173847901
10317.000006766	222.913043478	5.43215073704	138.0	0.949466	0.764174164423
10317.000011962	117.058823529	3.12453426416	80.0	0.712158	0.494237551782
10317.000002199	119.666666667	4.00410875323	68.0	0.879572	0.657763153163
10317.000012052	231.2	4.9157124363	121.0	0.909288	0.710479780813
10317.000010263	216.5	5.18953102211	128.0	0.941494	0.741361574588
10317.000010556	143.0	3.79084485594	100.0	0.776138	0.570579005274
10317.000040007	152.15	5.14145674593	107.0	0.94836	0.762661414244
10317.000036451	307.0	5.7543443245	161.0	0.956074	0.784941968402
10317.000023129	298.333333333	5.64258256439	159.0	0.952658	0.771594814096
10317.000028914	247.1	4.51673132166	104.0	0.911618	0.674094762681
10317.000038479	200.076923077	4.55598234828	102.0	0.911024	0.682807542203
10317.000026549	133.454545455	4.56794418198	98.0	0.910832	0.690573629023
10317.000042999	218.344827586	5.91611173459	151.0	0.971124	0.817322593534
10317.000041554	242.24137931	6.08196619861	166.0	0.972122	0.824668973668
10317.000037489	208.142857143	5.72972703918	140.0	0.966136	0.803689098267
10317.000031493	235.647058824	5.0203131723	128.0	0.917608	0.717187596042
10317.000023972	355.125	6.41541452018	216.0	0.975666	0.827273705568
10317.000039813	155.789473684	4.69667862837	106.0	0.898692	0.698087716715
10317.000012123	390.243902439	5.99698498869	219.0	0.957284	0.771337522522
10317.000009455	165.076923077	5.01431646401	102.0	0.939936	0.751498324376
10317.000018344	184.0	4.49326217862	109.0	0.90286	0.663879995432
10317.000010548	161.75	4.91007075235	83.0	0.945418	0.770202412899
10317.000010161	143.272727273	4.93265880924	86.0	0.947394	0.76757790062
10317.000023819	188.714285714	4.62072034139	118.0	0.87304	0.671358416854
10317.000008950B	214.230769231	3.67953668326	100.0	0.780384	0.553825455903
10317.000001067	55.0	2.02726293002	31.0	0.638538	0.409201170687
10317.000009526	178.769230769	5.27722129154	106.0	0.952046	0.784376290888
10317.000013166	109.6	3.99110208507	69.0	0.868792	0.653365982785
10317.000010876	110.105263158	5.03201564546	93.0	0.942834	0.769520329879
10317.000010993	221.434782609	4.50697349168	131.0	0.840708	0.640793748747
10317.000015613	102.714285714	2.8847769212	65.0	0.728168	0.479010417623
10317.000018335	161.045454545	5.38403456145	120.0	0.955902	0.779516410015
10317.000015525	198.034482759	5.52913399773	143.0	0.952968	0.772239295604
10317.000001622	135.4	4.26430332528	86.0	0.89573	0.663574173808
10317.000012936	224.0	1.73861644931	59.0	0.441314	0.295550220322
10317.000009111	73.6666666667	2.58506098818	42.0	0.689484	0.479397035728
10317.000002271	159.5	3.33978621768	66.0	0.786732	0.552542761397
10317.000002465	295.375	5.97116167443	167.0	0.96845	0.80869458444
10317.000001747	266.111111111	4.08494733667	95.0	0.852	0.62177125042
10317.000002038	131.0	3.58518375778	65.0	0.833646	0.595311324231
10317.000013724	163.214285714	4.5252434706	114.0	0.907186	0.662273717449
10317.000023378	232.5	4.42993027951	105.0	0.865726	0.659780800069
10317.000012307	128.045454545	4.51236444374	101.0	0.868938	0.677714196286
10317.000020347	273.275862069	6.10354431798	175.0	0.96959	0.8191345308
10317.000020368	211.772727273	5.34601764026	134.0	0.947876	0.75657375617
10317.000010567	166.882352941	4.79928858197	106.0	0.926054	0.713339079198
10317.000020063	165.789473684	5.03871305313	116.0	0.924624	0.734722516249
10317.000010178	131.636363636	4.56410275643	103.0	0.894266	0.682584670094
10317.000011259	164.272727273	3.50899865032	86.0	0.737004	0.546040162405
10317.000005025	162.272727273	4.05985757666	84.0	0.867082	0.635115140276
10317.000013165	244.0	4.99959486532	140.0	0.90077	0.701275970309
10317.000016738	335.130434783	5.21556747532	161.0	0.905572	0.711448180634
10317.000001225	128.5	2.33214119399	51.0	0.627488	0.411136516285
10317.000003137	196.9	4.69409565671	128.0	0.86723	0.670585093815
10317.000009642	126.588235294	3.41659126889	83.0	0.753366	0.535932570408
10317.000015394	103.25	3.59893603523	67.0	0.843922	0.593287688696
10317.000001086	86.4736842105	2.64863409881	68.0	0.647206	0.435096553011
10317.000001756	125.866666667	3.60876218947	79.0	0.832642	0.572475841662
10317.000012999	214.235294118	4.64958327481	117.0	0.908086	0.676759308216
10317.000001248	193.115384615	5.06195078296	136.0	0.907292	0.714211967856
10317.000016739	263.153846154	4.9487127771	127.0	0.888866	0.708103598731
10317.000010559	166.875	4.93287230745	105.0	0.93538	0.734687507996
10317.000001654	131.15	3.25958009922	86.0	0.77506	0.507227794628
10317.000011375	116.0	2.51463247002	51.0	0.628892	0.443308165101
10317.000042586	309.5	6.18634372953	185.0	0.972242	0.821408895826
10317.000041282	201.272727273	4.79718806108	103.0	0.913726	0.71744375725
10317.000001208	123.571428571	4.02669206363	76.0	0.892716	0.644484439834
10317.000027729	233.954545455	5.7422616366	148.0	0.962656	0.796490572222
10317.000013573	256.454545455	5.96940962007	179.0	0.95496	0.797642512554
10317.000010544	77.5	2.08056467189	39.0	0.571648	0.393643583919
10317.000005878	108.2	0.723842292542	38.0	0.145724	0.137929171218
10317.000012987	137.866666667	4.61211571617	91.0	0.923468	0.708706400735
