	chao1	shannon	observed_otus	simpson	equitability
10317.000002503	268.434782609	5.26586980792	151.0	0.928042	0.727490379104
10317.000013618	282.7	6.34910095243	180.0	0.979234	0.847467358315
10317.000031796	319.277777778	6.24836489224	203.0	0.967224	0.815145606109
10317.000026504	272.551724138	5.94890416525	169.0	0.967028	0.803810441242
10317.000007104	219.285714286	5.53415701265	135.0	0.95637	0.782012324152
10317.000007077	259.043478261	5.5885373107	151.0	0.95724	0.772067535868
10317.000016408	276.785714286	6.11927837217	175.0	0.971086	0.821246141108
10317.000005802	169.5	4.35710206912	96.0	0.892028	0.661674545397
10317.000006952	235.5	5.73739771307	155.0	0.965502	0.788523861537
10317.000013023	316.0	5.88883926192	158.0	0.969904	0.806272732569
10317.000002645	253.2	4.48289040637	123.0	0.88459	0.645715670154
10317.000002027	242.84	5.59822383073	149.0	0.9579	0.775466567218
10317.000027353	373.303030303	6.18458674436	211.0	0.955264	0.80099822489
10317.000023798	233.972972973	5.99210306921	176.0	0.957904	0.803292177683
10317.000041962	361.75	6.08340584549	179.0	0.969792	0.812874879146
10317.000040352	171.12	4.00807957929	116.0	0.768954	0.584440170094
10317.000028811	307.272727273	4.74863071047	145.0	0.913524	0.661377553801
10317.000027772	389.5	6.71337407886	229.0	0.981192	0.856384686548
10317.000027617	320.0	5.33233006425	154.0	0.935844	0.733794784585
10317.000039924	238.75	5.54132535273	141.0	0.961596	0.776144757453
10317.000039952	91.0	4.2816401684	70.0	0.892776	0.698554815721
10317.000026028	249.285714286	5.8115039806	158.0	0.965796	0.795684342257
10317.000001441	221.5	4.75228774966	133.0	0.887568	0.673578668623
10317.000016347	242.483870968	5.85349412904	169.0	0.949812	0.790918725191
10317.000001595	266.935483871	6.0569176139	175.0	0.96981	0.812876930072
10317.000002146	219.476190476	5.57311145159	138.0	0.956544	0.784003977967
10317.000012158	350.03030303	6.41022252759	206.0	0.975052	0.833958510107
10317.000014313	102.0	3.86303725279	73.0	0.84483	0.624094789125
10317.000007749	218.285714286	5.30016538122	144.0	0.935884	0.739221871938
10317.000018083	175.066666667	4.52640542893	103.0	0.896548	0.676946843948
10317.000017335	361.043478261	5.80459172302	171.0	0.967296	0.782516464351
10317.000002578	279.333333333	5.79030798476	149.0	0.96476	0.802074084897
10317.000007719	214.157894737	4.9503540584	121.0	0.929372	0.715486618052
10317.000009676	155.5	4.25114552171	94.0	0.845792	0.648575466427
10317.000006716	330.096774194	5.73852844819	183.0	0.954158	0.763538801664
10317.000006802	249.428571429	5.57945480963	168.0	0.941546	0.754763965146
10317.000002898	222.2	5.64072939644	155.0	0.956706	0.775238173822
10317.000001647	241.84	5.57339225863	148.0	0.952214	0.773067246014
10317.000002878	205.111111111	5.40490303357	146.0	0.934084	0.751743382513
10317.000009527	215.588235294	5.24075242054	125.0	0.946568	0.752356404731
10317.000017667	286.0	5.7057884556	163.0	0.959308	0.776432103059
10317.000009213	247.333333333	5.41884273343	150.0	0.948906	0.749616633842
10317.000031434	230.636363636	5.21735518388	139.0	0.931446	0.732883603135
10317.000027217	315.166666667	4.55354983596	144.0	0.832508	0.635090302207
10317.000001546	251.2	6.11849749493	166.0	0.975082	0.829622343295
10317.000009074	240.833333333	5.85969083873	158.0	0.968586	0.802281864799
10317.000027277	368.230769231	5.22623588308	174.0	0.921342	0.702173257931
10317.000001333	188.428571429	4.33602324027	77.0	0.912532	0.691905366828
10317.000023984	296.363636364	5.66404476008	175.0	0.951374	0.760150890248
10317.000021327	231.117647059	4.88610378495	127.0	0.920616	0.69914497562
10317.000028933	264.333333333	5.86721408585	167.0	0.961552	0.794616611588
10317.000015568	267.730769231	5.81695554618	161.0	0.964876	0.793482676573
10317.000006944	256.75	2.89680295313	118.0	0.577934	0.420885251837
10317.000002028	293.4	5.3791532886	167.0	0.915956	0.728516890103
10317.000003896	253.235294118	5.61623726839	142.0	0.955836	0.78551551188
10317.000011025	291.34375	6.15396206644	185.0	0.972428	0.817109330964
10317.000017293	313.5	5.7318967349	180.0	0.953776	0.765083973378
10317.000031284	102.1875	3.6040848067	75.0	0.797358	0.578614499118
10317.000020034	293.5	5.56852703215	166.0	0.951776	0.755050475863
10317.000037584	217.777777778	5.84887733906	150.0	0.968822	0.809105552301
10317.000031847	240.789473684	5.33374034025	138.0	0.938942	0.750330166645
10317.000013935	318.954545455	5.84437932899	168.0	0.963122	0.790601782194
10317.000014019	368.041666667	5.97264697099	182.0	0.96605	0.795526150784
10317.000023052	209.333333333	5.33786713674	137.0	0.943364	0.752020711424
10317.000015385	345.322580645	6.22809221924	192.0	0.974284	0.82111048257
10317.000017354	307.029411765	6.35964710745	197.0	0.973412	0.834374687825
10317.000023475	289.121212121	6.30194722461	186.0	0.976154	0.835895274593
10317.000003475	312.5	5.52580229343	179.0	0.938864	0.7383669585
10317.000017269	252.625	5.30957701318	152.0	0.930328	0.732564861242
10317.000014801	236.117647059	5.49925113216	132.0	0.954962	0.780656368593
10317.000009716	377.666666667	6.34363399203	198.0	0.97667	0.831476926289
10317.000013155	257.777777778	5.49941080286	155.0	0.945138	0.755815939441
10317.000015604	195.034482759	5.56297604374	140.0	0.955334	0.780299509855
10317.000009236	268.454545455	5.53942528914	149.0	0.941148	0.767321786912
10317.000041289	277.344827586	5.34821045992	160.0	0.93545	0.730437446341
10317.000030735	283.516129032	5.95862752468	179.0	0.962032	0.796201790908
10317.000022541	242.882352941	4.88099048292	128.0	0.890794	0.697284354703
10317.000034132	117.0	3.08012758008	73.0	0.740262	0.497611450984
10317.000026633	240.8	5.5680042734	155.0	0.949166	0.765243138142
10317.000028715	140.588235294	4.60477372878	97.0	0.903446	0.697702202875
10317.000026126	142.05	4.36206739755	99.0	0.899208	0.657992569646
10317.000033665	265.5	4.63430475553	118.0	0.884122	0.67333213742
10317.000028755	257.137931034	5.86227403483	164.0	0.961332	0.796769636307
10317.000026501	175.235294118	5.29732884699	117.0	0.939436	0.771040412438
10317.000016485	170.894736842	4.30225393889	109.0	0.848836	0.635658506394
10317.000001001	180.3	4.4940738376	114.0	0.884222	0.657712011797
10317.000013049	277.434782609	5.82220076978	160.0	0.961926	0.795173169461
10317.000002334	310.75	5.66284806287	162.0	0.95692	0.771520952151
10317.000006797	208.55	4.59495911173	123.0	0.89387	0.661858049874
10317.000013156	327.884615385	6.24282048005	184.0	0.971594	0.829769265743
10317.000001529	280.121212121	5.95445829702	177.0	0.967564	0.797371829174
10317.000002418b	295.0	6.27793701453	190.0	0.97356	0.829333786449
10317.000005849	176.5625	4.12002231364	100.0	0.834518	0.620125149606
10317.000003282	189.222222222	4.48772416426	128.0	0.878592	0.641103452037
10317.000011341	325.526315789	5.51134618039	155.0	0.954788	0.757456287635
10317.000013355	292.636363636	6.05777041086	187.0	0.96696	0.802683864609
10317.000006794	280.714285714	5.20557922119	145.0	0.926858	0.725020213478
10317.000009593	261.541666667	4.65605817346	149.0	0.834036	0.644957679027
10317.000028723	233.25	5.23190349811	147.0	0.935752	0.726686333422
10317.000002774	185.625	4.48230328289	126.0	0.852196	0.642414140185
10317.000001531	268.777777778	6.04322072204	166.0	0.97032	0.819415377816
10317.000018027	315.307692308	6.14775244835	178.0	0.973928	0.822361110802
10317.000001399	227.8	4.99633041274	127.0	0.932688	0.714917132003
10317.000001948	161.875	4.77677628	100.0	0.925272	0.718976471428
10317.000001032	213.714285714	5.31000518724	119.0	0.952422	0.770144385178
10317.000016697	329.0	6.68197759855	212.0	0.983358	0.864654034399
10317.000011162	241.954545455	3.86002749262	129.0	0.73496	0.550549476147
10317.000005999	201.535714286	4.89730006653	134.0	0.915902	0.693070796947
10317.000001362	318.607142857	6.24640288141	185.0	0.974072	0.829383415799
10317.000010947	221.0	5.59556888625	134.0	0.96194	0.791890497761
10317.000002851	220.913043478	5.17839294223	136.0	0.933338	0.730641282814
10317.000035452	277.884615385	6.195049713	174.0	0.972638	0.83233867306
10317.000005928	359.115384615	5.91222127701	191.0	0.946584	0.780241083247
10317.000027807	349.8125	6.05513533549	192.0	0.968882	0.798307880219
10317.000031313	366.44	6.19513553606	199.0	0.96753	0.811240023425
10317.000014458	211.555555556	5.26954440064	126.0	0.94488	0.755243369682
10317.000016759	232.736842105	5.83746082612	171.0	0.957374	0.786947545049
10317.000014308	360.352941176	5.77467071474	165.0	0.95361	0.783928607354
10317.000010546	170.24	4.46860632912	113.0	0.888416	0.655203676288
10317.000015305	325.5	6.43888275966	213.0	0.974712	0.832465997537
10317.000014295	208.8125	4.83787045924	116.0	0.915652	0.705436550886
10317.000011055	315.6	5.89796430781	196.0	0.949546	0.774548791556
10317.000002818	207.2	3.52682440059	124.0	0.674364	0.50715053806
10317.000009667	293.111111111	4.44314914993	103.0	0.891578	0.664495445992
10317.000012254	267.333333333	5.07157824154	137.0	0.920894	0.714504834899
10317.000026037	314.117647059	6.06662672867	191.0	0.965872	0.800618107585
10317.000007037	274.615384615	5.6276505874	165.0	0.931914	0.763970190785
10317.000015594	364.052631579	6.48642170973	212.0	0.980282	0.839348922892
10317.000004286	229.357142857	5.37836737419	148.0	0.94689	0.746015973947
10317.000001351	229.315789474	4.92502357324	133.0	0.909856	0.698061859077
10317.000010115	224.0	5.32358665752	140.0	0.936786	0.746721184285
10317.000010981	239.44	5.73516525702	151.0	0.959058	0.792324478053
10317.000013028	269.777777778	5.83528857613	167.0	0.958144	0.790292832025
10317.000017095	258.71875	6.13759777281	172.0	0.97421	0.826471715666
10317.000011048	354.416666667	6.03918825383	180.0	0.969066	0.80610073051
10317.000002079	179.875	5.09459639546	118.0	0.94485	0.740209300253
10317.000014937	240.157894737	5.92606140686	171.0	0.96418	0.798891781006
10317.000013653	144.681818182	4.82046846547	111.0	0.910724	0.709475039545
10317.000021178	298.045454545	5.45582111857	158.0	0.943492	0.746985883979
10317.000006741	278.0	5.58737095763	170.0	0.94953	0.754093150947
10317.000014548	275.0	5.87609941411	160.0	0.964556	0.802534433275
10317.000013215	333.0	5.90793920858	171.0	0.96299	0.796448729161
10317.000010867	274.136363636	5.57521699428	148.0	0.959182	0.773320349204
10317.000026613	258.533333333	5.716042781	161.0	0.96207	0.77971730904
10317.000006909	307.12	5.88138696481	171.0	0.963108	0.792869223675
10317.000011163	192.625	5.09213201998	133.0	0.913952	0.721747437686
10317.000012276	286.5	5.78957289246	171.0	0.951332	0.780491777215
10317.000015003	253.137931034	5.27614826727	160.0	0.912786	0.720595476887
10317.000001613	356.894736842	5.776233772	169.0	0.959236	0.780479377042
10317.000006029	252.058823529	5.73569796602	166.0	0.955682	0.777717599941
10317.000005024	349.0	6.00165707979	188.0	0.959704	0.794438611766
10317.000026632	245.5	5.98748217962	165.0	0.968886	0.812818392337
10317.000033799	177.0	4.95659831954	95.0	0.947178	0.754445548736
10317.000029152	185.571428571	3.9505143721	105.0	0.765924	0.588378003412
10317.000022999	211.0	5.19016547741	124.0	0.935234	0.746335772785
10317.000037575	339.871794872	6.60688615652	218.0	0.979128	0.850505842846
10317.000027681	260.2	6.15450603349	175.0	0.97052	0.825973917678
10317.000021296	358.730769231	6.13050095417	187.0	0.970782	0.812321013199
10317.000028712	255.387096774	5.4682146339	161.0	0.946142	0.745911422107
10317.000027363	425.153846154	5.60157105821	157.0	0.954686	0.767904357339
10317.000033801	273.105263158	5.43722768124	146.0	0.942534	0.756239270751
10317.000011225	261.689655172	5.81117515469	166.0	0.960004	0.787951740297
10317.000011409	211.454545455	5.09447688757	131.0	0.933114	0.724323972333
10317.000009475	220.0	4.86690136902	127.0	0.910684	0.696397331852
10317.000012928	193.344827586	5.60372842011	144.0	0.954644	0.781560256067
10317.000028841	231.0	5.79090178996	151.0	0.96601	0.800024590847
10317.000017357	219.538461538	5.44631497674	142.0	0.948026	0.761749315845
10317.000014534	246.545454545	5.32926647274	143.0	0.946966	0.744324335182
10317.000016715	297.0	6.36878184073	195.0	0.976604	0.837190128214
10317.000008954A	248.137931034	5.55283090646	160.0	0.939776	0.758383698187
10317.000015912	224.235294118	5.09211948573	127.0	0.929062	0.72862344117
10317.000016725	248.37037037	6.19948439634	164.0	0.9777	0.842601505562
10317.000018358	221.117647059	4.57707173403	117.0	0.871378	0.666205059097
10317.000010102	207.730769231	5.36651967307	135.0	0.952844	0.75832407945
10317.000018415	270.136363636	5.3021168106	144.0	0.946418	0.739494040667
10317.000008949B	298.103448276	5.77404466654	175.0	0.95602	0.774913578461
10317.000010869	325.291666667	5.92721264415	173.0	0.961638	0.797243986204
10317.000014571	369.689655172	6.31695522014	199.0	0.975316	0.827192055918
10317.000011949	193.555555556	4.87799766084	128.0	0.907224	0.696856808692
10317.000010827	290.956521739	5.77701961579	157.0	0.96317	0.791956129682
10317.000014162	298.0	5.60468709588	163.0	0.95392	0.762674435392
10317.000010821	261.1	5.18392685763	118.0	0.926624	0.753188392954
10317.000016736	300.555555556	5.50278795598	162.0	0.949872	0.74971395244
10317.000001929	210.285714286	5.50110060434	149.0	0.951952	0.762013047451
10317.000003196	367.774193548	5.91810174434	195.0	0.958748	0.777947256168
10317.000028833	183.625	4.09800531891	76.0	0.897708	0.655898345506
10317.000004291	259.666666667	6.03463863654	171.0	0.970922	0.813529067129
10317.000035347	337.652173913	6.09671556707	175.0	0.97262	0.818218068925
10317.000031035	261.5	4.60827295318	122.0	0.869878	0.664903707749
10317.000016765	262.107142857	5.84980188018	163.0	0.962468	0.796029157347
10317.000004918	286.517241379	5.99242874344	172.0	0.97003	0.806923661003
10317.000001347	318.5	5.89395040726	182.0	0.959136	0.785044169389
10317.000005938	276.434782609	5.42974179745	159.0	0.939244	0.742489908652
10317.000003982	248.714285714	4.68934363373	137.0	0.865254	0.660654048745
10317.000001934	263.37037037	5.16831510042	155.0	0.91322	0.710311535723
10317.000015355	267.676470588	5.6793039025	170.0	0.950546	0.766500776035
10317.000002418a	390.0	6.23474720844	188.0	0.976884	0.825292723516
10317.000026083	320.53125	5.63978372609	181.0	0.940464	0.751986615592
10317.000016741	262.105263158	5.26470883083	135.0	0.94333	0.743937546291
10317.000009476	251.666666667	4.5038880425	110.0	0.88638	0.664157076569
10317.000003729	279.2	5.38260859195	163.0	0.941878	0.732454443679
10317.000017219	305.037037037	6.12126720918	179.0	0.972998	0.817933977982
10317.000003366	201.954545455	4.35176781863	116.0	0.899104	0.634555246176
10317.000004283	101.25	3.04000107057	54.0	0.765336	0.528246828357
10317.000003473	344.384615385	6.42308926866	220.0	0.9712	0.82544561685
10317.000016734	285.956521739	5.48006442787	152.0	0.953872	0.756087090786
10317.000007068	141.571428571	4.90761271482	94.0	0.940798	0.748729298797
10317.000011342	319.25	5.88169720359	174.0	0.958122	0.790238056607
10317.000026056	196.0	4.59294370963	112.0	0.904664	0.67470313539
10317.000012209	262.772727273	5.52587559064	153.0	0.945348	0.761413846196
10317.000016355	257.027777778	6.2999874737	182.0	0.976688	0.839126238212
10317.000015185	232.0	4.91707884641	122.0	0.906702	0.709459702038
10317.000003028	275.0	5.08913323009	141.0	0.914028	0.71280854761
10317.000012985	289.714285714	5.90615662443	174.0	0.960688	0.793524313025
10317.000016755	312.37037037	5.70008176567	177.0	0.928452	0.763307827046
10317.000014327	196.12	5.42069037737	130.0	0.958418	0.771917752202
10317.000013249	180.333333333	5.03743417107	115.0	0.939998	0.735876341004
10317.000008950A	232.615384615	3.66423911439	101.0	0.792912	0.550333843238
10317.000016716	217.8	5.994669821	162.0	0.96981	0.816729200003
10317.000022662	282.913043478	5.78773409918	159.0	0.96331	0.791443557154
10317.000022443	295.4	4.90302297364	125.0	0.92953	0.703872352815
10317.000017074	236.285714286	5.39602307303	145.0	0.950056	0.751544762668
10317.000002511	213.791666667	4.75456204511	135.0	0.891256	0.671850492628
10317.000013821	187.666666667	4.84600121195	114.0	0.925856	0.709216920206
10317.000004819	155.789473684	4.84266553082	106.0	0.920782	0.719786383256
10317.000003594	244.689655172	5.37617127089	149.0	0.945488	0.744707822744
10317.000001391	148.882352941	3.71567478353	88.0	0.824152	0.575232466709
10317.000017075	280.5	4.88549303645	138.0	0.906658	0.687272452414
10317.000010834	271.25	5.44559201642	147.0	0.939312	0.75636664498
10317.000014303	248.615384615	5.89473278964	161.0	0.967278	0.804092160318
10317.000015265	260.473684211	5.44475227613	137.0	0.956682	0.767079130171
10317.000003193	172.833333333	4.78619692641	94.0	0.925268	0.730205514749
10317.000014933	122.071428571	3.93463300534	82.0	0.849102	0.618891202538
10317.000013619	307.103448276	6.35496807517	184.0	0.978342	0.844675449247
10317.000005015	248.0	5.64975653504	143.0	0.964022	0.789086321429
10317.000022925	156.526315789	5.08360590043	109.0	0.941418	0.751103347144
10317.000003439	257.035714286	5.12627120298	147.0	0.938378	0.71201451364
10317.000016735	332.652173913	5.86046543435	170.0	0.96453	0.790951035633
10317.000011168	225.136363636	5.77606350601	150.0	0.963056	0.799032836942
10317.000004972	266.870967742	6.10538538474	170.0	0.972746	0.824006377496
10317.000009382	296.84	5.79052214744	164.0	0.96478	0.787017494923
10317.000006001	158.4	4.31727024196	102.0	0.89281	0.647031629533
10317.000027308	249.037037037	5.45152146087	157.0	0.923638	0.747334460355
10317.000003895	219.777777778	5.79215130178	152.0	0.964334	0.799145864943
10317.000001322	152.0	4.89064476911	109.0	0.931922	0.722593318152
10317.000002019	357.5	5.41594348788	143.0	0.947262	0.756430281094
10317.000026106	259.541666667	5.47400282647	156.0	0.934632	0.751365904314
10317.000008957B	325.44	6.19265096391	186.0	0.969862	0.821398131949
10317.000001047	214.0	4.84673238879	112.0	0.915056	0.711984676028
10317.000017071	211.055555556	4.33780731935	116.0	0.83671	0.632519588845
10317.000015262	233.047619048	5.37204322959	134.0	0.954416	0.760256923567
10317.000003981	256.181818182	5.2008718854	140.0	0.942438	0.729508405408
10317.000014334	280.25	6.19379209616	188.0	0.97199	0.819871500325
10317.000011378	345.142857143	5.63808053787	167.0	0.95676	0.763584281621
10317.000016718	227.052631579	5.76515031178	137.0	0.96847	0.812218125306
10317.000016714	326.272727273	6.31400338119	179.0	0.977536	0.84368770813
10317.000007748	239.5	5.11795127925	142.0	0.92888	0.71582269886
10317.000007073	253.896551724	5.54801689875	153.0	0.95563	0.764464710858
10317.000001247	352.333333333	6.62367192784	215.0	0.981708	0.854866683939
10317.000002036	174.055555556	4.72268403502	106.0	0.920474	0.701953013107
10317.000016742	216.0	5.4333459415	144.0	0.949496	0.757796760832
10317.000015627	215.033333333	5.70555175306	152.0	0.959292	0.787197684094
10317.000012112	278.217391304	5.61142554939	151.0	0.957554	0.775229591529
10317.000002437	193.333333333	4.75591676706	120.0	0.921272	0.68857566241
10317.000003731	235.6	5.25166552821	148.0	0.944468	0.72844156996
10317.000013171	226.038461538	5.25515540139	141.0	0.935422	0.73606241373
10317.000001487	261.043478261	5.64442925305	153.0	0.960652	0.777749429326
10317.000014306	214.5	4.95678327387	126.0	0.928286	0.710417716964
10317.000002064	291.615384615	5.87972681023	167.0	0.965278	0.796311252093
10317.000003492	243.125	5.36133038524	151.0	0.930138	0.740678447574
10317.000002336	238.526315789	5.07938516121	139.0	0.903172	0.713502908554
10317.000006074	186.037037037	5.47142520078	129.0	0.961538	0.780380524187
10317.000012061	207.052631579	4.57844070541	117.0	0.901264	0.666404316551
10317.000016756	248.2	5.88752359472	163.0	0.966114	0.801162251638
10317.000011018	342.236842105	6.03795231734	204.0	0.961066	0.7869678815
10317.000015261	410.235294118	5.73291641104	164.0	0.96135	0.77918802442
10317.000013458	252.444444444	6.15909084458	173.0	0.96969	0.828432929799
10317.000041935	194.5	4.05361771785	112.0	0.808132	0.595476181903
10317.000033721	272.0	5.94267463909	161.0	0.96815	0.810631840177
10317.000031491	350.260869565	6.28405696583	180.0	0.978234	0.838785395953
10317.000017671	180.789473684	4.8765392265	111.0	0.92846	0.717727516599
10317.000036943	320.615384615	5.75480248606	170.0	0.959066	0.776690356288
10317.000036102	272.25	5.88174051952	165.0	0.96316	0.798463649628
10317.000028894	244.55	5.23010360601	134.0	0.94426	0.740169486266
10317.000040401	247.6	5.77462669482	151.0	0.964838	0.797776154109
10317.000040358	213.454545455	5.52476688933	133.0	0.955228	0.783068139346
10317.000031506	279.636363636	5.88610917668	179.0	0.956558	0.786511767776
10317.000016446	351.6	5.48995773706	173.0	0.93707	0.738430701438
10317.000028793	394.125	5.30892079869	126.0	0.951068	0.760886886709
10317.000042026	293.228571429	6.35488141797	196.0	0.9738	0.834553324823
10317.000037582	241.047619048	5.54049604791	142.0	0.954264	0.774921959518
10317.000029202	215.052631579	4.49025248194	125.0	0.864464	0.644615494601
10317.000022618	356.730769231	5.9846117198	185.0	0.96264	0.794623370384
10317.000021229	141.076923077	3.05058953941	78.0	0.681172	0.485345159019
10317.000034121	156.230769231	4.45864974307	90.0	0.913718	0.686806937389
10317.000036071	226.5	4.6121645914	118.0	0.900252	0.670115326093
10317.000036166	188.272727273	5.47209088732	128.0	0.958878	0.781727269617
10317.000031593	202.176470588	4.61819490984	118.0	0.87668	0.670991489275
10317.000012263	126.1875	4.53931309005	89.0	0.919578	0.700972814653
10317.000034194	343.625	5.68564496473	173.0	0.943352	0.764751752293
10317.000036131	299.222222222	5.72468331994	167.0	0.95612	0.775313188771
10317.000002347	229.0	4.74843073909	125.0	0.918196	0.681679268987
10317.000016767	323.857142857	5.99402102703	184.0	0.966324	0.796699895879
10317.000036109	171.090909091	3.91488480629	89.0	0.804556	0.604546936347
10317.000004973	299.4	6.07446050108	173.0	0.967306	0.81704966477
10317.000040395	216.833333333	5.06226920645	125.0	0.931104	0.726733559291
10317.000031379	302.045454545	5.71670397372	162.0	0.954294	0.778858419651
10317.000004737	258.935483871	5.52858352838	167.0	0.930182	0.748754731959
10317.000006666	256.105263158	4.79715258552	129.0	0.914854	0.684210111976
10317.000003969	163.789473684	4.97235481426	114.0	0.935532	0.72770889096
10317.000001749	308.7	6.07933198161	184.0	0.968184	0.80803906675
10317.000009507	332.037037037	6.04314068095	177.0	0.972184	0.809247440886
10317.000017356	157.461538462	4.00024197439	88.0	0.835554	0.619286991575
10317.000040348	361.8	5.5911250401	166.0	0.952996	0.758114596152
10317.000026595	240.0	5.8624126048	171.0	0.959344	0.790311291986
10317.000012335	315.12	5.34861986432	162.0	0.933604	0.728709696005
10317.000022554	374.0	5.95130300735	164.0	0.969358	0.808869988771
10317.000003718	405.24137931	6.20075016004	206.0	0.96971	0.806706528948
10317.000006113	249.5	5.00861216579	143.0	0.911786	0.699539409328
10317.000006662	323.884615385	6.07354911043	180.0	0.969502	0.810687160084
10317.000013756	290.538461538	6.36612632541	199.0	0.973428	0.833630909169
10317.000001216	298.833333333	5.98496830887	177.0	0.967156	0.801457477733
10317.000010945	277.451612903	5.21280032118	165.0	0.91825	0.707653041717
10317.000016722	229.538461538	5.94107693411	152.0	0.970994	0.819693205139
10317.000016358	269.375	4.65850555095	127.0	0.908304	0.666578299027
10317.000035392	282.619047619	5.81052665615	154.0	0.965726	0.799600569469
10317.000043118	356.538461538	6.19090264774	192.0	0.968458	0.816207416602
10317.000006685	165.681818182	4.90263124283	110.0	0.93071	0.722956965851
10317.000005992	245.954545455	4.18195137817	133.0	0.819604	0.592740463108
10317.000012947	298.034482759	5.86029662109	172.0	0.963578	0.789131119703
10317.000012122	204.357142857	5.38544265685	139.0	0.949476	0.75649490589
10317.000004758	290.375	5.54619333559	152.0	0.951432	0.76521092758
10317.000042014	309.222222222	6.4117249138	210.0	0.976378	0.831153856733
10317.000014612	253.0625	5.91949702509	164.0	0.970196	0.804547085957
10317.000027267	294.181818182	6.10038701496	186.0	0.969254	0.809160168634
10317.000006625	161.384615385	4.74940634667	118.0	0.9117	0.6900555953
10317.000008951B	173.0	4.05180478948	87.0	0.870602	0.628874798001
10317.000006778	256.081081081	6.13072062968	177.0	0.974284	0.82097542359
10317.000012971	320.0	6.13480443257	200.0	0.967666	0.802579781757
10317.000017652	340.243243243	6.52967730582	217.0	0.976922	0.841285087254
10317.000015254	330.533333333	5.97909104938	191.0	0.96175	0.789065946388
10317.000001438	295.0	5.79314630148	160.0	0.967158	0.791205025016
10317.000006803	230.64	5.64466727532	150.0	0.958086	0.780856114532
10317.000013299	308.307692308	5.63443770169	171.0	0.953024	0.759578016734
10317.000036039	187.105263158	5.07192020272	120.0	0.928702	0.734327572229
10317.000011026	314.230769231	5.54438907363	167.0	0.940758	0.750895330313
10317.000012993	287.535714286	5.72663843467	166.0	0.962498	0.776489195478
10317.000009218	295.363636364	5.93656651195	182.0	0.961586	0.79072041744
10317.000009419	247.038461538	5.91618166628	162.0	0.95966	0.806035772386
10317.000010693	360.454545455	6.07438963968	195.0	0.970024	0.798491637559
10317.000008951A	121.0	3.83524358335	73.0	0.85777	0.619604569866
10317.000001669	203.55	4.77914145062	118.0	0.916852	0.694375898378
10317.000036068	278.217391304	5.45433049245	151.0	0.943854	0.75352659721
10317.000042981	248.037037037	5.7607335296	156.0	0.96036	0.790722784623
10317.000004075	311.307692308	5.95795540408	174.0	0.960998	0.800483761217
10317.000028776	394.333333333	6.36146886341	233.0	0.970764	0.808916364185
10317.000004011	176.5	4.68253122051	103.0	0.922966	0.700296246365
10317.000004285	314.416666667	6.03769455279	193.0	0.964414	0.795222748467
10317.000011964	322.558823529	6.03178676002	194.0	0.964852	0.793665254493
10317.000012011	327.5	5.89905444448	182.0	0.962226	0.785724001147
10317.000026116	249.833333333	4.7498508614	127.0	0.893834	0.679648757138
10317.000015607	276.777777778	6.09345616318	174.0	0.967984	0.818689026267
10317.000011031	318.0	5.56519780389	160.0	0.943084	0.760072720158
10317.000018035	308.483870968	5.93995923804	185.0	0.949564	0.78869451364
10317.000022498	319.6875	6.18706877785	186.0	0.970806	0.820657706366
10317.000018398	214.352941176	5.46637589393	127.0	0.955	0.782175207343
10317.000023929	318.0	5.05416172327	177.0	0.86281	0.676811554839
10317.000009558	274.772727273	5.34317904775	152.0	0.937172	0.737200949904
10317.000012391	380.21875	6.29528826706	203.0	0.974386	0.821267108848
10317.000040145	190.121212121	6.21099652332	153.0	0.979578	0.855817087077
10317.000002051	240.666666667	5.54198681922	154.0	0.936898	0.762646155654
10317.000016726	382.037037037	6.4930658646	206.0	0.978122	0.844736280397
10317.000005927	267.941176471	5.47967436235	175.0	0.927584	0.735407208319
10317.000018369	246.125	5.64731324579	164.0	0.942604	0.767553289768
10317.000002191	345.428571429	6.15697571888	204.0	0.967294	0.802481020597
10317.000013539	321.636363636	5.99517528044	192.0	0.962822	0.790402758072
10317.000026622	420.636363636	6.07517976027	215.0	0.961454	0.784076994236
10317.000004289	254.823529412	5.88829268272	171.0	0.958942	0.793800182856
10317.000014543	225.84	4.43201734344	132.0	0.884688	0.629155221634
10317.000018025	207.875	5.39293715235	139.0	0.940618	0.757547660145
10317.000011073	271.772727273	5.39325748653	149.0	0.949044	0.747074607172
10317.000001111	173.8	4.58568661704	115.0	0.870808	0.669884344717
10317.000013053	169.5	4.10852017413	99.0	0.860904	0.619746441409
10317.000010225	314.5	6.74837774399	217.0	0.983114	0.869462500715
10317.000003226	342.038461538	6.20110344564	188.0	0.972458	0.820839302758
10317.000013167	230.263157895	5.77810855337	163.0	0.962876	0.786273275063
10317.000018299	222.125	4.71016697754	130.0	0.905432	0.670737720232
10317.000010879	228.4	4.92060491039	122.0	0.92067	0.709968459449
10317.000013685	330.8	5.93138055979	195.0	0.957194	0.779692785138
10317.000020032	271.352941176	5.8730580229	149.0	0.967128	0.813536629081
10317.000013055	266.772727273	5.11644601521	144.0	0.922174	0.713598261373
10317.000003579	275.7	5.72064036612	173.0	0.945278	0.769458833846
10317.000001284	254.37037037	4.74874627443	146.0	0.874246	0.660481522956
10317.000013684	247.047619048	5.71558686387	148.0	0.963314	0.792790600619
10317.000006665	392.137931034	6.6695043169	211.0	0.983762	0.863802439768
10317.000002638	237.636363636	5.5823199973	146.0	0.957518	0.776419501141
10317.000002443	370.529411765	6.43050593173	213.0	0.976882	0.831382979772
10317.000017349	403.689655172	6.67760175823	219.0	0.980622	0.858879054442
10317.000005814	241.37037037	5.91686472976	157.0	0.96933	0.811127121401
10317.000001482	237.588235294	4.37561790503	119.0	0.875546	0.634624156177
10317.000020071	215.565217391	5.67409995275	136.0	0.964762	0.800582673919
10317.000004026	304.076923077	5.72652560742	170.0	0.951334	0.772873999601
10317.000013134	270.555555556	6.06929215291	165.0	0.974466	0.82392433787
10317.000004822	238.666666667	5.92301080736	164.0	0.96635	0.805024660871
10317.000009101	301.5625	6.40254076959	190.0	0.979334	0.845794305844
10317.000013159	325.323529412	6.11677312222	194.0	0.968202	0.804847798815
10317.000018073	320.0	5.4506718693	158.0	0.947802	0.7462808725
10317.000021267	207.545454545	5.1604528024	135.0	0.931358	0.729205492446
10317.000016772	281.935483871	6.05327475928	180.0	0.969194	0.807980973659
10317.000009596	257.0	5.51003930663	135.0	0.955074	0.778604335675
10317.000009003	264.04	5.47896928331	156.0	0.93607	0.75204760406
10317.000006635	242.428571429	5.1283823283	161.0	0.912396	0.699555378075
10317.000017265	305.6	5.72990600542	178.0	0.952126	0.766467405283
10317.000001734	286.5	5.98497511085	171.0	0.966236	0.806833931901
10317.000001286	330.15	5.39416496303	160.0	0.934128	0.736713730745
10317.000014397	269.533333333	6.1604772923	172.0	0.974884	0.829552607642
10317.000010746	176.1	4.30724256039	90.0	0.90203	0.663484292771
10317.000010873	225.37037037	4.96791907569	141.0	0.912608	0.695830708469
10317.000016731	319.0	6.24533830312	205.0	0.965162	0.813250144828
10317.000016458	476.09375	6.39476548203	230.0	0.966508	0.815088087616
10317.000009174	318.576923077	5.9796388778	178.0	0.965126	0.799873207495
10317.000004719	321.032258065	5.9298332377	186.0	0.963576	0.786537780444
10317.000018345	283.4	5.50078659398	152.0	0.94279	0.758946137883
10317.000013222	303.636363636	5.32969771624	160.0	0.928748	0.727909048979
10317.000003809	259.464285714	5.66493016262	163.0	0.952052	0.770872189545
10317.000004847	238.5	5.31486130163	141.0	0.93618	0.744425110108
10317.000002261	333.785714286	5.83573582061	181.0	0.955476	0.778114098406
10317.000014134	166.576923077	5.29109614147	125.0	0.941358	0.759583691549
10317.000016729	307.607142857	6.33583837975	189.0	0.976576	0.837825346547
10317.000014877	292.619047619	5.83305204474	164.0	0.959138	0.792797936199
10317.000001652	230.5	6.04286435467	159.0	0.972262	0.82633133767
10317.000017083	239.884615385	5.53187658425	147.0	0.958234	0.768351158122
10317.000002606	323.2	5.38470544699	148.0	0.929896	0.746895107563
10317.000011357	373.777777778	5.79724620588	183.0	0.96153	0.771351481648
10317.000004813	321.034482759	6.02434073193	186.0	0.964304	0.799073329382
10317.000013453	242.130434783	5.21673152662	146.0	0.924456	0.725571463379
10317.000016768	331.323529412	6.24771656202	200.0	0.971162	0.817351400511
10317.000013174	192.625	3.77297905941	85.0	0.809104	0.588664211156
10317.000016166	339.25	5.22955501747	138.0	0.931406	0.735673774391
10317.000003595	316.0	4.4504351764	150.0	0.867028	0.615651791385
10317.000012184	263.428571429	6.01177781546	182.0	0.963704	0.800738179928
10317.000011358	321.046511628	6.60434938498	215.0	0.98088	0.852372871092
10317.000013471	344.5	5.99283334299	208.0	0.958756	0.778245601855
10317.000001436	402.0	5.80896429712	174.0	0.95774	0.78046599445
10317.000009385	343.652173913	6.17306936238	181.0	0.973644	0.823092828215
10317.000006053	318.157894737	5.3589242232	156.0	0.93493	0.735570125329
10317.000002185	205.315789474	5.22303126984	130.0	0.936102	0.743770678054
10317.000016488	160.588235294	4.11690706251	97.0	0.837766	0.623782034847
10317.000001516	224.235294118	4.9221592623	127.0	0.886782	0.704304097682
10317.000011352	346.038461538	6.16586396808	192.0	0.965926	0.812906321883
10317.000004009	206.8	5.33333051521	136.0	0.943994	0.752502077918
10317.000013801	307.0	5.6279558553	164.0	0.951906	0.764922334462
10317.000003996	422.038461538	6.21886348872	208.0	0.962174	0.807598490002
10317.000017339	267.55	5.77967451994	157.0	0.95328	0.792320083374
10317.000010183	409.028571429	6.5253990814	225.0	0.97726	0.835114129985
10317.000012318	222.0	4.89463896932	155.0	0.876334	0.672698636896
10317.000007666	323.25	6.04480630587	178.0	0.966722	0.80859040276
10317.000006026	165.0	5.28841848397	116.0	0.956986	0.771133441128
10317.000002349	275.136363636	5.53047788425	149.0	0.95383	0.766082391425
10317.000015908	199.55	5.44993075634	128.0	0.95539	0.77856153662
10317.000001423	210.64	4.72397251911	130.0	0.898402	0.672703658494
10317.000011036	245.033333333	5.62888661599	155.0	0.957584	0.773610551781
10317.000005845	287.451612903	5.96214567957	175.0	0.965894	0.800157932728
10317.000009118	369.6875	5.6276646643	157.0	0.959546	0.771481459835
10317.000005576	272.222222222	5.80440145267	161.0	0.965024	0.791770190438
10317.000013584	274.166666667	5.07990544138	140.0	0.912832	0.7125408585
10317.000002801	302.111111111	6.30455678457	188.0	0.971424	0.834533408548
10317.000013265	357.666666667	6.15821119891	206.0	0.966644	0.801172286027
10317.000010833	231.117647059	4.83479879108	127.0	0.912506	0.691803824005
10317.000013238	215.0	4.70456637499	86.0	0.936894	0.732084119558
10317.000012983	234.607142857	5.50394919088	158.0	0.923164	0.753575357838
10317.000004915	303.866666667	5.77219055671	152.0	0.963066	0.79639187147
10317.000001099	450.765957447	6.9991758605	264.0	0.985528	0.870068740622
10317.000010881	256.333333333	4.97702440449	151.0	0.905922	0.687585812583
10317.000015856	291.78125	6.09127989779	188.0	0.966714	0.806301973195
10317.000017324	317.272727273	4.03251546257	155.0	0.716892	0.554212000505
10317.000003061	258.307692308	5.76735292113	160.0	0.95707	0.787682267074
10317.000028859	273.107142857	6.07799415909	174.0	0.970802	0.816611621797
10317.000014922	307.103448276	5.85402807214	184.0	0.956552	0.778092625053
10317.000012903	300.433333333	6.18707804925	187.0	0.972226	0.81981775181
10317.000014684	459.789473684	6.24881228872	194.0	0.97107	0.822221572599
10317.000012991	327.441176471	6.65616654412	207.0	0.982244	0.865169016454
10317.000014121	180.652173913	4.83372955972	123.0	0.895966	0.696250552448
10317.000004736	283.9	5.51898886223	186.0	0.91259	0.732043056859
10317.000011248	322.307692308	6.11522962189	185.0	0.966404	0.811966523533
10317.000010962	346.44	5.90568911746	179.0	0.962894	0.789128072259
10317.000016773	288.757575758	5.91270888523	178.0	0.965168	0.79092024078
10317.000002348	288.052631579	5.60926422323	185.0	0.935442	0.744785568576
10317.000016354	318.833333333	6.58692614959	200.0	0.983368	0.861728162599
10317.000004922	171.130434783	4.77230117683	120.0	0.893422	0.690947845599
10317.000003091	186.0	4.88067193323	116.0	0.92772	0.711677669667
10317.000001965	254.357142857	6.39934700642	173.0	0.980296	0.860748757097
10317.000005454	150.620689655	5.1309594477	118.0	0.94138	0.745492597959
10317.000014369	414.466666667	6.80176672441	245.0	0.982488	0.857008569205
10317.000003086	258.078947368	5.83804567424	177.0	0.958724	0.781782813124
10317.000001528	266.166666667	6.43155521638	187.0	0.97774	0.852212158334
10317.000002444	284.24	5.52213489336	161.0	0.94802	0.753266608416
10317.000015584	296.391304348	5.42227133036	159.0	0.937562	0.741468359813
10317.000023375	274.136363636	4.60116233708	148.0	0.834094	0.638212372525
10317.000015624	350.115384615	5.85541812428	182.0	0.960076	0.779911865587
10317.000020431	279.263157895	6.40533774465	194.0	0.97746	0.842817263522
10317.000006671	391.689655172	6.38069587058	207.0	0.97557	0.829363318067
10317.000009102	205.181818182	5.23401550971	146.0	0.928042	0.727975413982
10317.000015214	393.222222222	6.13238528894	191.0	0.97123	0.809296323082
10317.000002172	320.230769231	5.69109338273	173.0	0.94627	0.765484595663
10317.000016745	264.0	5.10309162396	150.0	0.923076	0.705937144429
10317.000001189	353.0	5.41504695769	140.0	0.9452	0.759550005914
10317.000007678	217.1875	2.89674637415	99.0	0.700566	0.436957391216
10317.000003358	298.0	5.5863820842	155.0	0.954764	0.767768907325
10317.000009231	278.103448276	4.80849947065	155.0	0.894296	0.660859985731
10317.000006653	168.041666667	5.0206112674	123.0	0.926016	0.723168999292
10317.000018318	281.78125	6.02324721008	178.0	0.965714	0.805706525748
10317.000013859	270.551724138	5.79071844828	167.0	0.950952	0.784256549139
10317.000015928	313.677419355	6.34930797524	193.0	0.975594	0.836265249059
10317.000013757	357.483870968	6.30331424407	201.0	0.972298	0.823849386789
10317.000012298	315.75	5.44803196158	167.0	0.931066	0.737845361322
10317.000001731	383.04	6.28106085669	189.0	0.977758	0.830581791001
10317.000017171	291.757575758	5.96946567119	181.0	0.965124	0.795945111548
10317.000014587	230.647058824	5.08417830504	123.0	0.936946	0.732325197323
10317.000017343	276.25	5.96467834481	169.0	0.96979	0.805941833826
10317.000002171	255.857142857	5.89852485095	162.0	0.966296	0.803630162555
10317.000016764	242.65625	5.96051485961	165.0	0.967988	0.809157498986
10317.000016727	271.730769231	5.80754754739	165.0	0.96294	0.788391734502
10317.000002013	302.483870968	5.58358665541	179.0	0.9391	0.74608820174
10317.000013454	229.956521739	6.0491195652	153.0	0.973984	0.833511959994
10317.000016766	320.884615385	5.9084591929	177.0	0.961784	0.791212009428
10317.000001234	197.5	4.52000568906	118.0	0.858138	0.656725280774
10317.000001922	353.588235294	6.30648927355	208.0	0.968982	0.818977812227
10317.000026623	400.033333333	6.17358417605	211.0	0.960636	0.799573224636
10317.000006761	307.692307692	6.53933833722	205.0	0.979616	0.851533990907
10317.000004076	210.571428571	5.84126789622	160.0	0.964452	0.79777728223
10317.000009532	295.7	6.50271088994	200.0	0.980192	0.850710783732
10317.000005846	274.130434783	6.02925161137	163.0	0.97212	0.820448312257
10317.000004821	372.5	6.42120771678	230.0	0.970544	0.818458461496
10317.000002712	309.5	5.5520653488	176.0	0.938508	0.744301393544
10317.000010832	236.8	5.39166211266	151.0	0.939332	0.744868835997
10317.000013734	317.833333333	6.3777704719	199.0	0.977552	0.835155685765
10317.000009659	305.307692308	5.66547947287	168.0	0.953842	0.766401001046
10317.000001116	224.5	4.86079847454	142.0	0.904624	0.679855999561
10317.000017292	355.794117647	6.65026693997	216.0	0.981152	0.857558144862
10317.000015862	223.956521739	5.66855692135	147.0	0.959992	0.787335402202
10317.000002446	213.25	4.19060411273	127.0	0.830266	0.599627011455
10317.000006678	257.541666667	5.53591719511	154.0	0.951042	0.76181090006
10317.000014224	307.05	6.34160979365	172.0	0.980276	0.853943402655
10317.000017218	273.689655172	6.25506124196	178.0	0.97518	0.836715393844
10317.000009661	343.965517241	5.99141173954	190.0	0.96461	0.791482962099
10317.000006729	216.714285714	5.60822401593	138.0	0.962974	0.788943479062
10317.000003476	359.096774194	6.49644343032	212.0	0.975494	0.840645742735
10317.000001811	227.315789474	4.38461575713	131.0	0.83805	0.623397136241
10317.000016749	305.538461538	6.19043043246	184.0	0.97115	0.82280580244
10317.000003214	214.9375	2.8625876647	108.0	0.54438	0.423780213035
10317.000013686	256.352941176	5.40640089507	134.0	0.954002	0.765119254704
10317.000010845	274.5	6.14924525345	170.0	0.975646	0.82992587467
10317.000001311	249.166666667	4.93126870354	130.0	0.913456	0.702223072735
10317.000003593	331.434782609	5.77365499971	165.0	0.961634	0.78379072104
10317.000001435	192.913043478	5.16673655757	133.0	0.923552	0.732321718486
10317.000017205	391.041666667	6.02080744616	193.0	0.959278	0.792998553249
10317.000014551	256.076923077	5.7126727669	155.0	0.964656	0.785125768707
10317.000002781	213.2	3.74189660935	103.0	0.78053	0.559619578902
10317.000007675	253.666666667	5.73750220767	159.0	0.95795	0.784574598383
10317.000003216	257.368421053	5.50527085067	141.0	0.94995	0.771094789986
10317.000005238	288.4	5.37194832918	162.0	0.930966	0.731888025923
10317.000022448	277.129032258	5.61438200241	170.0	0.951246	0.757738665809
10317.000001004	151.166666667	5.10826669422	117.0	0.942678	0.743521909348
10317.000014122	290.84	5.54088833642	158.0	0.95421	0.758632895408
10317.000016728	308.363636364	6.41289688349	195.0	0.976896	0.842989145863
10317.000010773	211.5	4.13277437535	129.0	0.839692	0.589450922754
10317.000005553	239.333333333	6.13010703386	170.0	0.970862	0.827342906684
10317.000014054	445.730769231	6.04348106984	198.0	0.968772	0.792135086979
10317.000001779	225.0	5.98733792032	160.0	0.965466	0.817726948794
10317.000026081	305.8125	5.06222207262	137.0	0.931716	0.713186699279
10317.000016769	273.5	5.59258710415	158.0	0.952486	0.765711252429
10317.000003372	248.884615385	5.83642338615	156.0	0.967484	0.801112033463
10317.000004738	362.275862069	6.15118365386	195.0	0.968492	0.808586376583
10317.000041976	311.181818182	6.50426958414	203.0	0.978344	0.848530273743
10317.000036427	314.483870968	6.19357327894	191.0	0.972186	0.817371356367
10317.000043092	261.848484848	6.08337828459	180.0	0.96479	0.811999141783
10317.000036069	170.75	4.8753239169	99.0	0.93226	0.735414339022
10317.000028711	249.541666667	5.5006706259	146.0	0.953076	0.765063261398
10317.000027901	417.405405405	6.63364052981	234.0	0.978758	0.842863166596
10317.000031057	287.565217391	5.54993041751	157.0	0.947868	0.760825080366
10317.000021275	232.875	5.09869264528	153.0	0.917148	0.70255204156
10317.000031439	293.5	5.50567587955	151.0	0.946178	0.760620064479
10317.000036437	365.451612903	5.89155810942	196.0	0.96062	0.773707499042
10317.000043117	333.444444444	5.70111125264	175.0	0.95373	0.765125449685
10317.000040144	147.555555556	4.3307135923	102.0	0.844352	0.64904639173
10317.000039994	384.0	5.53929456089	153.0	0.945742	0.763262854481
10317.000036067	270.0625	6.35844845496	181.0	0.978564	0.847810548469
10317.000036877	317.0	6.23265106266	200.0	0.969344	0.815380471312
10317.000038417	322.64	5.70635095035	173.0	0.95143	0.767536825733
10317.000031891	268.617647059	5.96189822639	178.0	0.960388	0.797500109045
10317.000028719	278.5	5.46954272235	131.0	0.953792	0.777650188415
10317.000023341	212.65	5.18648254974	130.0	0.939734	0.738566063162
10317.000036901	232.875	5.1941974572	153.0	0.932916	0.715711709197
10317.000035492	428.5	6.09786788355	201.0	0.96183	0.796997344898
10317.000041632	235.434782609	4.97353631287	145.0	0.88133	0.692701850472
10317.000027775	288.885714286	5.73149023824	182.0	0.951052	0.763405302478
10317.000036094	174.066666667	4.00644390015	102.0	0.814622	0.600447917333
10317.000039831	257.84375	5.41831821785	164.0	0.935746	0.736429482857
10317.000043164	214.55	5.24677938843	129.0	0.94414	0.748339655426
10317.000036422	303.4	6.07276812477	177.0	0.96727	0.81321490323
10317.000036939	256.130434783	5.36282178588	145.0	0.943112	0.746920569417
10317.000020388	517.0	6.73771122397	253.0	0.982238	0.844008098081
10317.000036147	333.032258065	5.84730131604	189.0	0.941014	0.773223203915
10317.000035412	259.583333333	5.89199335511	174.0	0.963356	0.791621400646
10317.000031272	104.5	3.64322084176	73.0	0.811564	0.588582246089
10317.000037565	266.333333333	5.44721354355	148.0	0.936116	0.755565403824
10317.000018298	215.724137931	5.43378210435	144.0	0.951186	0.757857593107
10317.000001764	290.12	6.01299923802	170.0	0.969374	0.811537586536
10317.000014232	286.02173913	5.84755162136	191.0	0.961022	0.771706571459
10317.000009677	256.894736842	5.18768047352	137.0	0.942266	0.730861795619
10317.000036045	370.571428571	6.04348004951	167.0	0.967922	0.818488906127
10317.000018424	225.789473684	4.52821543836	123.0	0.876818	0.652244289137
10317.000015901	202.714285714	5.05449055533	124.0	0.933906	0.726825980996
10317.000014978	322.777777778	6.0729680369	181.0	0.96945	0.809745710556
10317.000017133	260.714285714	5.50722243172	149.0	0.951326	0.762861043638
10317.000018401	322.135135135	6.52268914046	209.0	0.980126	0.84629365632
10317.000026136	276.434782609	5.74345056547	159.0	0.96185	0.785388006425
10317.000018408	169.4	4.98148597733	113.0	0.937818	0.730403997429
10317.000013197	292.5	5.92486683283	168.0	0.970414	0.801489775666
10317.000001936	208.714285714	4.7225997774	114.0	0.917452	0.691157002031
10317.000009495	251.0	4.67783035942	117.0	0.921032	0.680870747092
10317.000033748	286.666666667	4.80053745496	155.0	0.843624	0.659765719712
10317.000006717	322.142857143	5.74368768674	164.0	0.959688	0.780651999896
10317.000001786	286.486486486	6.29375093151	190.0	0.975076	0.831422850996
10317.000022553	368.785714286	6.06069473694	192.0	0.968474	0.799040830639
10317.000009178	315.625	6.38716350502	204.0	0.97551	0.832482979023
10317.000034127	211.730769231	5.33966215108	139.0	0.94447	0.750064103149
10317.000005085	290.75	5.72632515717	152.0	0.963872	0.790063800521
10317.000009648	309.090909091	5.88602695682	185.0	0.954962	0.781533505862
10317.000013001	258.5	5.66484896837	166.0	0.950016	0.768111007555
10317.000034147	325.875	5.27893250415	159.0	0.936564	0.721867495546
10317.000028856	229.444444444	5.07438160222	140.0	0.932162	0.711766048585
10317.000005163	153.05	4.21459270887	99.0	0.88124	0.635746868121
10317.000009628	300.111111111	5.88148461587	171.0	0.963024	0.792882388005
10317.000001789	319.15	5.87103180998	169.0	0.95324	0.793288400457
10317.000002346	236.142857143	4.94734058876	134.0	0.928422	0.700152581634
10317.000016762	294.5	5.56829274066	158.0	0.944098	0.762384980142
10317.000014291	241.0	6.18875939624	176.0	0.968632	0.829655624268
10317.000011191	369.5	5.78511545173	155.0	0.965718	0.795081987264
10317.000011969	203.045454545	5.58761982202	138.0	0.957976	0.786044959963
10317.000013764	353.136363636	5.63526886461	167.0	0.952212	0.763203487219
10317.000016333	323.157894737	5.8434170779	161.0	0.965342	0.797092256678
10317.000038478	283.730769231	6.16870708233	177.0	0.971174	0.826062255292
10317.000034126	277.176470588	5.75653797236	151.0	0.956914	0.795277161152
10317.000006036	313.535714286	6.16808540885	183.0	0.970358	0.820693420648
10317.000013902	336.75	6.10347898433	202.0	0.964536	0.796984909345
10317.000015295	207.176470588	4.80900263105	123.0	0.901928	0.692688884892
10317.000006795	367.1	5.91012534272	192.0	0.957744	0.77918979061
10317.000002141	244.473684211	4.9524957788	135.0	0.912204	0.699819814559
10317.000006017	189.714285714	4.67407812027	119.0	0.883904	0.677911770945
10317.000021323	291.885714286	6.1721480807	185.0	0.973716	0.819524029297
10317.000017174	251.0	5.41392735782	149.0	0.928442	0.749937799966
10317.000014451	223.5	5.17956008554	132.0	0.93402	0.735274034613
10317.000013984	225.037037037	5.83169648157	148.0	0.969174	0.80889579082
10317.000015587	256.071428571	4.69873578487	121.0	0.886416	0.679119621784
10317.000003508	308.0	5.88962395404	179.0	0.958186	0.786981418213
10317.000036114	223.666666667	5.07450838705	137.0	0.929998	0.714917645869
10317.000010712	280.25	6.19758433693	191.0	0.972062	0.817900699245
10317.000013986	284.538461538	5.69588504174	163.0	0.955984	0.775084466618
10317.000014259	271.260869565	5.54575057967	157.0	0.946408	0.760252077603
10317.000006899	311.621621622	6.24101200897	196.0	0.975116	0.819599451158
10317.000003879	215.588235294	5.2945510195	125.0	0.94649	0.760079669874
10317.000003287	329.5	6.52030815824	214.0	0.97906	0.842257439023
10317.000013952	222.772727273	5.73390993408	145.0	0.96101	0.798604809921
10317.000010169	190.1	3.88361067822	82.0	0.853926	0.610865735019
10317.000001805	228.791666667	5.8717111807	150.0	0.966962	0.812264276101
10317.000012959	229.357142857	5.66255105921	148.0	0.964184	0.785434175386
10317.000005009	258.473684211	5.70002416607	149.0	0.96097	0.78956796062
10317.000033803	219.565217391	5.43979649123	140.0	0.947396	0.763021537832
10317.000014237	273.0	5.77518652545	168.0	0.952988	0.781241685815
10317.000017185	360.538461538	6.10264109219	204.0	0.970004	0.795399214745
10317.000002811	279.214285714	5.04973282795	126.0	0.936446	0.723739463417
10317.000035361	170.0	5.28971570884	123.0	0.9467	0.761930811203
10317.000044399	214.333333333	5.27089180433	142.0	0.921854	0.737213738645
10317.000005987	286.136363636	5.98575578273	160.0	0.972588	0.817510866695
10317.000003922	340.045454545	5.93859637031	170.0	0.969408	0.801495888325
10317.000015542	240.588235294	4.80239496539	122.0	0.913092	0.692912562039
10317.000017114	166.1	4.86756137815	92.0	0.942178	0.746150862203
10317.000014222	196.333333333	5.15539896126	123.0	0.94662	0.742583822806
10317.000001882	306.65	6.14621552473	202.0	0.962942	0.802565395141
10317.000012004	385.533333333	6.2096600179	207.0	0.967188	0.807132065369
10317.000001702	380.630434783	6.12623457427	228.0	0.960484	0.782116761909
10317.000001732	328.5	6.02428949363	195.0	0.960272	0.791905865155
10317.000014929	245.0	4.8183770641	130.0	0.920138	0.686147064977
10317.000001151	290.21875	5.90012595914	176.0	0.968066	0.790961866907
10317.000002262	320.322580645	6.11679553821	194.0	0.967234	0.804850748322
10317.000016752	175.5625	4.41450964272	108.0	0.886104	0.653528225496
10317.000027295	307.12	5.84375753975	171.0	0.962954	0.78779640442
10317.000029188	309.307692308	5.5669403089	172.0	0.945686	0.749628580825
10317.000014392	235.8	5.28798853994	135.0	0.94813	0.747227120365
10317.000002512	225.434782609	5.08875234498	135.0	0.927878	0.719073752198
10317.000012242	348.625	5.85746977369	178.0	0.961208	0.783531118087
10317.000031519	225.607142857	5.57549487555	149.0	0.9541	0.772318149901
10317.000016177	293.7	5.31317793689	169.0	0.922728	0.717911699905
10317.000015329	287.913043478	6.0101793177	164.0	0.96852	0.816872149042
10317.000014318	264.857142857	6.0729708007	171.0	0.972736	0.818696622575
10317.000013609	269.0	4.65361225216	125.0	0.893584	0.66806723579
10317.000014317	343.142857143	5.39425284504	165.0	0.931554	0.732285757825
10317.000029154	305.052631579	5.60120732956	159.0	0.947486	0.765936958627
10317.000009529	179.5	4.80624437598	106.0	0.927246	0.714372949032
10317.000011955	266.473684211	5.39937932781	143.0	0.9479	0.754116809344
10317.000003266	229.12	5.08270390901	138.0	0.91987	0.715015322787
10317.000016405	362.84	6.30855962294	188.0	0.977282	0.835063263772
10317.000010984	246.84	5.8286664064	153.0	0.968488	0.803135581664
10317.000010843	389.636363636	5.84514487147	178.0	0.962386	0.7818824635
10317.000008955	275.0	5.60387557661	137.0	0.965046	0.789497076248
10317.000027648	219.117647059	4.42372948018	115.0	0.872238	0.646225390331
10317.000015263	171.1	3.77992251191	85.0	0.810208	0.58974753601
10317.000014357	242.130434783	5.31568147657	146.0	0.929176	0.739333961912
10317.000017093	324.714285714	4.92057610106	137.0	0.910464	0.693231031299
10317.000010797	271.526315789	5.03323364343	137.0	0.932	0.709102689958
10317.000014954	245.884615385	5.55537552742	153.0	0.95189	0.765478660895
10317.000014379	243.84	5.49455793483	150.0	0.945162	0.760090710541
10317.000005915	153.666666667	4.42764772572	99.0	0.872934	0.667884981825
10317.000001363	247.037037037	5.20946173983	155.0	0.896512	0.715966557148
10317.000013604	91.3636363636	2.51336916013	57.0	0.556824	0.430896031645
10317.000014095	231.047619048	5.36203925388	141.0	0.94248	0.751033081663
10317.000012275	245.884615385	5.64454106393	153.0	0.957048	0.777764835816
10317.000006619	218.0	5.55167243566	134.0	0.95764	0.785678228228
10317.000011145	173.0	4.26759453434	120.0	0.82598	0.617874928706
10317.000011389	261.285714286	5.97211392939	170.0	0.96471	0.806019547473
10317.000023487	205.157894737	4.97622519061	127.0	0.911358	0.712040307102
10317.000002205	159.875	3.86622898494	98.0	0.812816	0.584489580957
10317.000011155	362.0	5.45465365631	167.0	0.933144	0.738742159795
10317.000006929	204.25	5.03984233974	128.0	0.931214	0.719977477105
10317.000013648	181.058823529	4.69594659102	109.0	0.888118	0.693826640305
10317.000012155	385.025	6.63971467053	224.0	0.98236	0.850443554419
10317.000013119	302.363636364	5.90795295735	181.0	0.964376	0.787743247835
10317.000006654	281.035714286	6.08723346335	171.0	0.971598	0.820619370786
10317.000002071	295.0	5.22357965773	149.0	0.926942	0.723570816074
10317.000011049	321.142857143	5.95013002179	163.0	0.968674	0.809681607063
10317.000004159	252.476190476	5.01016611597	144.0	0.89424	0.698775247295
10317.000002568	169.0	4.69529833176	103.0	0.901632	0.702205632479
10317.000008957A	312.0	6.21537831013	195.0	0.971426	0.817024902796
10317.000002749	346.136363636	5.96893410498	180.0	0.961542	0.796723324421
10317.000001127	219.8	5.59240342043	149.0	0.952648	0.774660323356
10317.000017661	286.029411765	6.01564026295	176.0	0.971198	0.806447537896
10317.000002201	164.666666667	3.7352835991	78.0	0.835318	0.59427916767
10317.000011298	240.153846154	4.65247153218	113.0	0.908628	0.682162676055
10317.000001939	181.5	4.70519215536	111.0	0.88316	0.692508708315
10317.000001726	236.3125	5.45916336493	163.0	0.93113	0.742871861682
10317.000012381	370.476190476	6.25208180306	184.0	0.97474	0.831000241585
10317.000009447	212.217391304	5.05174661411	130.0	0.929634	0.719379381516
10317.000029245	361.137931034	6.02436812952	187.0	0.969198	0.798257900854
10317.000014958	242.84	5.73227244623	149.0	0.959266	0.794034995857
10317.000015364	359.894736842	5.71622527274	163.0	0.956958	0.777852323935
10317.000016484	174.8	5.00486246051	116.0	0.935526	0.729786574805
10317.000010908	287.344827586	5.7347775937	170.0	0.948704	0.77398771952
10317.000003125	216.476190476	5.05645618239	135.0	0.902524	0.714510094696
10317.000001524	249.884615385	4.92703012795	146.0	0.916436	0.685278213342
10317.000014949	282.75	5.12860282655	144.0	0.932628	0.715293789757
10317.000015933	246.454545455	6.01268256107	169.0	0.970034	0.81242811923
10317.000014012	246.625	5.46266115866	146.0	0.953418	0.759776697459
10317.000004774	269.5	5.33332949445	154.0	0.931998	0.733932318581
10317.000008954B	352.666666667	5.5431416455	159.0	0.943878	0.757996768086
10317.000017636	216.666666667	5.32695767469	128.0	0.950508	0.760993953527
10317.000016703	292.724137931	6.04639250591	181.0	0.969534	0.806202233611
10317.000003365	182.045454545	4.86826746681	117.0	0.91799	0.708589378514
10317.000017216	415.25	6.67443019985	209.0	0.983752	0.865981471146
10317.000004163	255.0	5.14666888445	140.0	0.93711	0.721905536955
10317.000018338	320.272727273	6.20354429155	173.0	0.976522	0.834412172553
10317.000003411	155.0	4.45488689475	89.0	0.925376	0.687935496766
10317.000013697	307.285714286	5.2820480876	153.0	0.924348	0.727816702385
10317.000017161	212.434782609	4.64664905401	122.0	0.902884	0.670440795502
10317.000001072	247.55	4.89431218564	137.0	0.912716	0.6895308627
10317.000002773	164.666666667	4.13668482356	102.0	0.82324	0.619967195067
10317.000010748	212.75	5.67315819206	143.0	0.965624	0.792354768014
10317.000011956	224.772727273	5.17991039111	136.0	0.938364	0.730855386072
10317.000007641	301.535714286	5.8401850398	171.0	0.963338	0.787314796038
10317.000005007	227.652173913	4.95111902793	140.0	0.89374	0.694476431384
10317.000012948	236.473684211	4.23786837432	127.0	0.814518	0.606389980985
10317.000017079	165.714285714	4.46263439002	95.0	0.914226	0.679259127759
10317.000009193	286.214285714	4.81914311689	133.0	0.892454	0.683054599295
10317.000012984	285.037037037	5.83472533413	168.0	0.963704	0.789295832475
10317.000015581	194.333333333	4.99982025617	121.0	0.931368	0.722636086986
10317.000014802	312.647058824	5.4629127887	145.0	0.954558	0.760860997014
10317.000020067	278.04	5.45994859097	161.0	0.93633	0.744783862885
10317.000017353	445.0	6.35224750878	215.0	0.974226	0.819836009775
10317.000001059	169.555555556	5.10636564448	126.0	0.937952	0.73185621051
10317.000017088	264.222222222	5.40452146304	153.0	0.946966	0.744692385219
10317.000013213	207.555555556	5.40907240816	131.0	0.94627	0.769052623023
10317.000004602	270.666666667	5.30998148531	132.0	0.949128	0.753788245708
10317.000014399	265.25	5.35482896396	141.0	0.94804	0.750023173677
10317.000005008	258.12	5.47472245638	153.0	0.93729	0.754365423903
10317.000010104	283.615384615	6.11450984587	174.0	0.968372	0.821517703215
10317.000010565	250.25	5.40077995239	143.0	0.931502	0.754312430818
10317.000027213	140.166666667	4.00418210751	90.0	0.856138	0.616801096403
10317.000007746	265.5	5.72748472354	156.0	0.958886	0.78615902753
10317.000027194	196.545454545	4.86343825935	124.0	0.92424	0.69935302978
10317.000015224	314.5	6.40916634941	190.0	0.976588	0.846669564259
10317.000013933	243.434782609	5.68493661412	153.0	0.957912	0.783330963888
10317.000018033	268.105263158	5.19808730315	141.0	0.930928	0.728069180622
10317.000006084	174.882352941	5.30735094545	114.0	0.954178	0.776735895711
10317.000023423	274.652173913	5.62513155134	154.0	0.951152	0.77408790252
10317.000002059	245.303030303	6.00716269459	170.0	0.968146	0.810749864108
10317.000005851	314.230769231	5.56344985087	167.0	0.95248	0.753476795724
10317.000003047	269.666666667	5.00155200663	131.0	0.926288	0.711112072391
10317.000008982	183.111111111	5.43664884793	134.0	0.95288	0.769399975204
10317.000010765	266.833333333	5.11986021324	144.0	0.892254	0.714074444602
10317.000012072	207.476190476	4.87405965638	126.0	0.903858	0.698561575546
10317.000002005	212.363636364	5.86966497742	164.0	0.962164	0.797774174581
10317.000017183	290.2	5.65726019069	174.0	0.942694	0.760083721426
10317.000008976	216.965517241	5.11709512937	143.0	0.916284	0.714690933493
10317.000012228	315.607142857	6.12045843367	182.0	0.971768	0.815213884635
10317.000011224	211.0	5.04308607861	146.0	0.895178	0.70141990772
10317.000023828	272.3	5.61897545352	155.0	0.952374	0.772248403208
10317.000003149	345.888888889	5.58227391569	177.0	0.945208	0.747531973703
10317.000013029	232.916666667	5.16875356208	138.0	0.938026	0.727120458473
10317.000026111	185.058823529	4.30160071858	104.0	0.884774	0.64198782461
10317.000003536	353.130434783	6.00597313259	179.0	0.968052	0.802528190344
10317.000011012	277.24137931	5.95391057445	171.0	0.967338	0.80264612467
10317.000010259	153.384615385	5.07574980569	117.0	0.93996	0.738788989065
10317.000006637	349.53125	6.22814087584	201.0	0.971014	0.814024153441
10317.000012113	162.352941176	4.0615328125	96.0	0.853682	0.616789057197
10317.000013079	273.666666667	5.33791432985	135.0	0.94617	0.754281958692
10317.000001488	157.25	2.94600579939	82.0	0.650354	0.463386818896
10317.000004162	278.0	5.71260005648	144.0	0.964924	0.796744743541
10317.000012906	202.866666667	4.93370457482	111.0	0.936978	0.726141094669
10317.000012976	278.035714286	5.8779240603	168.0	0.9662	0.795139565056
10317.000009533	133.5	3.81538890856	81.0	0.81973	0.601810595964
10317.000014309	271.0	5.55812676853	160.0	0.940014	0.759106986097
10317.000013778	264.583333333	6.0451431163	179.0	0.970424	0.807762149179
10317.000010732	289.0	5.32036542578	160.0	0.944294	0.726634481632
10317.000002371	259.275862069	5.60735340804	161.0	0.946988	0.764891145441
10317.000006021	258.153846154	4.82875972784	122.0	0.90134	0.696716596323
10317.000002329	453.066666667	5.58440126124	174.0	0.925238	0.750294727396
10317.000010761	288.451612903	5.75703015345	176.0	0.94851	0.771778661938
10317.000009129	214.44	5.63105243971	146.0	0.95218	0.783197474931
10317.000014323	255.464285714	5.45390997355	159.0	0.941656	0.745794785298
10317.000006894	227.0	5.51800346289	158.0	0.944298	0.755499603992
10317.000014241	162.136363636	4.78585387449	113.0	0.916496	0.701719691062
10317.000001685	246.0	4.79968898942	120.0	0.920092	0.694913133917
10317.000011302	208.0	4.86045995641	136.0	0.898406	0.685782778023
10317.000012231	190.0	5.08367873454	115.0	0.941642	0.742631819886
10317.000015577	295.885714286	6.21051657355	189.0	0.97226	0.821253303604
10317.000001579	298.0	5.61358512648	155.0	0.955832	0.771507579284
10317.000002202	304.6	6.07980561474	177.0	0.971958	0.814157305707
10317.000017662	334.5	6.07877723537	192.0	0.966456	0.801424823761
10317.000003432	153.416666667	4.77918820811	114.0	0.891308	0.699438773082
10317.000011116	322.555555556	6.17946964848	184.0	0.973996	0.821348941442
10317.000006737	339.894736842	6.22996827778	207.0	0.965736	0.809771734481
10317.000006841	268.27027027	6.05189659399	185.0	0.96448	0.803557305618
10317.000013563	248.636363636	5.32259887742	169.0	0.890274	0.719184648696
10317.000013295	249.162162162	6.13759955385	182.0	0.957584	0.817496994521
10317.000016699	317.0	6.47713148907	198.0	0.97786	0.84897479717
10317.000017217	397.607142857	6.52728375638	210.0	0.980564	0.846133784753
10317.000016702	316.6	6.16532433745	189.0	0.972102	0.81527726719
10317.000006728	161.714285714	4.15352837027	91.0	0.862082	0.638239004135
10317.000002498	246.0	6.06016322678	177.0	0.958806	0.811526959496
10317.000013286	252.0	5.21420138132	147.0	0.932304	0.724227594199
10317.000022964	208.384615385	5.38514314237	138.0	0.9489	0.75756131601
10317.000002466	294.0	5.21775673575	159.0	0.910698	0.713502016599
10317.000017644	262.28125	5.59758602175	166.0	0.953228	0.758990656777
10317.000017173	285.0	5.5601715275	162.0	0.948602	0.757532037483
10317.000013332	310.833333333	6.69004972739	214.0	0.979936	0.864183718556
10317.000002173	203.428571429	4.63713082575	105.0	0.913392	0.690640640643
10317.000011329	273.136363636	5.45107835897	147.0	0.950456	0.757128671678
10317.000007039	302.206896552	5.94857634759	182.0	0.961142	0.792320066367
10317.000002886	227.162162162	5.68648610085	160.0	0.958446	0.776637796377
10317.000006887	340.0	5.90160863337	179.0	0.960408	0.78858283114
10317.000009126	266.473684211	5.20460731814	143.0	0.92651	0.726913525862
10317.000022636	211.724137931	4.94113528578	140.0	0.909852	0.693076046222
10317.000014233	321.375	6.40036099489	183.0	0.979358	0.851598804185
10317.000023088	302.5	5.80558126344	175.0	0.961158	0.779145990672
10317.000004974	336.785714286	6.01450500225	184.0	0.966442	0.799422539135
10317.000002414	97.0666666667	3.72337958202	70.0	0.85079	0.607473920151
10317.000006027	274.4	5.46689674127	143.0	0.95127	0.763546785148
10317.000017098	336.724137931	6.15425274201	186.0	0.973064	0.816304961363
10317.000003841	161.125	4.54532030886	102.0	0.911664	0.68120961658
10317.000014559	286.3	5.17424389198	140.0	0.93766	0.725773388387
10317.000003761	242.375	5.90723330068	153.0	0.969232	0.813961363058
10317.000014799	264.107142857	5.90445587786	165.0	0.968048	0.801547326622
10317.000002208	233.75	5.82604382928	164.0	0.962498	0.791845416196
10317.000016313	203.142857143	5.49621080818	135.0	0.948934	0.776650279043
10317.000022899	249.6	5.7627710081	162.0	0.959046	0.785134710632
10317.000004793	243.037037037	6.10405767612	166.0	0.96983	0.827664412231
10317.000003837	244.0	5.20578747171	142.0	0.936698	0.728107915525
10317.000010285	165.352941176	4.68066228197	99.0	0.933754	0.70605076031
10317.000005848	191.807692308	4.50732189615	126.0	0.866754	0.645999866076
10317.000005907	276.8	5.47586147506	149.0	0.943556	0.758516920548
10317.000013421	263.15	5.93491058998	190.0	0.951414	0.784018995481
10317.000020072	187.565217391	5.00408811042	123.0	0.927228	0.72078900326
10317.000001477	178.368421053	4.98823520079	119.0	0.921332	0.723476003577
10317.000014132	432.869565217	6.08710474426	200.0	0.95883	0.796339516748
10317.000003382	284.682926829	5.92501396205	187.0	0.962862	0.785092993355
10317.000003221	187.5	4.32100586499	90.0	0.865776	0.665604381503
10317.000014607	426.857142857	3.90642055158	111.0	0.79892	0.574945753751
10317.000017125	402.5	6.68810252907	233.0	0.97907	0.850450689499
10317.000013826	271.105263158	4.82456549176	144.0	0.89263	0.672889254879
10317.000004872	184.416666667	5.29095854374	127.0	0.94951	0.757075012091
10317.000001118	281.947368421	6.01601961253	188.0	0.963122	0.796339778463
10317.000014293	212.4375	5.40406003731	123.0	0.955768	0.778400971746
10317.000016721	266.444444444	6.42443756731	177.0	0.98141	0.860307567696
10317.000016763	221.230769231	6.1314549344	162.0	0.970558	0.835365154873
10317.000012173	286.111111111	5.1582166154	115.0	0.949454	0.753520431264
10317.000004641	223.0	5.32590227455	139.0	0.94077	0.748131248755
10317.000013509	237.5	5.76774253139	157.0	0.963962	0.790684359055
10317.000012951	256.033333333	5.68757126264	166.0	0.94972	0.771191980136
10317.000023799	247.2	5.69737123553	162.0	0.953664	0.776224477788
10317.000004705	354.25	5.20369669063	176.0	0.885786	0.697599623761
10317.000014605	250.636363636	5.89438060356	171.0	0.95917	0.794620894893
10317.000015455	238.636363636	5.72002190773	159.0	0.964814	0.782184255198
10317.000007651	177.769230769	4.02767270515	91.0	0.869988	0.618899785232
10317.000001827	305.333333333	5.1011101785	147.0	0.904984	0.70851976787
10317.000012872	229.235294118	4.91209819451	118.0	0.932646	0.713693585339
10317.000014666	371.0	6.17901357211	189.0	0.968088	0.817087475577
10317.000017146	254.0	4.81551555451	139.0	0.891018	0.676437057887
10317.000006636	266.625	5.83855536186	166.0	0.950268	0.791664290911
10317.000017276	208.375	3.14085450395	79.0	0.700494	0.498249325194
10317.000004161	287.0	5.78745077858	164.0	0.959666	0.786600050526
10317.000023299	256.75	5.03564958479	136.0	0.92897	0.710501020969
10317.000013733	264.5	5.46024189548	158.0	0.942016	0.747591156381
10317.000010304	336.291666667	6.20432835857	184.0	0.970952	0.824653055934
10317.000012034	149.25	4.91137968947	98.0	0.93782	0.742493594611
10317.000015874	329.3	5.42385746398	155.0	0.94945	0.745432205647
10317.000023823	197.0	4.01064094978	113.0	0.84435	0.588055089445
10317.000014391	382.090909091	6.22512828463	207.0	0.970584	0.809142631816
10317.000018411	203.428571429	4.16885334836	105.0	0.83385	0.620896769026
10317.000002963	169.615384615	4.35549426885	90.0	0.90374	0.6709169484
10317.000014646	259.04	5.28000348665	151.0	0.932932	0.729442974909
10317.000001793	330.724137931	5.70710232174	180.0	0.950714	0.761774456648
10317.000013214	301.5	4.66218097964	124.0	0.899286	0.67041262161
10317.000023154	240.545454545	5.24693733466	137.0	0.942274	0.739210146325
10317.000009222	271.772727273	5.59925829239	149.0	0.960254	0.775609860958
10317.000010738	230.483870968	5.75593054721	157.0	0.96344	0.789065085815
10317.000027198	161.4	4.34293375947	105.0	0.887166	0.646823793983
10317.000007734	256.307692308	5.71125670833	158.0	0.960582	0.781958947735
10317.000006818	203.363636364	3.74254807857	92.0	0.797462	0.573697023771
10317.000026639	329.032258065	5.96690134196	194.0	0.954218	0.785127601574
10317.000005041	214.111111111	4.54384198055	94.0	0.922084	0.693230663795
10317.000013312	267.434782609	5.27712506	150.0	0.929928	0.7300120927
10317.000001285	346.483870968	5.76028079185	190.0	0.943718	0.760949889918
10317.000018306	177.352941176	4.91116979901	111.0	0.917214	0.722824433419
10317.000017215	283.023255814	6.52145580299	200.0	0.981396	0.853163068624
10317.000016698	285.783783784	6.23198266554	187.0	0.973116	0.825767830551
10317.000009098	262.894736842	5.04030740287	143.0	0.890602	0.703966197965
10317.000012013	234.260869565	5.00848972645	141.0	0.91731	0.701513229507
10317.000014909	194.111111111	4.09394016681	89.0	0.865674	0.632197141907
10317.000014979	280.913043478	5.79506440935	157.0	0.964664	0.79442984205
10317.000014538	217.6	3.986145076	100.0	0.823288	0.599974617472
10317.000004278	147.285714286	4.1409809132	98.0	0.8422	0.626026085919
10317.000009556	190.333333333	5.40567776181	139.0	0.946304	0.759337337756
10317.000022663	330.0	5.57655722706	160.0	0.946468	0.761624145278
10317.000001141	273.916666667	5.27154090572	152.0	0.9381	0.727317001438
10317.000002359	230.55	5.40777247543	136.0	0.95105	0.763005407797
10317.000004823	170.357142857	4.83881456874	123.0	0.912916	0.696982997301
10317.000014236	304.909090909	5.41722602239	133.0	0.946024	0.76782553667
10317.000001799	246.9	4.91742169729	133.0	0.898504	0.696984386131
10317.000023213	270.4	5.53616451988	136.0	0.95461	0.781120782413
10317.000013652	211.5	5.61452430303	145.0	0.953028	0.781977074172
10317.000010205	258.714285714	5.30107948508	128.0	0.938404	0.757297069297
10317.000005989	278.166666667	5.67167786888	144.0	0.962978	0.791037265765
10317.000011072	127.090909091	3.82542537383	73.0	0.88315	0.618018384437
10317.000017111	168.434782609	4.34578284438	113.0	0.873168	0.637194840242
10317.000011369	445.357142857	6.02423636634	203.0	0.96027	0.785906375327
10317.000013178	116.315789474	3.34133403881	85.0	0.68599	0.52131849533
10317.000013905	153.066666667	4.1020070143	90.0	0.856694	0.631869968934
10317.000012914	330.428571429	5.503173498	189.0	0.93302	0.727717149132
10317.000003423	164.130434783	4.26218188364	113.0	0.828058	0.624936956513
10317.000013306	308.052631579	5.36558961154	150.0	0.937264	0.74224985316
10317.000002489	202.875	5.4579829407	120.0	0.963568	0.790222874555
10317.000004759	193.55	3.87671782318	108.0	0.847006	0.573913010681
10317.000004734	264.777777778	5.98475797939	177.0	0.963438	0.801429312148
10317.000002687	197.875	4.68975339855	115.0	0.876778	0.685086584547
10317.000004158	219.333333333	4.95970387895	121.0	0.924816	0.716837970179
10317.000004157	232.8	5.07105935175	132.0	0.922712	0.71987161221
10317.000001321	294.05	5.75909743795	159.0	0.960976	0.787527637618
10317.000003022	288.619047619	5.90618566185	160.0	0.968754	0.806643494078
10317.000003757	213.2	5.47822633701	140.0	0.954688	0.768411960079
10317.000013103	151.043478261	3.61622370314	102.0	0.747244	0.541965405053
10317.000002087	312.8125	5.19975399253	144.0	0.919228	0.725217347669
10317.000023258	272.4	5.39219856338	146.0	0.956264	0.749976375533
10317.000009214	211.64	4.69599298171	136.0	0.877334	0.662577439473
10317.000013829	243.916666667	5.15700732331	149.0	0.922112	0.71434920915
10317.000016757	207.807692308	5.46138837909	142.0	0.94399	0.763857558569
10317.000003092	282.5	5.96019901819	167.0	0.969456	0.807209874895
10317.000014593	266.777777778	5.78164045668	164.0	0.955736	0.785810341952
10317.000006047	196.045454545	5.13056758773	131.0	0.93102	0.729455286083
10317.000001065	216.882352941	5.07941003623	123.0	0.93886	0.731638375738
10317.000010098	249.043478261	5.15913610905	141.0	0.915852	0.722613488496
10317.000009117	285.4	5.76431664489	154.0	0.962892	0.79324149851
10317.000006702	126.8	3.90693782984	74.0	0.849894	0.629191911074
10317.000026135	310.0	5.82140812429	160.0	0.964142	0.795064913074
10317.000009624	224.083333333	5.59562038491	157.0	0.9546	0.767088595491
10317.000020358	174.666666667	4.85645016929	112.0	0.913114	0.713412217358
10317.000009075	211.136363636	5.50030985198	136.0	0.95773	0.776061896222
10317.000001765	288.037037037	6.09381962868	171.0	0.974122	0.821507251114
10317.000012996	255.541666667	5.41881519576	143.0	0.942388	0.756831364822
10317.000016353	290.5625	5.65119274745	179.0	0.94592	0.755121841002
10317.000008949A	286.4	5.7035262666	155.0	0.957396	0.783868712094
10317.000005571	114.333333333	3.24677165453	73.0	0.725462	0.524533712328
10317.000004792	249.1875	5.26557960636	131.0	0.939548	0.748651062961
10317.000011039	258.090909091	5.86754460311	174.0	0.951182	0.788336577644
10317.000006626	186.217391304	5.20029793032	124.0	0.945678	0.747792799947
10317.000017126	230.076923077	5.050853196	120.0	0.932008	0.731277428835
10317.000014608	207.714285714	4.84508426632	129.0	0.894062	0.69104653006
10317.000013258	235.0	5.34585760462	142.0	0.937896	0.747698836794
10317.000015264	445.909090909	5.19982476433	144.0	0.933512	0.725227218316
10317.000007732	220.434782609	5.11473396525	130.0	0.938458	0.728348913277
10317.000027644	292.884615385	5.46805900747	162.0	0.930808	0.744982391374
10317.000007697	429.869565217	6.20518408153	197.0	0.970188	0.8141094063
10317.000004881	166.473684211	5.02103314404	112.0	0.931826	0.737589445758
10317.000006651	230.5	3.96297557861	130.0	0.744044	0.564336087788
10317.000023808	357.125	5.8730327469	175.0	0.96627	0.78819840946
10317.000004642	119.4	3.07378129688	75.0	0.749688	0.493477407132
10317.000002345	333.652173913	5.57364996252	171.0	0.936172	0.751383227334
10317.000001353	272.714285714	5.51691549862	151.0	0.952304	0.762172840191
10317.000011077	201.869565217	5.20622669501	130.0	0.93768	0.741377671126
10317.000028759	202.714285714	5.14676871311	124.0	0.940888	0.740095401883
10317.000004631	253.785714286	6.01089369076	170.0	0.965586	0.811253413751
10317.000009433	213.0	4.83327869706	98.0	0.927508	0.730686426308
10317.000009061	288.636363636	6.07857476496	183.0	0.966052	0.808783599099
10317.000013995	248.027027027	6.20072316999	177.0	0.975376	0.830349585072
10317.000015155	231.4	5.25991538936	125.0	0.95007	0.75510741855
10317.000022965	295.363636364	5.90827000093	182.0	0.962974	0.78695146632
10317.000016701	405.416666667	6.18250735027	195.0	0.9716	0.812703944128
10317.000010714	220.791666667	5.6802017096	142.0	0.9644	0.794461903988
10317.000002529	230.903225806	5.44925660397	153.0	0.94264	0.750856468206
10317.000021223	240.260869565	5.61646974548	147.0	0.956146	0.780100742988
10317.000012401	348.418604651	6.51500568893	219.0	0.977708	0.837965803949
10317.000022638	200.083333333	4.15724963412	98.0	0.856968	0.628485562041
10317.000013972	298.0	5.62902254321	152.0	0.956812	0.776638912678
10317.000017163	288.176470588	5.27721406982	142.0	0.943842	0.738098002855
10317.000001126	225.5	5.37432128743	143.0	0.941014	0.750617020144
10317.000009472	247.027027027	5.70669573973	176.0	0.942358	0.765030907378
10317.000001026	280.1	6.1690095911	180.0	0.968774	0.823429065116
10317.000010919	235.916666667	4.93819914499	141.0	0.89624	0.691667991621
10317.000014311	264.75	5.18934538038	146.0	0.93499	0.721762448844
10317.000005039	199.545454545	4.92652107053	127.0	0.922386	0.704928222024
10317.000001025	163.576923077	4.70022932844	122.0	0.861912	0.67817161429
10317.000004249	228.142857143	5.41236700252	141.0	0.94708	0.758082228893
10317.000017176	194.555555556	5.03723686265	118.0	0.931008	0.731875360457
10317.000002258	210.12	4.96067973903	132.0	0.913678	0.704202470074
10317.000013118	261.71875	6.09422596322	175.0	0.970354	0.817883948228
10317.000013431	288.965517241	6.26299822478	180.0	0.975518	0.835974510478
10317.000021159	356.454545455	5.53253052325	162.0	0.952234	0.753766156131
10317.000014197	271.4375	6.05718906986	180.0	0.967154	0.808503449276
10317.000015541	148.3	4.51817573568	101.0	0.896858	0.678586997031
10317.000022661	373.24	5.91600411281	187.0	0.959442	0.783899144775
10317.000014258	292.181818182	6.09061817419	184.0	0.969992	0.809539179682
10317.000014324	222.375	5.07077191103	133.0	0.935776	0.718719903474
10317.000002369	371.833333333	3.92424486986	128.0	0.771302	0.56060640998
10317.000010757	253.076923077	5.75278322947	152.0	0.964108	0.793714233317
10317.000010305	296.0	6.33586805496	191.0	0.977208	0.836150124105
10317.000002372	261.965517241	4.95726336774	153.0	0.887534	0.683064413146
10317.000013056	245.5	5.68402136565	148.0	0.959982	0.788412252273
10317.000013852	335.166666667	5.74644005585	172.0	0.960238	0.773799513708
10317.000012017	290.142857143	5.68838436931	158.0	0.956306	0.778827372485
10317.000021237	121.1	2.21977214289	65.0	0.486858	0.368587939462
10317.000016489	163.894736842	4.08062903323	102.0	0.82182	0.611566083409
10317.000012355	251.620689655	5.79586014669	161.0	0.960634	0.790605082972
10317.000018409	342.5	5.435550579	158.0	0.932278	0.74421053512
10317.000004077	129.0	4.53357676888	78.0	0.927216	0.721286659312
10317.000004294	293.535714286	5.83499280022	172.0	0.959594	0.785723778098
10317.000022993	370.774193548	6.07095267826	198.0	0.967656	0.795735863531
10317.000010847	253.285714286	5.58122748424	148.0	0.958608	0.774154044861
10317.000008963	156.1	3.85087014963	82.0	0.820804	0.605715870956
10317.000013372	268.375	4.76643673155	126.0	0.920084	0.68313680744
10317.000016407	245.84	5.67573630017	152.0	0.95586	0.783084031904
10317.000006657	247.857142857	5.48051760076	154.0	0.951106	0.754187228436
10317.000017327	303.307692308	5.55237448526	166.0	0.941664	0.752860311724
10317.000010764	338.25	5.0624619089	137.0	0.909398	0.713220488402
10317.000005805	300.84	5.7128449306	168.0	0.951	0.772808390641
10317.000018032	230.24137931	5.80238144962	154.0	0.964856	0.798479687978
10317.000012988	132.5	3.65959374951	77.0	0.811722	0.583966555386
10317.000013732	154.0	4.19270918148	99.0	0.884804	0.632445864924
10317.000011093	385.333333333	6.4341182514	202.0	0.978302	0.840159385241
10317.000003078	293.071428571	6.57266389125	204.0	0.981796	0.856660521061
10317.000004979	261.04	5.2613512651	153.0	0.914094	0.724964874297
10317.000014188	228.8	5.47910977609	143.0	0.944024	0.76525254692
10317.000012921	201.103448276	5.45247296149	138.0	0.957532	0.767033017139
10317.000011223	451.37037037	6.42079209795	217.0	0.975192	0.827256292674
10317.000013608	189.483870968	5.06370344128	138.0	0.922952	0.712342409746
10317.000009594	240.0	4.78498901503	138.0	0.899418	0.673133931538
10317.000022994	348.8	6.28153922657	185.0	0.977982	0.834048741191
10317.000002494	257.583333333	4.4621428362	115.0	0.845728	0.651836874057
10317.000005887	244.55	4.92872947347	134.0	0.91865	0.69751871801
10317.000009427	154.0	4.32750563226	94.0	0.875604	0.660225336812
10317.000004078	226.083333333	5.31333246915	159.0	0.927272	0.726571517915
10317.000014803	220.882352941	5.24331746578	127.0	0.936306	0.750258124495
10317.000002244	216.372093023	5.67588195061	168.0	0.946924	0.767808202219
10317.000002506	169.5	3.86403110165	99.0	0.836294	0.58286668271
10317.000028817	278.111111111	5.67106833106	164.0	0.953212	0.770781956757
10317.000027879	291.535714286	5.74406648558	170.0	0.953206	0.775241384223
10317.000002325	285.75	4.21263824346	126.0	0.843928	0.603765119022
10317.000026127	212.454545455	5.31238402044	132.0	0.94713	0.754129302028
10317.000031851	330.972972973	5.42267355189	189.0	0.929006	0.717072165594
10317.000036428	208.875	5.40433675181	140.0	0.949114	0.758047722185
10317.000042001	196.714285714	5.26640321926	126.0	0.945044	0.754793168255
10317.000026648	158.5	4.38688210361	109.0	0.85401	0.648162327309
10317.000027761	359.684210526	6.47616603997	216.0	0.976382	0.835107670893
10317.000030744	229.055555556	5.10022023445	124.0	0.930194	0.733401820543
10317.000039842	232.652173913	5.70036312428	145.0	0.965264	0.79393249313
10317.000041636	168.041666667	5.01015126591	117.0	0.926858	0.729240945773
10317.000021239	189.666666667	4.88816771786	108.0	0.935618	0.723649019513
10317.000036165	329.615384615	5.93854209009	179.0	0.966402	0.793517941493
10317.000027762	132.5	4.41422272566	90.0	0.87759	0.679963434194
10317.000023342	289.588235294	5.07046194356	135.0	0.927926	0.716489199701
10317.000041617	270.363636364	6.25778739598	184.0	0.974026	0.831758604837
10317.000029227	301.0	5.46285548607	133.0	0.952896	0.774292955102
10317.000030751	240.0625	4.34419104814	118.0	0.864246	0.631180640488
10317.000042989	226.047619048	5.28802564652	136.0	0.94337	0.746109823073
10317.000011074	285.05	5.69190329967	150.0	0.96314	0.78739051889
10317.000026658	264.405405405	6.07770242328	179.0	0.969906	0.812112778316
10317.000036106	132.833333333	3.77522716844	85.0	0.845202	0.589014963521
10317.000014136	279.4	5.77397193004	148.0	0.968498	0.800889004646
10317.000031222	197.666666667	5.07704733205	124.0	0.921566	0.730069601928
10317.000005898	319.535714286	6.30266007155	189.0	0.976452	0.833437982809
10317.000030756	229.235294118	4.27714186283	118.0	0.856494	0.621438861809
10317.000038402	240.545454545	5.44743151079	137.0	0.956404	0.767456591788
10317.000033785	383.0	6.1528422461	201.0	0.968398	0.804182548288
10317.000028955	303.0	6.15779005858	184.0	0.970692	0.818467382145
10317.000035491	248.161290323	5.71953281439	168.0	0.950742	0.773713097975
10317.000031319	192.217391304	5.49664016907	130.0	0.954566	0.782733162862
10317.000036399	164.066666667	4.02034384357	92.0	0.875162	0.616280472332
10317.000002326	209.866666667	4.97695797732	118.0	0.916674	0.723117259114
10317.000036934	139.1	4.42138567804	83.0	0.89914	0.693546404795
10317.000036101	222.730769231	5.59810326547	150.0	0.953172	0.774414673427
10317.000039907	288.533333333	6.61114988665	191.0	0.983432	0.872479311477
10317.000040048	263.333333333	5.41341902701	145.0	0.945092	0.753967628161
10317.000043083	248.636363636	4.58442851808	142.0	0.86498	0.641201491669
10317.000036085	200.384615385	4.55885851788	130.0	0.884998	0.649191076181
10317.000042009	256.0	5.63291214067	154.0	0.948048	0.775158608159
10317.000040002	150.875	5.16014825016	115.0	0.941882	0.753802607521
10317.000036124	141.3	3.1818722507	94.0	0.653388	0.485441928198
10317.000040003	273.333333333	5.70887630053	155.0	0.958824	0.784603998303
10317.000037487	254.285714286	5.34508076227	163.0	0.905264	0.727347732845
10317.000033728	263.105263158	4.7184989262	136.0	0.889938	0.665752898023
10317.000036081	188.652173913	5.41990609623	131.0	0.947116	0.770592938182
10317.000037612	148.130434783	4.47651364665	107.0	0.870864	0.664026636292
10317.000043003	210.391304348	5.44198584558	141.0	0.936542	0.762230786917
10317.000028718	185.9	4.91058431757	117.0	0.928294	0.714748709566
10317.000030771	134.0	3.53642793699	71.0	0.806236	0.575052578303
10317.000034241	239.848484848	5.70817058047	158.0	0.961458	0.781536409331
10317.000009144	160.714285714	4.35920491509	90.0	0.895892	0.67148853346
10317.000004765	230.538461538	5.8170257356	153.0	0.967138	0.801531606369
10317.000009566	169.954545455	4.39073951065	112.0	0.871614	0.644999351572
10317.000006675	297.34375	6.37092449526	191.0	0.976852	0.84077655361
10317.000031829	161.461538462	3.69278569462	92.0	0.762028	0.566068923618
10317.000033666	262.1875	4.78457183285	124.0	0.92229	0.688012189949
10317.000031926	288.3125	5.54823325566	133.0	0.965418	0.786394209782
10317.000027821	285.352941176	5.03150109704	135.0	0.925184	0.71098377908
10317.000013063	190.666666667	4.81276546175	109.0	0.915682	0.711086641677
10317.000010852	170.75	4.48462287706	99.0	0.903212	0.676479352986
10317.000016754	301.5	5.9950932942	183.0	0.950908	0.797675988024
10317.000014234	245.0	4.66844093047	110.0	0.90317	0.688422547644
10317.000022526	268.166666667	5.07185169391	134.0	0.935288	0.7177735176
10317.000033713	264.0	3.52763605107	89.0	0.722514	0.5447469524
10317.000009621	265.461538462	4.81868026316	120.0	0.897292	0.697662746566
10317.000001325	135.090909091	4.25122492954	116.0	0.785512	0.619894533472
10317.000014018	260.260869565	5.50484565351	146.0	0.954632	0.765643947001
10317.000013201	186.0	5.37743005651	135.0	0.942042	0.759865787481
10317.000010207	263.8	5.38080040956	136.0	0.954908	0.759199805358
10317.000006777	229.125	5.06579331201	137.0	0.93434	0.713689830196
10317.000014165	199.714285714	5.27134900955	129.0	0.939918	0.751843980734
10317.000002125	189.5	5.11786326103	119.0	0.941838	0.74227679929
10317.000014678	124.6	2.09984784212	58.0	0.57881	0.358459312835
10317.000002711	112.375	3.25265979978	73.0	0.727166	0.525484974387
10317.000021226	162.045454545	5.08695953432	115.0	0.93885	0.743111084299
10317.000013755	191.555555556	4.6079358179	115.0	0.903932	0.673134543123
10317.000016381	182.083333333	3.91149364971	92.0	0.828756	0.599594772926
10317.000001221	292.142857143	5.4228841813	160.0	0.93548	0.740636088066
10317.000009497	149.4375	4.21560714643	93.0	0.887122	0.644671167685
10317.000002161	194.55	5.24910813226	123.0	0.951526	0.75608169464
10317.000043152	243.285714286	5.07475495276	138.0	0.925984	0.713897094062
10317.000039986	267.576923077	6.14426754512	172.0	0.970522	0.827369848513
10317.000006736	272.181818182	5.66148569477	156.0	0.95892	0.777099949281
10317.000023343	117.666666667	4.06529257349	78.0	0.89316	0.646783202082
10317.000036151	340.0	5.7667540975	155.0	0.96279	0.792558479803
10317.000038424	237.785714286	5.53113390024	154.0	0.940516	0.761152659331
10317.000036191	224.666666667	5.34457607861	138.0	0.946358	0.751854496823
10317.000005799	72.5	1.86095111151	44.0	0.444626	0.340869021082
10317.000016719	237.888888889	5.8874470258	156.0	0.96668	0.808115578102
10317.000016723	178.0	5.39965800377	129.0	0.950978	0.770144484989
10317.000004927	122.866666667	3.42086109509	76.0	0.807128	0.547519331447
10317.000016717	304.176470588	5.87755004228	158.0	0.965942	0.804727064643
10317.000009694	269.12	5.76889755614	164.0	0.954434	0.784078393536
10317.000002382	333.5	6.04877299952	184.0	0.96842	0.803977296239
10317.000001575	308.2	5.25136745276	162.0	0.921848	0.715459777883
10317.000001305	234.55	5.15668972743	140.0	0.922892	0.723311126122
10317.000012154	213.647058824	4.75117535825	113.0	0.920182	0.69663499806
10317.000010555	274.0	5.13354469296	130.0	0.921718	0.73102760061
10317.000001404	243.130434783	5.57944071031	147.0	0.956106	0.774957587385
10317.000001155	138.666666667	4.60535046351	99.0	0.876432	0.694690409256
10317.000006034	379.4375	5.40121827712	151.0	0.948204	0.74618903911
10317.000013758	207.5	5.36359810525	125.0	0.955338	0.769991990286
10317.000001782	314.035714286	5.45769181561	171.0	0.94067	0.735750920453
10317.000015538	231.142857143	4.86767136818	129.0	0.920212	0.694268091855
10317.000014556	137.0	3.59424952362	85.0	0.79164	0.560778638632
10317.000010979	185.6	4.62758501739	124.0	0.896082	0.665437789048
10317.000013061	267.137931034	5.96104523025	174.0	0.9662	0.800898896192
10317.000005228	55.375	0.815511744713	34.0	0.172842	0.160298319646
10317.000002067	186.315789474	4.33894909177	111.0	0.873224	0.63860516888
10317.000010822	208.866666667	5.19530617931	117.0	0.945404	0.7561907397
10317.000012156	269.24137931	5.68211195018	163.0	0.961356	0.773210252295
10317.000008991	223.315789474	5.09396270836	127.0	0.935944	0.728887185023
10317.000001405	163.076923077	4.84237985075	100.0	0.932478	0.728850792738
10317.000010776	264.058823529	6.17424778883	178.0	0.97041	0.825905290209
10317.000013965	171.0	5.07959345368	122.0	0.933882	0.732908088458
10317.000003281	98.0	4.50848676043	78.0	0.920196	0.717294868879
10317.000018434	221.55	4.69084943615	127.0	0.88555	0.671206335153
10317.000002882	168.0	4.66459335679	119.0	0.907216	0.676536134372
10317.000002184	280.75	3.60488632315	118.0	0.684806	0.523764823672
10317.000002272	278.0	4.57177350195	118.0	0.89624	0.664246782691
10317.000002126	236.0	4.74331668412	134.0	0.903866	0.671278914866
10317.000012202	272.111111111	4.64012964453	101.0	0.924994	0.696903313532
10317.000001794	281.333333333	4.79134271371	142.0	0.90002	0.670141563558
10317.000013182	297.6	5.93383608322	168.0	0.9687	0.802703096182
10317.000002276	327.3	4.70767038891	153.0	0.848148	0.648672840828
10317.000006839	134.052631579	4.1367072544	93.0	0.864086	0.632605412087
10317.000009198	311.0	4.9425326521	149.0	0.896664	0.684640154624
10317.000002793	196.142857143	5.45168233272	128.0	0.951916	0.778811761817
10317.000002922	191.3	5.04739394126	125.0	0.928474	0.724598083287
10317.000023223	327.0	4.86590123801	153.0	0.906256	0.670475568274
10317.000002709	142.555555556	2.90376016304	90.0	0.607808	0.447292956257
10317.000012211	306.461538462	4.54652260633	126.0	0.870196	0.651618203108
10317.000014897	200.0	4.34935116985	102.0	0.880506	0.651839615574
10317.000014594	133.571428571	3.59896782358	86.0	0.739644	0.560040390641
10317.000003838	175.0	4.22658237625	100.0	0.877612	0.636164037198
10317.000016737	295.5	5.80452814931	171.0	0.956706	0.782507893985
10317.000011192	236.588235294	4.90059739855	118.0	0.936986	0.712022599953
10317.000003578	400.6	5.85882468771	145.0	0.971562	0.816002628203
10317.000013798	161.05	5.24542590742	118.0	0.94238	0.762123775678
10317.000015605	229.666666667	5.3901512155	143.0	0.95008	0.752827943682
10317.000009219	483.090909091	4.71402431548	143.0	0.866762	0.658395115464
10317.000007005	72.5454545455	3.36229591173	57.0	0.772902	0.576437392709
10317.000004636	151.052631579	5.39808152409	110.0	0.959956	0.796017576434
10317.000003088	208.55	5.51910988376	137.0	0.94043	0.77755493625
10317.000006703	113.142857143	2.77138477081	76.0	0.668382	0.44356864974
10317.000007865	168.714285714	4.61052651908	98.0	0.918212	0.697011150562
10317.000017746	162.5	4.76608048507	101.0	0.924324	0.715819931135
10317.000002805	156.875	3.98093431064	95.0	0.79872	0.605939391665
10317.000010918	277.5	6.24280498687	171.0	0.975994	0.841591953242
10317.000014668	199.6875	5.39032377354	120.0	0.957294	0.780426980697
10317.000026105	99.0	4.05699130329	72.0	0.886332	0.657543049931
10317.000001301	135.647058824	3.14211023103	85.0	0.678104	0.490235384662
10317.000026638	242.583333333	4.06688648745	100.0	0.86146	0.612127410842
10317.000003491	285.857142857	6.01783646869	173.0	0.966656	0.809433408697
10317.000004703	283.214285714	5.02308409238	130.0	0.92439	0.715297777918
10317.000009097	149.75	3.85650407506	98.0	0.795306	0.583019386481
10317.000018414	137.0	4.60725173147	98.0	0.917114	0.69651607403
10317.000012201	229.916666667	4.59039864254	135.0	0.867996	0.648653137783
10317.000005017	237.130434783	5.42602291187	141.0	0.952988	0.759994941425
10317.000009019	137.15	4.20466923617	92.0	0.875274	0.644535801836
10317.000005885	215.772727273	4.92246276995	127.0	0.918834	0.704347526119
10317.000016414	177.666666667	4.41417739387	96.0	0.904386	0.67034207004
10317.000004864	195.4	5.68466355396	136.0	0.966894	0.802073136931
10317.000009221	201.2	5.6223734925	148.0	0.95855	0.779861274824
10317.000009105	171.454545455	5.11105029662	118.0	0.943944	0.742599937257
10317.000014563	181.391304348	4.50380886157	112.0	0.891326	0.661609231947
10317.000002035	116.058823529	3.21351044031	79.0	0.707314	0.509775096673
10317.000003732	205.071428571	4.96644210049	114.0	0.931236	0.726843559635
10317.000014667	165.105263158	4.63879932457	113.0	0.881336	0.680158006137
10317.000013814	197.363636364	3.96889927222	86.0	0.871594	0.617605938087
10317.000018426	161.045454545	4.89378650689	114.0	0.92749	0.716210343902
10317.000015599	286.05	5.61300200029	151.0	0.959828	0.775447381354
10317.000002132	280.6	4.68939000558	151.0	0.85783	0.647848548742
10317.000003225	148.125	3.92267493298	89.0	0.857428	0.605749908454
10317.000009392	84.625	2.60719915838	61.0	0.65266	0.439607928996
10317.000009149	215.217391304	5.1535263731	133.0	0.93715	0.730449336396
10317.000013912	139.214285714	3.97868052732	89.0	0.83837	0.614398441463
10317.000012212	229.538461538	5.55389261857	152.0	0.94997	0.766273201307
10317.000007677	156.647058824	4.81803211076	101.0	0.930574	0.723622570903
10317.000017208	258.071428571	5.15006430965	123.0	0.945814	0.741815419426
10317.000013117	191.058823529	3.54271610498	110.0	0.68437	0.522419729175
10317.000012055	225.0	4.79482490425	115.0	0.897726	0.700435596074
10317.000005026	104.769230769	3.69890972892	69.0	0.843724	0.605532441605
10317.000009033	178.473684211	5.47967363575	124.0	0.952674	0.787966486877
10317.000013524	318.322580645	6.02739413873	192.0	0.959724	0.794650486163
10317.000006092	282.136363636	5.4702290101	156.0	0.935028	0.750847907331
10317.000002274	139.6	3.67302049186	64.0	0.830402	0.612170081976
10317.000008999	132.214285714	3.10901551366	82.0	0.670408	0.489027146204
10317.000016761	230.8	4.90892963013	130.0	0.912582	0.699041941526
10317.000013277	148.043478261	4.31066360542	105.0	0.877618	0.642017572053
10317.000007693	150.157894737	4.73056457011	107.0	0.914482	0.7017114494
10317.000004025	74.5	2.84869172693	46.0	0.75378	0.515734547669
10317.000010737	207.807692308	5.51655981918	142.0	0.949338	0.771574116815
10317.000001128	275.461538462	5.29420836847	130.0	0.941162	0.753906447145
10317.000003559	286.315789474	5.57810554652	148.0	0.95901	0.773721010959
10317.000014798	208.454545455	4.895694743	128.0	0.910824	0.699384963286
10317.000020104	280.615384615	5.27645480217	156.0	0.928534	0.724250308172
10317.000017117	87.0	3.00826566247	54.0	0.714786	0.522732314288
10317.000009766	162.333333333	4.61817670556	94.0	0.917832	0.704571531497
10317.000014561	313.12	5.88488726187	177.0	0.956778	0.788055451295
10317.000004923	160.333333333	3.58300476803	78.0	0.796534	0.570051787183
10317.000014172	191.666666667	3.42998368878	103.0	0.712112	0.51297142277
10317.000002056	254.84	5.81375289134	161.0	0.95875	0.793045806957
10317.000002243	135.071428571	4.68439105431	95.0	0.903432	0.713012786517
10317.000010274	209.807692308	5.53502302445	144.0	0.955324	0.771977813343
10317.000003507	172.666666667	4.36154384453	110.0	0.859558	0.643166566703
10317.000017766	212.4	4.38224067156	106.0	0.880758	0.651351439298
10317.000001275	118.9375	2.42399964727	75.0	0.556936	0.389158806463
10317.000003189	219.0	4.51681653156	109.0	0.895374	0.667360153745
10317.000009693	134.111111111	3.26749870202	68.0	0.745824	0.536758710029
10317.000022444	173.333333333	3.15374194956	73.0	0.76712	0.509504254855
10317.000016315	210.5	2.79976912475	83.0	0.618516	0.439176754105
10317.000011315	234.117647059	5.38115689725	130.0	0.949922	0.766288101182
10317.000013913	169.615384615	3.45947048026	90.0	0.769404	0.532894141153
10317.000013498	185.0	3.86596147227	86.0	0.859108	0.601587643808
10317.000002589	245.772727273	5.3792874531	136.0	0.956862	0.758986335956
10317.000004086	328.857142857	6.28971214879	189.0	0.972866	0.831725802474
10317.000013551	169.3	2.97688313241	79.0	0.672652	0.472237733406
10317.000006766	263.333333333	5.43462576726	145.0	0.948816	0.756921250551
10317.000011962	173.875	3.18686593749	91.0	0.712488	0.489699831308
10317.000002199	90.0	3.92923196873	60.0	0.88082	0.665194640926
10317.000012052	234.461538462	4.79227392029	116.0	0.902058	0.69878786828
10317.000010263	215.052631579	5.13828316095	125.0	0.93958	0.737646035389
10317.000010556	212.071428571	3.8749388361	106.0	0.781776	0.575948967035
10317.000040007	169.5	5.14374823945	105.0	0.948378	0.766094749725
10317.000036451	224.0	5.76858380495	148.0	0.959376	0.800141635211
10317.000023129	255.0	5.51980411992	150.0	0.949914	0.763583146327
10317.000028914	165.461538462	4.56825830636	96.0	0.917228	0.693740975117
10317.000038479	153.571428571	4.51966977071	95.0	0.907896	0.687940502828
10317.000026549	179.0	4.45635731975	93.0	0.905636	0.681487856233
10317.000042999	245.0	5.95931562709	152.0	0.970226	0.822209606268
10317.000041554	269.12	6.00372208881	164.0	0.971524	0.815994516252
10317.000037489	227.12	5.7515412188	149.0	0.964596	0.796704108305
10317.000031493	233.666666667	5.15178253929	132.0	0.92818	0.731330821644
10317.000023972	335.59375	6.31260625174	199.0	0.97443	0.826622567614
10317.000039813	166.4	4.61253471735	110.0	0.880834	0.680178446831
10317.000012123	402.567567568	6.04589062714	216.0	0.958794	0.779623253781
10317.000009455	161.076923077	4.95890276007	98.0	0.937614	0.749678047403
10317.000018344	206.25	4.44631014857	110.0	0.902298	0.655666464604
10317.000010548	181.769230769	4.94670552665	95.0	0.945472	0.7529397633
10317.000010161	164.111111111	4.92428885962	86.0	0.9467	0.766275441114
10317.000023819	170.882352941	4.53702753635	110.0	0.861702	0.669043927474
10317.000008950B	158.25	3.66964332714	97.0	0.795296	0.556013907287
10317.000001067	84.0	1.89359198436	24.0	0.637704	0.413000539058
10317.000009526	169.076923077	5.25459747626	106.0	0.948474	0.78101361509
10317.000013166	98.0833333333	3.94537383296	71.0	0.860612	0.641550580259
10317.000010876	148.230769231	4.97839021186	97.0	0.939204	0.754311508486
10317.000010993	220.375	4.57640433108	131.0	0.861812	0.650665306222
10317.000015613	137.333333333	2.92420869777	69.0	0.73192	0.478709501527
10317.000018335	238.047619048	5.46662133001	139.0	0.953486	0.767898100878
10317.000015525	253.5	5.6245005107	145.0	0.958304	0.78336653573
10317.000001622	161.0	4.06793039304	79.0	0.88361	0.645315970771
10317.000012936	142.0	1.81320367556	60.0	0.446578	0.306964154188
10317.000009111	56.6	2.7288223436	43.0	0.716404	0.502891485573
10317.000002271	108.272727273	3.25324983883	66.0	0.769172	0.538225961873
10317.000002465	340.0	5.94519426629	170.0	0.967448	0.802386365834
10317.000001747	124.0	4.20029665509	89.0	0.862726	0.648620994034
10317.000002038	157.0	3.62174480384	75.0	0.831608	0.581449707209
10317.000013724	179.0	4.68070168522	124.0	0.910064	0.673075863307
10317.000023378	178.2	4.38561830174	103.0	0.865882	0.655891416431
10317.000012307	136.666666667	4.33587352615	85.0	0.858094	0.676487605351
10317.000020347	304.103448276	6.0892966107	181.0	0.96967	0.811922898468
10317.000020368	241.142857143	5.29120958335	139.0	0.941446	0.743257954982
10317.000010567	184.055555556	4.82217383961	116.0	0.91749	0.703147740281
10317.000020063	194.4	4.97525349727	116.0	0.920264	0.725469128713
10317.000010178	153.047619048	4.59636368949	108.0	0.891886	0.68045007234
10317.000011259	166.666666667	3.61071741759	80.0	0.760774	0.571141804113
10317.000005025	114.2	4.07699043774	79.0	0.870334	0.64675321059
10317.000013165	282.142857143	4.97435765985	150.0	0.894388	0.68812870717
10317.000016738	269.75	5.04919211358	151.0	0.89403	0.697555925016
10317.000001225	89.0	2.26535859132	43.0	0.625358	0.417480291457
10317.000003137	206.391304348	4.7474119681	132.0	0.876224	0.673927649087
10317.000009642	122.0	3.42655005329	71.0	0.771448	0.557185521081
10317.000015394	99.0	3.44583597253	60.0	0.83679	0.583358692151
10317.000001086	92.375	2.61626037554	67.0	0.645908	0.431292764316
10317.000001756	143.0	3.72324176534	73.0	0.85233	0.601510063802
10317.000012999	204.666666667	4.65780052811	116.0	0.908786	0.679179561947
10317.000001248	228.2	5.1344292581	150.0	0.907984	0.710272241971
10317.000016739	191.823529412	5.08741133285	138.0	0.901752	0.715677545147
10317.000010559	173.055555556	5.12376873631	113.0	0.94267	0.751266024623
10317.000001654	142.473684211	3.25266924129	88.0	0.773054	0.503553475496
10317.000011375	88.0	2.48550399052	49.0	0.639728	0.442677192505
10317.000042586	230.0	6.00103688021	165.0	0.96965	0.814658482982
10317.000041282	119.1875	4.66890969929	92.0	0.90218	0.715699449279
10317.000001208	132.666666667	4.1321827883	74.0	0.900274	0.665466433998
10317.000027729	252.285714286	5.6517769884	147.0	0.95952	0.785004749897
10317.000013573	208.441860465	5.91293127459	170.0	0.952738	0.798032027944
10317.000010544	52.0	1.99470226753	31.0	0.570372	0.402628830704
10317.000005878	67.625	0.75865527313	36.0	0.15663	0.146743961067
10317.000012987	128.666666667	4.55978324019	89.0	0.919136	0.704133869747
