	chao1	shannon	observed_otus	simpson	equitability
10317.000002503	235.615384615	5.3358227637	148.0	0.9304	0.740114748385
10317.000013618	294.857142857	6.37652171806	182.0	0.979048	0.849320209682
10317.000031796	344.322580645	5.99236048734	191.0	0.961632	0.790817125879
10317.000026504	356.125	5.85456524084	174.0	0.961866	0.786592729624
10317.000007104	373.363636364	5.54163757859	141.0	0.955454	0.776188489313
10317.000007077	263.954545455	5.65677764428	151.0	0.960508	0.781495073569
10317.000016408	308.0	6.19533788414	191.0	0.97113	0.817604232879
10317.000005802	151.8125	4.36096948753	98.0	0.88611	0.659283565009
10317.000006952	257.1	5.69861240476	157.0	0.964636	0.781207495348
10317.000013023	245.916666667	5.78416956817	151.0	0.965702	0.799094521026
10317.000002645	272.4	4.5452605661	125.0	0.886462	0.652512392052
10317.000002027	297.3	5.5559312165	151.0	0.953356	0.767562939154
10317.000027353	415.636363636	6.2346955182	217.0	0.959482	0.803279567639
10317.000023798	255.636363636	5.85204391207	176.0	0.95311	0.784516061177
10317.000041962	293.428571429	6.24125867665	189.0	0.974664	0.825318513548
10317.000040352	183.875	3.95806977858	122.0	0.742922	0.571089277489
10317.000028811	250.333333333	4.69587770381	132.0	0.908228	0.666612007256
10317.000027772	370.0	6.65686391071	218.0	0.979526	0.85693948964
10317.000027617	227.785714286	5.18558533618	144.0	0.92853	0.7232412243
10317.000039924	220.64	5.65064065422	145.0	0.96403	0.787007270339
10317.000039952	99.4285714286	4.45971470568	78.0	0.903236	0.70953529311
10317.000026028	265.730769231	5.72430952408	159.0	0.962988	0.78277056519
10317.000001441	252.37037037	4.78705060188	144.0	0.888464	0.667656997934
10317.000016347	285.035714286	5.79228423137	175.0	0.945498	0.777361444258
10317.000001595	272.552631579	6.07805488571	183.0	0.970052	0.808714426665
10317.000002146	264.260869565	5.62451564686	150.0	0.95772	0.7780684352
10317.000012158	377.5	6.37110966566	217.0	0.973016	0.820855196965
10317.000014313	290.0	3.85594078591	83.0	0.839544	0.604849715431
10317.000007749	183.04	5.44645171498	136.0	0.945616	0.768462824706
10317.000018083	133.217391304	4.52410000469	101.0	0.897714	0.679476765857
10317.000017335	367.0	5.73118775184	173.0	0.96301	0.770877517525
10317.000002578	267.0	5.75923376452	141.0	0.964568	0.806666060689
10317.000007719	263.5	4.87747647521	116.0	0.92472	0.711211722323
10317.000009676	165.111111111	4.17029735092	87.0	0.837814	0.64726585816
10317.000006716	320.206896552	5.69212453117	179.0	0.954152	0.760591214506
10317.000006802	213.0	5.46824369473	152.0	0.941406	0.754456178623
10317.000002898	267.24137931	5.58048435046	161.0	0.9563	0.761225975311
10317.000001647	329.647058824	5.63218159798	153.0	0.954276	0.77606181729
10317.000002878	250.285714286	5.41603857935	159.0	0.928568	0.740616062429
10317.000009527	250.166666667	5.29093991855	131.0	0.947756	0.752256748583
10317.000017667	294.884615385	5.85293434686	164.0	0.966864	0.795500234751
10317.000009213	290.315789474	5.49612734252	152.0	0.947676	0.758303298747
10317.000031434	232.916666667	5.05615777269	138.0	0.919776	0.711280913983
10317.000027217	200.441176471	4.70872134583	143.0	0.846552	0.657654463935
10317.000001546	236.724137931	6.13190888688	165.0	0.975196	0.832424744471
10317.000009074	222.181818182	5.65099512324	139.0	0.964956	0.793797148411
10317.000027277	266.0	5.13647841124	158.0	0.918204	0.703262952207
10317.000001333	94.5	4.19305993987	62.0	0.9096	0.704219296995
10317.000023984	380.652173913	5.63238682262	174.0	0.951416	0.756741848942
10317.000021327	237.473684211	5.03639245116	128.0	0.934316	0.71948463588
10317.000028933	330.454545455	5.95651496606	172.0	0.965238	0.802087612388
10317.000015568	299.391304348	5.81974366656	162.0	0.964436	0.792896811825
10317.000006944	324.8	2.83621175769	129.0	0.563094	0.404524294302
10317.000002028	248.033333333	5.20250182198	158.0	0.904438	0.712302573332
10317.000003896	328.315789474	5.78213881292	162.0	0.959372	0.787773430063
10317.000011025	229.277777778	6.03301073426	166.0	0.971084	0.818030980095
10317.000017293	319.047619048	5.54194532768	157.0	0.95236	0.759730425811
10317.000031284	134.0	3.54581433254	68.0	0.798934	0.582478189192
10317.000020034	310.857142857	5.71098476277	171.0	0.958524	0.769897318841
10317.000037584	225.55	5.7379321224	140.0	0.96702	0.80483999706
10317.000031847	251.476190476	5.35651476886	143.0	0.940596	0.74813003152
10317.000013935	400.714285714	5.93977240576	179.0	0.966324	0.793682338334
10317.000014019	336.785714286	5.98654883403	184.0	0.96707	0.795706723623
10317.000023052	290.055555556	5.30244598029	140.0	0.941232	0.743755854227
10317.000015385	260.026315789	6.10905199682	181.0	0.971202	0.814557004077
10317.000017354	316.666666667	6.38651215625	198.0	0.974362	0.837097080957
10317.000023475	346.272727273	6.26676311831	184.0	0.97554	0.832951619846
10317.000003475	276.736842105	5.67380385433	185.0	0.944392	0.753354996566
10317.000017269	237.5	5.4203624305	155.0	0.936934	0.744951862913
10317.000014801	196.526315789	5.42970807984	124.0	0.953376	0.780781536428
10317.000009716	360.8125	6.30894544658	203.0	0.975356	0.823048789348
10317.000013155	365.576923077	5.57051605714	179.0	0.942762	0.744341686505
10317.000015604	242.0	5.39912879291	138.0	0.951114	0.759528763773
10317.000009236	218.12	5.38909836741	140.0	0.934914	0.755910286434
10317.000041289	260.25	5.32972988891	153.0	0.937372	0.734386807545
10317.000030735	376.1	6.14748044856	201.0	0.966556	0.803481756063
10317.000022541	288.352941176	5.05686410036	138.0	0.910092	0.711380277455
10317.000034132	127.583333333	3.27987351116	78.0	0.76589	0.521823965587
10317.000026633	222.03125	5.6085757491	155.0	0.953558	0.770819111481
10317.000028715	130.476190476	4.72676191246	97.0	0.915938	0.716185505094
10317.000026126	157.5	4.20628633169	93.0	0.888498	0.643245783317
10317.000033665	285.0	4.72087495844	117.0	0.90035	0.687136003855
10317.000028755	269.394736842	5.99059660581	182.0	0.962588	0.797916950702
10317.000026501	159.571428571	5.25453679343	112.0	0.934156	0.771891116828
10317.000016485	195.5	4.34468202159	113.0	0.856706	0.637033433512
10317.000001001	184.526315789	4.31233030138	112.0	0.864254	0.633481043777
10317.000013049	283.913043478	5.84434384103	160.0	0.964148	0.798197382614
10317.000002334	271.228571429	5.79592978499	174.0	0.959062	0.778714736747
10317.000006797	198.5	4.60249424639	116.0	0.89882	0.671115048243
10317.000013156	347.136363636	6.30292680251	181.0	0.976356	0.840407509355
10317.000001529	243.65625	5.92499870438	166.0	0.967966	0.803385359432
10317.000002418b	437.75	6.14255694283	197.0	0.969958	0.805892834151
10317.000005849	181.5	4.15759944205	99.0	0.841292	0.627149764347
10317.000003282	220.315789474	4.47864530841	124.0	0.874908	0.644020546518
10317.000011341	369.0	5.58213504825	154.0	0.960144	0.76817105016
10317.000013355	300.903225806	6.02821146106	183.0	0.965672	0.802082519363
10317.000006794	284.866666667	5.10404729012	133.0	0.92595	0.723436281507
10317.000009593	228.551724138	4.85194614261	150.0	0.86599	0.671194886792
10317.000028723	346.05	5.37159684851	159.0	0.94099	0.734538879038
10317.000002774	170.434782609	4.23914306831	115.0	0.839742	0.619260715707
10317.000001531	357.043478261	6.06479710252	179.0	0.967818	0.810388347739
10317.000018027	273.181818182	6.13731054335	175.0	0.974016	0.823666173355
10317.000001399	260.772727273	5.07322632313	138.0	0.93546	0.713682052298
10317.000001948	238.769230769	5.00686264046	116.0	0.931298	0.730078232066
10317.000001032	229.526315789	5.37256128328	130.0	0.953524	0.765064067608
10317.000016697	423.833333333	6.73714345097	224.0	0.984078	0.862922656678
10317.000011162	313.047619048	4.03432443498	139.0	0.771972	0.566702883724
10317.000005999	212.285714286	4.77521367832	128.0	0.911532	0.682173382618
10317.000001362	371.785714286	6.20303137966	195.0	0.970814	0.815401872119
10317.000010947	192.588235294	5.65443697673	129.0	0.964732	0.806483197697
10317.000002851	261.176470588	5.16754811215	135.0	0.93263	0.73020810579
10317.000035452	270.444444444	6.36397360441	181.0	0.975518	0.8485472502
10317.000005928	465.142857143	5.92294250009	190.0	0.956154	0.782437975907
10317.000027807	261.025	6.15452486971	184.0	0.971014	0.818033387066
10317.000031313	401.033333333	6.35354638703	212.0	0.971104	0.822154734173
10317.000014458	215.0	5.2986744318	128.0	0.943664	0.756953490258
10317.000016759	324.59375	5.91769181513	188.0	0.958352	0.783324139979
10317.000014308	315.5	5.88933406555	179.0	0.959872	0.786942682828
10317.000010546	261.571428571	4.36852723767	113.0	0.88326	0.640529707761
10317.000015305	421.5	6.51565457938	218.0	0.97643	0.838761582755
10317.000014295	225.117647059	4.83063460462	121.0	0.909794	0.698183276495
10317.000011055	421.230769231	5.88809548863	199.0	0.952874	0.771033772276
10317.000002818	217.526315789	3.5697756174	118.0	0.688198	0.51866348317
10317.000009667	253.1875	4.61565405847	115.0	0.907186	0.674262035898
10317.000012254	268.333333333	4.96543249416	138.0	0.912826	0.698518029213
10317.000026037	312.0	6.0958349462	198.0	0.964584	0.79899724836
10317.000007037	223.0	5.62823872776	158.0	0.933314	0.77059250843
10317.000015594	328.285714286	6.3800928491	198.0	0.978706	0.836255685349
10317.000004286	262.625	5.3211756203	147.0	0.945356	0.739085803553
10317.000001351	172.235294118	4.69130480165	114.0	0.897688	0.686576952348
10317.000010115	207.357142857	5.28648081025	142.0	0.929942	0.739394096308
10317.000010981	262.130434783	5.75663681224	151.0	0.962936	0.795290816077
10317.000013028	238.0	5.80042022983	154.0	0.960732	0.798209799799
10317.000017095	281.181818182	6.33912521784	183.0	0.978978	0.843451089618
10317.000011048	300.161290323	6.11502015413	185.0	0.970012	0.811938710871
10317.000002079	245.352941176	5.0335120981	123.0	0.941624	0.725027235339
10317.000014937	345.5	6.18839854337	186.0	0.971166	0.820834087518
10317.000013653	223.12	4.89291462609	132.0	0.916436	0.694582748095
10317.000021178	360.5	5.54812486636	163.0	0.941794	0.754977562092
10317.000006741	373.0	5.61862894277	179.0	0.951918	0.750770610875
10317.000014548	301.956521739	5.84679403371	168.0	0.96195	0.790928432766
10317.000013215	312.0	5.91258960854	180.0	0.962902	0.789202555431
10317.000010867	276.916666667	5.74392418213	155.0	0.96585	0.789420832052
10317.000026613	508.25	5.72306105911	167.0	0.958924	0.77509348051
10317.000006909	302.375	5.8541444137	180.0	0.959136	0.781401388739
10317.000011163	241.647058824	5.1673585538	134.0	0.922406	0.731289743806
10317.000012276	275.37037037	5.69231247721	167.0	0.945246	0.770929096254
10317.000015003	253.545454545	5.29940928296	150.0	0.920512	0.733094784896
10317.000001613	265.533333333	5.69081677277	168.0	0.953104	0.769828518893
10317.000006029	276.04	5.76651173424	159.0	0.961708	0.788541505381
10317.000005024	360.045454545	5.83688555749	178.0	0.953208	0.780777646954
10317.000026632	237.181818182	5.92110429672	164.0	0.967748	0.804765537913
10317.000033799	145.5	4.98539616765	90.0	0.950716	0.767946546799
10317.000029152	201.4375	4.01230972502	112.0	0.765182	0.589408040415
10317.000022999	266.1875	5.16798471888	128.0	0.93447	0.738283531268
10317.000037575	405.777777778	6.67428213411	230.0	0.98026	0.850715773109
10317.000027681	307.111111111	6.15107404229	178.0	0.97051	0.822805427601
10317.000021296	410.24	6.2140513245	196.0	0.972608	0.816058845539
10317.000028712	265.516129032	5.3800745298	161.0	0.942218	0.733888355202
10317.000027363	273.857142857	5.63751739899	161.0	0.95399	0.769005772773
10317.000033801	232.636363636	5.40194532833	141.0	0.939006	0.756622518936
10317.000011225	243.028571429	5.80063079838	170.0	0.95743	0.782875522209
10317.000011409	242.75	4.98246830046	119.0	0.931564	0.722639592735
10317.000009475	209.882352941	4.81093846064	116.0	0.906744	0.70150944776
10317.000012928	221.285714286	5.43783836112	137.0	0.949038	0.766105069343
10317.000028841	277.772727273	5.82033591292	155.0	0.965832	0.799922539629
10317.000017357	244.75	5.64355479718	156.0	0.954948	0.774638740271
10317.000014534	290.052631579	5.26994355709	144.0	0.943374	0.735006789615
10317.000016715	281.896551724	6.35979335757	181.0	0.978388	0.847989872502
10317.000008954A	268.3	5.51814128868	151.0	0.940544	0.762342185524
10317.000015912	175.434782609	5.03334606582	120.0	0.930106	0.728742694871
10317.000016725	292.166666667	6.11868643615	158.0	0.976402	0.837742348397
10317.000018358	217.65	4.59805967775	120.0	0.876372	0.665720647243
10317.000010102	210.0	5.3125367083	126.0	0.951626	0.761405127291
10317.000018415	209.25	5.27187212225	133.0	0.946204	0.747223398984
10317.000008949B	302.884615385	5.83900153642	172.0	0.95977	0.786263583281
10317.000010869	243.896551724	5.81661597777	163.0	0.951426	0.791513287156
10317.000014571	285.7	6.25085913807	183.0	0.974738	0.831706863308
10317.000011949	206.0	4.72590783676	119.0	0.897116	0.685428969843
10317.000010827	219.730769231	5.73975378694	147.0	0.962814	0.797224305777
10317.000014162	332.047619048	5.54754280792	158.0	0.954228	0.759543994979
10317.000010821	225.8	5.04595890715	113.0	0.913574	0.739857258139
10317.000016736	306.25	5.5064776537	160.0	0.953884	0.752052954131
10317.000001929	333.434782609	5.60481984631	167.0	0.952476	0.759079673873
10317.000003196	304.84	5.82046439703	172.0	0.95786	0.783767424039
10317.000028833	133.545454545	3.9973919981	73.0	0.890914	0.645800532806
10317.000004291	530.5	6.1016104803	197.0	0.970574	0.800520729172
10317.000035347	286.5	6.03566343655	168.0	0.971146	0.816477850092
10317.000031035	239.235294118	4.86206558226	128.0	0.889506	0.694580797465
10317.000016765	295.5	5.8663004855	171.0	0.961992	0.790835416818
10317.000004918	275.333333333	6.01379761888	170.0	0.970726	0.8116453391
10317.000001347	243.428571429	5.56470459403	162.0	0.949698	0.758149634099
10317.000005938	324.517241379	5.52356040798	177.0	0.942144	0.73966954614
10317.000003982	311.555555556	5.01053272422	149.0	0.889564	0.694059531928
10317.000001934	272.714285714	5.18063399026	151.0	0.91289	0.715714881501
10317.000015355	265.772727273	5.69254063464	156.0	0.954514	0.781362574588
10317.000002418a	322.157894737	6.06742770132	160.0	0.975526	0.828665294535
10317.000026083	268.3	5.43656363183	151.0	0.93301	0.751072070106
10317.000016741	238.476190476	5.10637763399	130.0	0.934632	0.727158954066
10317.000009476	150.6	4.36349389519	111.0	0.870468	0.642217665363
10317.000003729	290.037037037	5.31162067361	164.0	0.934878	0.721927710504
10317.000017219	329.206896552	6.19853056874	188.0	0.973546	0.820498731359
10317.000003366	200.285714286	4.35762130357	116.0	0.897202	0.635408775071
10317.000004283	99.9090909091	3.13173295147	63.0	0.754772	0.523939482767
10317.000003473	351.517241379	6.24419385872	204.0	0.967536	0.813848761038
10317.000016734	303.285714286	5.3889409995	149.0	0.951178	0.746476686924
10317.000007068	224.5	4.76600853054	102.0	0.924818	0.714284279895
10317.000011342	330.047619048	5.83978757141	168.0	0.955806	0.789980629541
10317.000026056	175.565217391	4.57938285889	111.0	0.905566	0.67399213545
10317.000012209	241.375	5.59585968787	152.0	0.948216	0.772063417782
10317.000016355	315.625	6.45274492343	196.0	0.97933	0.847405226926
10317.000015185	276.0	5.05245438693	132.0	0.91825	0.717230510008
10317.000003028	179.724137931	5.08084420814	134.0	0.911774	0.719046147196
10317.000012985	263.0625	5.85773657361	174.0	0.955736	0.787018815457
10317.000016755	259.857142857	5.77944718797	166.0	0.945592	0.783649666117
10317.000014327	253.352941176	5.39396880207	131.0	0.955556	0.766905218255
10317.000013249	183.176470588	5.08493231762	114.0	0.942356	0.744184716434
10317.000008950A	125.625	3.55923218012	84.0	0.789634	0.556798410454
10317.000016716	218.03125	5.89635423526	157.0	0.968238	0.808315392703
10317.000022662	263.260869565	5.59417028295	149.0	0.956554	0.774905069343
10317.000022443	287.75	4.90893320382	128.0	0.925304	0.701276171974
10317.000017074	200.222222222	5.44517577615	139.0	0.95165	0.764885636856
10317.000002511	205.2	4.7473874161	132.0	0.883988	0.673924163762
10317.000013821	203.352941176	4.74428255989	116.0	0.920508	0.691789983563
10317.000004819	192.769230769	4.779217783	106.0	0.919268	0.710355869288
10317.000003594	247.333333333	5.49111090836	150.0	0.951876	0.759613865482
10317.000001391	143.647058824	3.70696244286	88.0	0.820878	0.57388368849
10317.000017075	222.444444444	4.76272794393	133.0	0.895214	0.675058438478
10317.000010834	249.714285714	5.39865524751	138.0	0.940854	0.75946214722
10317.000014303	234.0	5.78897261057	135.0	0.968286	0.818019422887
10317.000015265	215.115384615	5.5639127039	140.0	0.960032	0.780430891954
10317.000003193	173.333333333	4.8477682706	108.0	0.919518	0.71766824674
10317.000014933	197.625	4.1296494731	90.0	0.860416	0.63612799178
10317.000013619	321.833333333	6.46080826083	203.0	0.977884	0.842860421334
10317.000005015	220.181818182	5.66885547193	137.0	0.964152	0.798651711583
10317.000022925	150.315789474	4.99146370964	105.0	0.94037	0.743413939289
10317.000003439	224.636363636	5.09888477918	133.0	0.940276	0.722704558718
10317.000016735	266.1	5.85957681528	166.0	0.96389	0.794514642236
10317.000011168	218.181818182	5.74809085217	159.0	0.960044	0.786022542315
10317.000004972	291.5	6.08832726341	173.0	0.970462	0.818914823579
10317.000009382	242.043478261	5.65121640589	143.0	0.964364	0.78929021767
10317.000006001	155.714285714	4.27905880408	102.0	0.88985	0.641304860643
10317.000027308	220.791666667	5.37362204389	142.0	0.927486	0.751582112496
10317.000003895	291.545454545	5.83088854403	162.0	0.96562	0.794415218532
10317.000001322	188.0	4.82372788589	104.0	0.93343	0.719912138427
10317.000002019	275.0	5.40781554256	137.0	0.94879	0.761875330986
10317.000026106	221.565217391	5.33815555469	142.0	0.930662	0.746621588913
10317.000008957B	268.6	6.19787121617	181.0	0.972014	0.826399810008
10317.000001047	216.055555556	4.89818107043	121.0	0.920512	0.707945930199
10317.000017071	235.473684211	4.59570061995	126.0	0.864546	0.658666510494
10317.000015262	204.176470588	5.28499597969	120.0	0.952518	0.765177311923
10317.000003981	207.956521739	5.18134758809	131.0	0.943768	0.736675099301
10317.000014334	274.0	6.21822285268	191.0	0.971842	0.820624382465
10317.000011378	262.181818182	5.46031423342	146.0	0.954384	0.759450274302
10317.000016718	181.714285714	5.63445311475	128.0	0.963948	0.804921873536
10317.000016714	444.117647059	6.41495693029	187.0	0.979542	0.850012805186
10317.000007748	231.444444444	5.27551661941	152.0	0.930332	0.727865532543
10317.000007073	329.789473684	5.53551823	155.0	0.954628	0.760778392681
10317.000001247	364.567567568	6.60485837434	217.0	0.98115	0.85097143297
10317.000002036	159.0	4.77719478071	104.0	0.925616	0.712967354632
10317.000016742	336.105263158	5.52087710131	157.0	0.95197	0.756842239146
10317.000015627	264.551724138	5.74472624507	161.0	0.960772	0.783629979794
10317.000012112	232.0	5.52674669778	136.0	0.95554	0.779791982205
10317.000002437	187.0	4.75417815388	130.0	0.913346	0.677005004646
10317.000003731	237.275862069	5.3604696887	154.0	0.94632	0.737667146087
10317.000013171	217.833333333	5.25771837582	126.0	0.940542	0.753548436277
10317.000001487	329.235294118	5.51433371508	148.0	0.958752	0.764875426113
10317.000014306	185.0	5.17586507771	134.0	0.931854	0.732493595566
10317.000002064	269.294117647	5.99040038838	174.0	0.968212	0.804842921583
10317.000003492	237.275862069	5.37025552346	154.0	0.924948	0.73901379838
10317.000002336	173.0	5.26620570739	130.0	0.92194	0.749918809097
10317.000006074	223.2	5.53940096989	140.0	0.960876	0.776992715357
10317.000012061	359.857142857	4.43572905194	107.0	0.892838	0.657976826245
10317.000016756	347.0	5.71011732148	157.0	0.960026	0.782784673535
10317.000011018	314.375	6.06228082458	192.0	0.961866	0.799249940128
10317.000015261	284.75	5.55508527865	146.0	0.959062	0.772631547983
10317.000013458	255.615384615	6.07010607514	168.0	0.96918	0.821137097878
10317.000041935	203.5	4.11499296234	115.0	0.815474	0.601124672115
10317.000033721	260.9	5.89290233463	147.0	0.96975	0.818495905422
10317.000031491	304.333333333	6.14774724007	165.0	0.975816	0.834574847701
10317.000017671	181.066666667	5.1068444581	109.0	0.941762	0.75453684667
10317.000036943	291.24	5.88068180931	168.0	0.963774	0.795512621142
10317.000036102	228.032258065	6.08929299797	163.0	0.971106	0.828618622185
10317.000028894	293.076923077	5.01027708318	123.0	0.937236	0.721680463083
10317.000040401	191.875	5.60754663827	142.0	0.95911	0.784299996146
10317.000040358	205.315789474	5.42837154981	130.0	0.948598	0.773011567372
10317.000031506	357.730769231	5.97074048663	186.0	0.959434	0.791963750363
10317.000016446	393.416666667	5.72383699558	183.0	0.944504	0.761584033256
10317.000028793	267.272727273	5.30011008011	117.0	0.953582	0.771445228373
10317.000042026	351.833333333	6.3742264904	203.0	0.973834	0.831565186348
10317.000037582	256.714285714	5.5068502025	145.0	0.953088	0.766980491461
10317.000029202	222.666666667	4.72389300814	136.0	0.887234	0.666513971777
10317.000022618	294.517241379	6.07638160019	180.0	0.967226	0.811065236072
10317.000021229	174.153846154	3.21314461282	91.0	0.67894	0.493737862128
10317.000034121	148.6	4.39883321814	82.0	0.913374	0.691906761431
10317.000036071	167.4	4.68275968618	111.0	0.906666	0.689207104524
10317.000036166	355.0	5.5961778551	142.0	0.96155	0.782709900303
10317.000031593	203.125	4.65701604366	117.0	0.878982	0.677841167644
10317.000012263	131.571428571	4.43275412829	84.0	0.915012	0.693450252094
10317.000034194	431.37037037	5.75396696198	197.0	0.944636	0.754910501564
10317.000036131	276.04	5.87292423396	159.0	0.965964	0.80309288004
10317.000002347	175.333333333	4.87287171299	117.0	0.92314	0.709259538886
10317.000016767	258.5	5.87620023569	166.0	0.964468	0.796768653292
10317.000036109	152.076923077	4.09926444404	89.0	0.830526	0.633019330974
10317.000004973	321.0	5.9910896784	167.0	0.963612	0.811393501296
10317.000040395	221.5	5.16659469341	130.0	0.939212	0.735733990438
10317.000031379	235.1875	5.74637032271	164.0	0.952282	0.78101660975
10317.000004737	245.848484848	5.54766516649	164.0	0.934476	0.754009643833
10317.000006666	222.0	4.78177797546	126.0	0.91167	0.685335550227
10317.000003969	187.0	4.92185952345	112.0	0.935686	0.723020847276
10317.000001749	323.885714286	6.1355336921	199.0	0.965924	0.803435286788
10317.000009507	262.405405405	6.0677309103	177.0	0.97265	0.812540361111
10317.000017356	140.526315789	4.00191150887	93.0	0.825946	0.611991790454
10317.000040348	337.2	5.77028941361	177.0	0.95653	0.772709454847
10317.000026595	280.625	5.90415550622	165.0	0.96454	0.801506550283
10317.000012335	296.636363636	5.35171323147	153.0	0.93895	0.737415906036
10317.000022554	378.0	6.15780898474	184.0	0.972842	0.81846989773
10317.000003718	335.027777778	6.20387832171	203.0	0.968302	0.809342002587
10317.000006113	250.5	5.04081370955	141.0	0.917856	0.706040682495
10317.000006662	260.444444444	6.08190518398	171.0	0.971224	0.819901065945
10317.000013756	457.076923077	6.47089513022	218.0	0.974722	0.832999689462
10317.000001216	273.75	5.98491021665	175.0	0.96778	0.803213078629
10317.000010945	323.272727273	5.15354118331	161.0	0.911934	0.702987261894
10317.000016722	334.05	6.10291162272	168.0	0.974096	0.825574887235
10317.000016358	173.954545455	4.70442303092	116.0	0.915198	0.685977845996
10317.000035392	313.076923077	5.65945194797	143.0	0.962812	0.790440453713
10317.000043118	300.459459459	6.30110687448	197.0	0.971204	0.826694310631
10317.000006685	209.909090909	4.86006715419	103.0	0.92736	0.726847643911
10317.000005992	204.285714286	4.11013193846	120.0	0.814342	0.595077029463
10317.000012947	281.037037037	5.77396901695	164.0	0.96213	0.784767679974
10317.000012122	282.565217391	5.4374641925	152.0	0.948508	0.750209516088
10317.000004758	297.476190476	5.4505996421	147.0	0.948606	0.757062180199
10317.000042014	471.666666667	6.39660092567	216.0	0.976116	0.824847674952
10317.000014612	267.935483871	5.88921768226	166.0	0.968478	0.798533721356
10317.000027267	372.730769231	6.29296025373	201.0	0.971746	0.822496110042
10317.000006625	184.333333333	4.86225307451	119.0	0.917348	0.70520400124
10317.000008951B	123.0	4.11247932577	88.0	0.87902	0.636662723375
10317.000006778	380.0	6.24591619645	198.0	0.975496	0.818668795742
10317.000012971	309.487179487	5.92703250907	195.0	0.96295	0.77912122448
10317.000017652	416.896551724	6.64278930544	225.0	0.979262	0.850137614924
10317.000015254	369.527777778	6.05583238635	203.0	0.965528	0.790028310797
10317.000001438	241.888888889	5.76349926325	155.0	0.965582	0.792111149044
10317.000006803	280.913043478	5.5763671793	157.0	0.95452	0.764449225156
10317.000013299	263.870967742	5.57321478847	167.0	0.951326	0.75479929419
10317.000036039	200.0	5.0221207535	115.0	0.929496	0.733639332777
10317.000011026	344.5	5.61064104303	166.0	0.94266	0.76076081969
10317.000012993	257.333333333	5.74913522258	160.0	0.96203	0.785194165809
10317.000009218	296.5	5.81324809865	169.0	0.961854	0.785480718703
10317.000009419	262.636363636	5.78736761251	156.0	0.958146	0.794378599651
10317.000010693	334.7	6.05377157649	189.0	0.968142	0.800525986458
10317.000008951A	105.909090909	3.74370275949	69.0	0.849326	0.612865314035
10317.000001669	184.0	4.80304805692	109.0	0.919484	0.709650894013
10317.000036068	252.689655172	5.48936507437	157.0	0.945288	0.752522339863
10317.000042981	247.2	5.93474816544	162.0	0.96656	0.808565319878
10317.000004075	245.483870968	6.04021577306	172.0	0.964458	0.81335852849
10317.000028776	432.029411765	6.43110980235	229.0	0.973444	0.820377933295
10317.000004011	254.4	4.79316456001	120.0	0.923018	0.693968507777
10317.000004285	280.486486486	5.92089579499	184.0	0.963012	0.786980399652
10317.000011964	312.75	6.1622308291	199.0	0.967272	0.806931220964
10317.000012011	302.533333333	5.85192770874	172.0	0.963058	0.78800418542
10317.000026116	244.368421053	4.85376620022	128.0	0.901658	0.69339517146
10317.000015607	223.032258065	6.03949618445	164.0	0.968298	0.820856744289
10317.000011031	364.333333333	5.61947525487	166.0	0.945514	0.761958672518
10317.000018035	351.0	5.97342265611	181.0	0.950434	0.79647272038
10317.000022498	440.666666667	6.09113683378	182.0	0.966876	0.811308396898
10317.000018398	166.0	5.59555115136	133.0	0.959458	0.793100942806
10317.000023929	326.833333333	5.15106287182	178.0	0.877622	0.689037794003
10317.000009558	281.565217391	5.29044921782	151.0	0.939868	0.730886073429
10317.000012391	379.533333333	6.22619149503	201.0	0.972204	0.813769367446
10317.000040145	206.848484848	6.16864549597	155.0	0.979216	0.84779274685
10317.000002051	328.0	5.54193750656	166.0	0.926376	0.751445135738
10317.000016726	399.576923077	6.62919350687	213.0	0.98108	0.857070767018
10317.000005927	377.964285714	5.68285266454	194.0	0.937626	0.747752346974
10317.000018369	249.125	5.75095935996	157.0	0.955552	0.788383599083
10317.000002191	366.236842105	6.31966670749	217.0	0.97067	0.814227274706
10317.000013539	314.12	5.91866515916	178.0	0.961666	0.791716988549
10317.000026622	352.171428571	6.06222813463	205.0	0.962152	0.789406060837
10317.000004289	360.75	5.92762750185	178.0	0.957254	0.79291584653
10317.000014543	217.038461538	4.4027929174	132.0	0.884194	0.625006614167
10317.000018025	268.894736842	5.56115206816	149.0	0.949668	0.770331382679
10317.000011073	234.785714286	5.28541607961	151.0	0.9425	0.730190735383
10317.000001111	182.142857143	4.76364802035	119.0	0.893158	0.690902672686
10317.000013053	142.235294118	3.99512337375	94.0	0.853162	0.609515480552
10317.000010225	386.4	6.59795165997	204.0	0.982636	0.85995645
10317.000003226	346.5	6.14712091386	189.0	0.969092	0.812870120927
10317.000013167	251.090909091	5.74779137626	167.0	0.959598	0.778442790852
10317.000018299	185.034482759	4.83673744532	130.0	0.913438	0.688761622019
10317.000010879	228.666666667	4.9525964051	127.0	0.924216	0.708659301008
10317.000013685	415.333333333	5.89951714925	189.0	0.956434	0.780128012077
10317.000020032	220.8	5.8895966547	150.0	0.96808	0.814738466527
10317.000013055	225.5	5.11417371671	143.0	0.922324	0.714282907633
10317.000003579	357.730769231	5.74526148753	186.0	0.943624	0.762056037215
10317.000001284	300.285714286	4.78053127746	146.0	0.879254	0.664902354475
10317.000013684	216.394736842	5.89081006525	165.0	0.963708	0.79969486725
10317.000006665	301.184210526	6.67006224539	205.0	0.98349	0.868556485461
10317.000002638	196.045454545	5.37842637616	131.0	0.951896	0.764695422838
10317.000002443	370.02173913	6.54823996117	230.0	0.977772	0.83465021543
10317.000017349	414.115384615	6.69015517508	216.0	0.981844	0.862701770105
10317.000005814	247.0	6.0288863182	174.0	0.969186	0.810013715886
10317.000001482	167.25	4.35706263471	112.0	0.869372	0.640052220664
10317.000020071	227.157894737	5.56725818331	134.0	0.957294	0.787883938803
10317.000004026	307.352941176	5.72245400932	157.0	0.951272	0.784475876993
10317.000013134	265.55	6.07298576116	155.0	0.97595	0.834645674386
10317.000004822	309.111111111	5.99357277907	180.0	0.965758	0.80001205336
10317.000009101	341.517241379	6.39771985655	194.0	0.978624	0.841814898328
10317.000013159	352.551724138	6.09071526456	192.0	0.967856	0.802998731237
10317.000018073	281.774193548	5.66594115309	172.0	0.95565	0.762959757057
10317.000021267	229.315789474	5.04638929827	133.0	0.925302	0.715263966313
10317.000016772	278.552631579	6.12778102251	189.0	0.971142	0.810312692817
10317.000009596	192.0	5.55358901941	139.0	0.956158	0.780114480887
10317.000009003	213.181818182	5.47290282385	154.0	0.933668	0.753139340643
10317.000006635	291.0	5.20454774446	168.0	0.913986	0.704048195824
10317.000017265	306.12	5.64877653549	170.0	0.950486	0.762380684752
10317.000001734	268.84375	6.06479135778	175.0	0.969348	0.81393363666
10317.000001286	236.181818182	5.55840136607	163.0	0.942004	0.756375967298
10317.000014397	306.5	6.14077650522	170.0	0.974652	0.828782899721
10317.000010746	194.5	4.54215940713	112.0	0.9086	0.667242924622
10317.000010873	295.055555556	5.08520474103	145.0	0.918278	0.708254753267
10317.000016731	308.111111111	5.89481045084	179.0	0.953202	0.787674446603
10317.000016458	451.8	6.38245784041	212.0	0.969822	0.825895902777
10317.000009174	327.75	5.99433221719	179.0	0.962956	0.800972711728
10317.000004719	281.965517241	5.87615399472	173.0	0.963034	0.790376305957
10317.000018345	194.2	5.36949796312	141.0	0.940004	0.752077784456
10317.000013222	335.5	5.14715246279	151.0	0.925102	0.711089341941
10317.000003809	315.636363636	5.83981093442	172.0	0.959574	0.786372574547
10317.000004847	193.037037037	5.28357864042	136.0	0.933624	0.745482376242
10317.000002261	313.8125	5.90019187821	183.0	0.959326	0.785048898328
10317.000014134	256.0	5.27748257319	130.0	0.943818	0.751524658592
10317.000016729	379.785714286	6.3539598405	203.0	0.975692	0.828921251352
10317.000014877	280.965517241	5.93022368428	172.0	0.962024	0.798547302064
10317.000001652	252.037037037	5.98126863798	160.0	0.971012	0.816898030201
10317.000017083	230.0	5.54462021225	146.0	0.957706	0.77117600949
10317.000002606	286.666666667	5.2066006885	155.0	0.915578	0.715573346263
10317.000011357	318.6875	5.93458737505	185.0	0.964322	0.787981249677
10317.000004813	294.774193548	6.06274897506	185.0	0.96574	0.804998260525
10317.000013453	264.181818182	5.27975625314	148.0	0.928282	0.732337943722
10317.000016768	292.78125	6.23559289331	189.0	0.973416	0.824569293539
10317.000013174	201.1	3.79378908959	93.0	0.792058	0.580164696894
10317.000016166	212.476190476	5.17745116058	131.0	0.92775	0.736121111932
10317.000003595	221.666666667	4.30630003738	135.0	0.857006	0.608508159966
10317.000012184	312.6	6.06547772292	193.0	0.965388	0.798882060597
10317.000011358	363.285714286	6.67111605396	219.0	0.982154	0.858044857411
10317.000013471	390.323529412	6.07555034551	214.0	0.962448	0.784806078252
10317.000001436	267.555555556	5.8143038377	162.0	0.962486	0.792155675581
10317.000009385	413.181818182	6.48002052265	218.0	0.977716	0.834174403147
10317.000006053	340.047619048	5.27753470422	166.0	0.922456	0.715594099984
10317.000002185	232.916666667	5.12362514441	138.0	0.926444	0.720771965486
10317.000016488	135.5	3.95386095367	83.0	0.826926	0.620209646741
10317.000001516	189.5	4.79152011812	116.0	0.885192	0.698677952231
10317.000011352	361.583333333	6.20909305527	207.0	0.966616	0.807058371526
10317.000004009	275.545454545	5.3741548385	146.0	0.947116	0.747466755898
10317.000013801	268.222222222	5.46640962565	157.0	0.947696	0.749375438947
10317.000003996	328.06	6.36889672679	223.0	0.964758	0.816431028278
10317.000017339	293.125	5.73006840037	168.0	0.948398	0.77513830544
10317.000010183	378.894736842	6.56946482434	224.0	0.978596	0.841445648357
10317.000012318	243.5	4.91560524	143.0	0.888354	0.686549381796
10317.000007666	331.12	6.07740762627	178.0	0.969136	0.812951355527
10317.000006026	143.875	5.16885121952	108.0	0.952518	0.765201673287
10317.000002349	344.75	5.59157565687	162.0	0.952184	0.761810616658
10317.000015908	347.272727273	5.41960788324	134.0	0.952296	0.766988320861
10317.000001423	172.125	4.63405527066	119.0	0.895892	0.672106998292
10317.000011036	320.038461538	5.72912246569	166.0	0.960614	0.776826011443
10317.000005845	284.111111111	5.87165511163	170.0	0.961644	0.792461237669
10317.000009118	300.12	5.60790746959	164.0	0.95583	0.762197462698
10317.000005576	279.724137931	5.89192041222	168.0	0.966738	0.797032929628
10317.000013584	201.0	4.95030674345	124.0	0.910074	0.711844550039
10317.000002801	282.84375	6.25781697479	189.0	0.969008	0.827508115153
10317.000013265	421.517241379	6.24607061078	211.0	0.970076	0.808961322491
10317.000010833	310.066666667	4.70688381727	130.0	0.906348	0.670270191279
10317.000013238	133.461538462	4.79284959471	85.0	0.942808	0.747785498259
10317.000012983	367.807692308	5.60854901068	185.0	0.921494	0.744690604251
10317.000004915	249.130434783	5.81806368645	153.0	0.96274	0.801674626266
10317.000001099	456.630434783	6.9508652734	260.0	0.985298	0.866435625417
10317.000010881	227.833333333	4.92740552631	145.0	0.905586	0.686276868486
10317.000015856	312.794117647	6.22459951373	195.0	0.97304	0.818237049926
10317.000017324	259.0	3.9059559843	145.0	0.706048	0.54401189978
10317.000003061	270.04	5.74907615688	162.0	0.95569	0.783268888959
10317.000028859	314.045454545	6.04036802919	174.0	0.968908	0.811556346297
10317.000014922	326.454545455	6.0761540092	194.0	0.964632	0.799503117387
10317.000012903	386.090909091	6.39103992916	211.0	0.977304	0.827737058282
10317.000014684	367.043478261	6.17367028834	189.0	0.96919	0.816380901592
10317.000012991	364.24137931	6.61226646601	207.0	0.981354	0.859462881076
10317.000014121	198.291666667	4.7028205609	127.0	0.881572	0.672919264736
10317.000004736	312.8	5.3467957873	170.0	0.90494	0.721624197371
10317.000011248	347.64	6.19254312009	191.0	0.969648	0.817235405389
10317.000010962	248.848484848	5.81132220607	167.0	0.959706	0.787046985615
10317.000016773	310.307692308	5.83266469769	173.0	0.9622	0.78452674688
10317.000002348	271.1	5.46282003208	171.0	0.925446	0.736442254833
10317.000016354	405.9	6.58833493145	192.0	0.983672	0.868604812591
10317.000004922	145.285714286	4.72332605477	110.0	0.894314	0.696516075582
10317.000003091	248.2	4.94420169662	118.0	0.931552	0.718358000141
10317.000001965	246.090909091	6.40692634295	175.0	0.980692	0.85985033128
10317.000005454	199.875	5.151075676	117.0	0.941348	0.74975287139
10317.000014369	423.756756757	6.68672370502	234.0	0.979584	0.84960785723
10317.000003086	272.363636364	5.91487544094	179.0	0.96004	0.79035556419
10317.000001528	314.441176471	6.27781289599	194.0	0.969326	0.826037485738
10317.000002444	314.954545455	5.66102738287	164.0	0.953486	0.769417243578
10317.000015584	275.12	5.34375590363	155.0	0.932526	0.734423383382
10317.000023375	312.666666667	4.71859828997	161.0	0.848474	0.643657317144
10317.000015624	455.206896552	5.97075064366	209.0	0.958982	0.774681773788
10317.000020431	286.972972973	6.39257060176	195.0	0.976494	0.84031721223
10317.000006671	325.823529412	6.36650065831	200.0	0.975402	0.832891213577
10317.000009102	246.25	5.25314539304	139.0	0.932032	0.737911065617
10317.000015214	326.6	6.11093721593	184.0	0.971944	0.812239900678
10317.000002172	263.777777778	5.5167356316	161.0	0.941586	0.752530102758
10317.000016745	303.956521739	5.22168245132	156.0	0.931508	0.716732212506
10317.000001189	216.052631579	5.58797501169	135.0	0.954862	0.789617156906
10317.000007678	129.130434783	2.80720520406	88.0	0.689382	0.434590126469
10317.000003358	212.391304348	5.57333142178	143.0	0.953126	0.778412231118
10317.000009231	348.125	4.95767985056	166.0	0.900244	0.672224182218
10317.000006653	155.12	5.06524143863	119.0	0.930846	0.73464471615
10317.000018318	305.391304348	6.00243954664	168.0	0.968152	0.811983469236
10317.000013859	346.047619048	5.81939396418	172.0	0.951124	0.783623282551
10317.000015928	253.813953488	6.36014836686	191.0	0.975312	0.839354418392
10317.000013757	386.964285714	6.2988197555	203.0	0.97032	0.821727817744
10317.000012298	329.913043478	5.67332978351	171.0	0.947036	0.764821054628
10317.000001731	304.677419355	6.24561969645	184.0	0.976026	0.830141325735
10317.000017171	313.096774194	5.87728676269	181.0	0.962724	0.783654337859
10317.000014587	305.272727273	5.01345021355	122.0	0.933458	0.723364624768
10317.000017343	264.0	6.0069372782	174.0	0.97098	0.807064742806
10317.000002171	244.8	5.8989226531	159.0	0.964142	0.806648033226
10317.000016764	300.6	6.0527666106	171.0	0.969768	0.815972897608
10317.000016727	270.0	5.71944558644	159.0	0.961022	0.782105446157
10317.000002013	305.823529412	5.6206996876	180.0	0.942548	0.750241577795
10317.000013454	258.6	6.10696924727	171.0	0.972986	0.82327994996
10317.000016766	282.34375	5.87342408051	176.0	0.95966	0.787382253875
10317.000001234	293.25	4.41337785846	129.0	0.843992	0.629472943563
10317.000001922	287.256410256	6.24753031392	200.0	0.967106	0.817327034786
10317.000026623	366.090909091	6.21468293912	210.0	0.963774	0.80561124544
10317.000006761	398.666666667	6.60528300572	226.0	0.978718	0.84464601609
10317.000004076	223.692307692	5.93550087824	167.0	0.967242	0.803864922419
10317.000009532	225.217391304	6.34650472431	180.0	0.97753	0.847120818135
10317.000005846	266.757575758	5.95428674696	171.0	0.96949	0.802696836451
10317.000004821	403.076923077	6.53184064635	235.0	0.970776	0.829280339351
10317.000002712	347.285714286	5.49310230479	181.0	0.934748	0.732428690868
10317.000010832	221.476190476	5.34564783834	140.0	0.941986	0.749815630217
10317.000013734	328.285714286	6.33899204042	198.0	0.977096	0.830868493384
10317.000009659	325.833333333	5.73046839506	159.0	0.958942	0.783612759851
10317.000001116	306.8125	4.78381785929	138.0	0.904454	0.672969177834
10317.000017292	378.923076923	6.651350469	228.0	0.979616	0.849156627627
10317.000015862	242.615384615	5.76080101166	155.0	0.964682	0.79174031267
10317.000002446	261.142857143	4.26554203638	129.0	0.840208	0.608387359443
10317.000006678	246.916666667	5.54129529934	152.0	0.950914	0.764535143193
10317.000014224	268.666666667	6.31636541679	180.0	0.979368	0.843097873861
10317.000017218	310.483870968	6.2381759588	187.0	0.97495	0.826588471849
10317.000009661	287.736842105	6.02805132534	187.0	0.966666	0.798745942106
10317.000006729	272.333333333	5.57056604699	142.0	0.961088	0.779127702543
10317.000003476	271.15	6.45388546201	198.0	0.976086	0.84592787877
10317.000001811	191.142857143	4.34060584277	123.0	0.837756	0.625220997296
10317.000016749	260.651162791	6.15699080567	189.0	0.969478	0.814175275041
10317.000003214	185.176470588	2.59350177228	101.0	0.500266	0.389519284421
10317.000013686	261.176470588	5.40393364048	135.0	0.955328	0.763610916007
10317.000010845	318.533333333	6.28599039972	188.0	0.975542	0.832075778462
10317.000001311	187.0	4.91307698216	132.0	0.909072	0.697444932653
10317.000003593	299.884615385	5.82508044255	169.0	0.960034	0.787079494092
10317.000001435	230.047619048	5.25464433403	140.0	0.92494	0.737050881771
10317.000017205	290.736842105	6.07771585222	190.0	0.96219	0.802883987052
10317.000014551	221.5	5.48960886905	130.0	0.960532	0.781731890897
10317.000002781	207.647058824	3.72274739339	107.0	0.76638	0.552216216574
10317.000007675	312.052631579	5.8432060567	166.0	0.958034	0.79229489023
10317.000003216	353.4	5.51864914874	148.0	0.951776	0.765474005984
10317.000005238	385.0	5.64894220044	183.0	0.945916	0.751618920658
10317.000022448	388.272727273	5.69516230609	181.0	0.952128	0.759370577987
10317.000001004	171.2	5.18593292106	127.0	0.945988	0.742047059424
10317.000014122	317.157894737	5.61136906091	155.0	0.957532	0.771203012533
10317.000016728	368.12	6.37766978855	197.0	0.97458	0.836739232377
10317.000010773	255.0	4.31889725971	144.0	0.852312	0.602362961794
10317.000005553	234.032258065	6.10994441296	169.0	0.968406	0.825570050906
10317.000014054	281.527777778	6.14548062915	187.0	0.972074	0.814305892551
10317.000001779	253.526315789	5.96179974043	154.0	0.96474	0.820417622981
10317.000026081	246.5	5.1463273274	140.0	0.93897	0.721857627923
10317.000016769	372.071428571	5.48261996309	152.0	0.947612	0.756439679194
10317.000003372	295.483870968	5.93146831785	172.0	0.970242	0.798714900932
10317.000004738	315.416666667	6.08878553171	194.0	0.967818	0.801165178884
10317.000041976	369.7	6.37723829501	208.0	0.97394	0.82816547216
10317.000036427	325.884615385	6.11371439188	182.0	0.970902	0.814315612623
10317.000043092	239.285714286	6.00347942101	165.0	0.964208	0.814990065109
10317.000036069	184.5	4.9941635305	111.0	0.934328	0.735039424836
10317.000028711	273.625	5.54711412225	158.0	0.949462	0.759485301313
10317.000027901	503.545454545	6.50418787467	221.0	0.974916	0.83516554362
10317.000031057	270.454545455	5.4499979016	151.0	0.944646	0.752928041173
10317.000021275	369.75	5.21375185568	165.0	0.921698	0.707782215336
10317.000031439	281.217391304	5.50601754644	154.0	0.944314	0.757696337385
10317.000036437	329.037037037	5.86570296057	184.0	0.961296	0.779644401792
10317.000043117	470.916666667	5.79825255049	193.0	0.958086	0.763685921702
10317.000040144	165.260869565	4.39107432637	112.0	0.84635	0.64504853598
10317.000039994	315.333333333	5.5437732094	167.0	0.943252	0.750811921741
10317.000036067	286.1	6.43540121565	186.0	0.979796	0.853596717736
10317.000036877	343.193548387	6.0858656046	193.0	0.96647	0.801567341735
10317.000038417	340.483870968	5.68783895006	184.0	0.948398	0.756003470601
10317.000031891	358.055555556	5.91016502762	169.0	0.963384	0.798576044713
10317.000028719	235.055555556	5.62203010289	140.0	0.958728	0.788582819552
10317.000023341	216.933333333	5.12647207924	141.0	0.931822	0.718038406926
10317.000036901	211.294117647	5.25543020248	152.0	0.936166	0.725094200063
10317.000035492	409.04	6.21747375978	203.0	0.96678	0.811115628454
10317.000041632	233.2	5.06369806961	150.0	0.893854	0.700487629641
10317.000027775	386.033333333	5.74673641559	197.0	0.94616	0.753961866399
10317.000036094	207.157894737	4.03844928482	114.0	0.814306	0.591030921975
10317.000039831	264.757575758	5.48703648127	169.0	0.937988	0.741403305987
10317.000043164	197.4	5.10190255036	119.0	0.936888	0.739961914224
10317.000036422	275.275862069	6.02996188434	177.0	0.966556	0.807482645393
10317.000036939	195.214285714	5.31148045755	132.0	0.949052	0.754001035086
10317.000020388	338.0	6.70615475176	233.0	0.98183	0.852746187388
10317.000036147	330.217391304	5.75588421205	175.0	0.940808	0.772476329775
10317.000035412	286.714285714	5.89614329457	171.0	0.964538	0.794858523102
10317.000031272	116.4	3.71737444991	79.0	0.813386	0.589705543136
10317.000037565	263.757575758	5.52357386427	168.0	0.93541	0.747204638054
10317.000018298	209.333333333	5.3865624341	137.0	0.951624	0.758881105515
10317.000001764	316.533333333	6.08981740396	186.0	0.969072	0.807758207054
10317.000014232	301.666666667	5.8508716671	183.0	0.9616	0.778486607102
10317.000009677	266.136363636	5.22514593038	140.0	0.944248	0.732913242182
10317.000036045	273.037037037	6.13487284967	173.0	0.9705	0.825175471029
10317.000018424	285.4	4.63335903282	129.0	0.878268	0.660848502555
10317.000015901	209.866666667	5.11481725453	118.0	0.940192	0.743147249951
10317.000014978	316.222222222	6.178152424	184.0	0.97183	0.821173861541
10317.000017133	256.870967742	5.52082591218	160.0	0.948866	0.754012582564
10317.000018401	326.026315789	6.60694096173	211.0	0.98223	0.855699531926
10317.000026136	468.0	5.73575178316	177.0	0.9572	0.768084460901
10317.000018408	189.25	4.94742979885	115.0	0.935298	0.722728360136
10317.000013197	308.571428571	5.97008069689	181.0	0.970202	0.79602711666
10317.000001936	198.125	4.60969199534	112.0	0.912784	0.677163457484
10317.000009495	165.666666667	4.58910781525	103.0	0.922294	0.686324303212
10317.000033748	256.785714286	4.86388842083	155.0	0.855616	0.668472410574
10317.000006717	292.545454545	5.76415018512	163.0	0.957456	0.784373848664
10317.000001786	277.896551724	6.18791256791	177.0	0.972886	0.828634095148
10317.000022553	342.5	6.21734247091	205.0	0.970024	0.809604607388
10317.000009178	399.222222222	6.24181424982	197.0	0.973254	0.818915220949
10317.000034127	244.516129032	5.3964296802	155.0	0.943762	0.741662646159
10317.000005085	204.545454545	5.47958495658	132.0	0.957212	0.777864620254
10317.000009648	315.555555556	5.92938435103	177.0	0.961718	0.794014133616
10317.000013001	325.291666667	5.73096601185	173.0	0.949172	0.770847692228
10317.000034147	367.666666667	5.29169639307	155.0	0.938054	0.727268542748
10317.000028856	191.033333333	5.20143351935	134.0	0.943302	0.736112066966
10317.000005163	196.555555556	4.30256666919	111.0	0.880542	0.633250415316
10317.000009628	306.869565217	5.8013869301	166.0	0.95982	0.7866245305
10317.000001789	324.230769231	5.80811892774	177.0	0.948976	0.777775270639
10317.000002346	252.555555556	5.13991027526	147.0	0.93553	0.713908915444
10317.000016762	323.454545455	5.62163003437	165.0	0.947312	0.763152882927
10317.000014291	306.333333333	6.33503957433	200.0	0.97115	0.828775348077
10317.000011191	256.107142857	5.78742015611	157.0	0.966516	0.793381911869
10317.000011969	252.857142857	5.69530908856	159.0	0.959346	0.778804901348
10317.000013764	301.15625	5.70193536247	176.0	0.94875	0.764392738479
10317.000016333	434.647058824	5.7987387033	172.0	0.961742	0.780841903008
10317.000038478	355.0	6.06051986482	181.0	0.96716	0.808085920173
10317.000034126	362.0	5.90497865981	176.0	0.9608	0.79161241254
10317.000006036	288.25	6.29756393793	187.0	0.974634	0.834457666183
10317.000013902	337.090909091	5.94476817871	196.0	0.957318	0.78069529902
10317.000015295	196.0	4.6466754022	120.0	0.890338	0.672759375275
10317.000006795	331.6	6.00949733234	189.0	0.96375	0.794671341545
10317.000002141	259.833333333	5.01824706096	137.0	0.915602	0.706991318482
10317.000006017	226.2	4.71997578495	116.0	0.895862	0.688245678765
10317.000021323	384.130434783	6.25603960135	190.0	0.975478	0.826441074315
10317.000017174	268.25	5.32362424984	144.0	0.927126	0.742493714895
10317.000014451	221.047619048	5.17709495095	131.0	0.93827	0.736070466659
10317.000013984	250.260869565	5.95781357088	157.0	0.970776	0.816740688237
10317.000015587	194.769230769	4.68052615772	108.0	0.894854	0.692909564552
10317.000003508	259.090909091	5.88938536111	175.0	0.954764	0.790393034464
10317.000036114	220.55	4.99905866168	126.0	0.931648	0.716476723951
10317.000010712	330.25	6.1460603653	184.0	0.972496	0.816908320978
10317.000013986	236.666666667	5.70638443341	150.0	0.96041	0.789393769262
10317.000014259	313.333333333	5.5636067898	155.0	0.950918	0.764638766452
10317.000006899	363.717948718	6.26407559804	210.0	0.97459	0.812014030886
10317.000003879	189.142857143	5.19637212394	121.0	0.944656	0.751044202746
10317.000003287	285.157894737	6.50128559165	202.0	0.979648	0.848930015355
10317.000013952	268.3	5.72524156317	151.0	0.960302	0.790953500026
10317.000010169	148.571428571	3.83553763202	81.0	0.85408	0.604988703247
10317.000001805	271.730769231	6.02409457235	165.0	0.968302	0.817788632799
10317.000012959	207.206896552	5.59166189988	142.0	0.963286	0.782078275836
10317.000005009	247.6	5.61328432316	151.0	0.95668	0.775486384819
10317.000033803	189.954545455	5.49101458902	132.0	0.950296	0.779487134873
10317.000014237	238.03030303	5.76065027947	169.0	0.95193	0.778373749913
10317.000017185	383.0	6.18858192886	201.0	0.972338	0.808853760065
10317.000002811	237.0	5.10570197939	125.0	0.94153	0.732968718344
10317.000035361	230.0	5.36261148134	134.0	0.95209	0.758922133134
10317.000044399	203.869565217	5.21443549664	132.0	0.927682	0.740224838118
10317.000005987	284.913043478	5.90935671002	161.0	0.968522	0.806086988609
10317.000003922	264.785714286	5.87859003049	163.0	0.967702	0.799946590363
10317.000015542	211.25	4.73798925535	115.0	0.908346	0.692132954704
10317.000017114	124.166666667	5.02308455908	93.0	0.950662	0.768154544671
10317.000014222	151.272727273	5.1850129409	114.0	0.948646	0.758831611536
10317.000001882	303.371428571	6.1730513962	194.0	0.96585	0.812252919788
10317.000012004	340.206896552	6.20763596179	199.0	0.965844	0.812876927994
10317.000001702	316.326086957	6.10927775625	213.0	0.961876	0.789852244779
10317.000001732	262.294117647	6.06340955828	185.0	0.96397	0.805085971289
10317.000014929	280.055555556	4.91142926788	130.0	0.927854	0.699397895218
10317.000001151	334.434782609	5.82891065762	168.0	0.966856	0.788509248758
10317.000002262	290.783783784	6.092695742	192.0	0.964992	0.803259837003
10317.000016752	205.4375	4.6359540833	116.0	0.901696	0.675994011444
10317.000027295	304.076923077	5.72373529139	170.0	0.958866	0.772497407779
10317.000029188	264.294117647	5.5778979298	169.0	0.946022	0.753680421066
10317.000014392	300.272727273	5.38347024526	153.0	0.948294	0.741791724785
10317.000002512	277.0	5.09969512878	144.0	0.927756	0.711261990572
10317.000012242	343.0	5.91278392651	182.0	0.962996	0.787552698211
10317.000031519	260.166666667	5.43348156779	141.0	0.95089	0.76103963675
10317.000016177	313.533333333	5.45201401124	174.0	0.934278	0.732507779252
10317.000015329	312.15	5.98240432583	162.0	0.967756	0.815058117465
10317.000014318	319.954545455	6.08567142874	169.0	0.974174	0.822290307676
10317.000013609	190.545454545	4.57360782412	118.0	0.893384	0.6645132969
10317.000014317	249.666666667	5.32744328754	155.0	0.926684	0.732181445892
10317.000029154	238.375	5.74864971532	157.0	0.954566	0.788066976093
10317.000009529	207.866666667	4.93981173151	116.0	0.930304	0.720301169545
10317.000011955	232.44	5.3769360184	144.0	0.94637	0.749929185776
10317.000003266	348.4	5.13156424455	143.0	0.923482	0.71671179595
10317.000016405	302.666666667	6.14138216952	171.0	0.975444	0.827919152773
10317.000010984	272.260869565	5.88410622815	158.0	0.96937	0.805624707398
10317.000010843	232.1875	5.8172851982	161.0	0.963088	0.793527643938
10317.000008955	224.75	5.51024564824	125.0	0.962456	0.791044543308
10317.000027648	197.65	4.41464574893	115.0	0.868678	0.644898424521
10317.000015263	179.333333333	3.66005589104	79.0	0.804152	0.580612815904
10317.000014357	236.526315789	5.2568715132	137.0	0.92668	0.740609714321
10317.000017093	206.125	4.84974769141	120.0	0.910604	0.702160780496
10317.000010797	244.9	4.98726521905	131.0	0.932322	0.709080801476
10317.000014954	233.357142857	5.59234880791	152.0	0.95493	0.771579020008
10317.000014379	324.75	5.80174253732	176.0	0.951988	0.77777273577
10317.000005915	163.125	4.3904524413	104.0	0.861758	0.655248405476
10317.000001363	212.441176471	5.08311932709	155.0	0.87964	0.698602586208
10317.000013604	110.0	2.2510037114	52.0	0.508368	0.394882469195
10317.000014095	199.4	5.37692602445	140.0	0.942766	0.754202913767
10317.000012275	242.5	5.6348851847	145.0	0.958842	0.784812887469
10317.000006619	193.5	5.43745889656	126.0	0.95762	0.779309266101
10317.000011145	242.55	4.32873420666	132.0	0.811368	0.614493472868
10317.000011389	376.473684211	5.97933813595	175.0	0.964636	0.802465269902
10317.000023487	210.4375	4.97839138273	121.0	0.917914	0.719538920196
10317.000002205	161.666666667	3.85874133523	99.0	0.81778	0.582068752123
10317.000011155	271.454545455	5.49287225072	152.0	0.94035	0.757854192186
10317.000006929	194.44	5.03836596316	126.0	0.93001	0.722110337897
10317.000013648	203.666666667	4.81206294033	115.0	0.89887	0.702953755615
10317.000012155	315.651162791	6.61055054747	214.0	0.981826	0.853914453046
10317.000013119	300.578947368	5.923741108	188.0	0.963394	0.784124884133
10317.000006654	312.3	6.07319230855	166.0	0.97204	0.823479300021
10317.000002071	307.15	5.4016316783	157.0	0.935868	0.740495203828
10317.000011049	260.473684211	5.90743853928	151.0	0.967366	0.816124374365
10317.000004159	202.0	4.87566415441	132.0	0.88921	0.692133925473
10317.000002568	137.4	4.5550648666	93.0	0.895794	0.696582694836
10317.000008957A	267.078947368	6.15483936712	186.0	0.969714	0.816382771782
10317.000002749	321.37037037	6.18377107014	186.0	0.970618	0.820220295801
10317.000001127	205.033333333	5.5712695355	148.0	0.951034	0.772772809941
10317.000017661	269.5	5.98030375228	165.0	0.9715	0.811843899621
10317.000002201	155.714285714	3.70951483415	85.0	0.821972	0.57876245514
10317.000011298	203.588235294	4.47274424231	113.0	0.89276	0.655810392506
10317.000001939	189.0	4.91331415872	132.0	0.892208	0.69747860149
10317.000001726	205.1	5.44316318959	150.0	0.935236	0.752981008744
10317.000012381	266.323529412	6.18526240014	178.0	0.973636	0.827378672241
10317.000009447	178.25	4.97972506598	117.0	0.926566	0.724812330819
10317.000029245	284.724137931	6.05351639017	173.0	0.97193	0.814232562116
10317.000014958	290.956521739	5.79231302377	157.0	0.961188	0.794052661977
10317.000015364	286.730769231	5.6444260666	159.0	0.957742	0.771846903761
10317.000016484	251.5	5.27061669658	145.0	0.942202	0.734078472374
10317.000010908	263.307692308	5.65425106682	165.0	0.939544	0.767581284441
10317.000003125	175.130434783	4.95412159381	124.0	0.896946	0.712393118153
10317.000001524	271.517241379	5.07172604831	157.0	0.923036	0.695269325561
10317.000014949	223.047619048	5.08789874638	133.0	0.931626	0.721147422926
10317.000015933	278.260869565	5.97308315927	164.0	0.969754	0.811830233143
10317.000014012	239.5	5.47327092307	142.0	0.954148	0.765519511612
10317.000004774	300.636363636	5.33030813734	157.0	0.928776	0.730717650832
10317.000008954B	217.65	5.33162328591	135.0	0.936742	0.75339299333
10317.000017636	233.789473684	5.26713140222	131.0	0.946752	0.748871694631
10317.000016703	266.323529412	6.03254340334	178.0	0.969898	0.80695004163
10317.000003365	188.5	4.89179564757	121.0	0.913426	0.707023029624
10317.000017216	330.0	6.61360052317	198.0	0.983538	0.866862155292
10317.000004163	247.473684211	5.2706855354	138.0	0.942472	0.741459858153
10317.000018338	270.076923077	6.16541482679	169.0	0.97584	0.833065162036
10317.000003411	166.833333333	4.52949947863	88.0	0.929164	0.701222606888
10317.000013697	249.5	5.20702623772	143.0	0.92163	0.727251369864
10317.000017161	277.75	4.54047235998	115.0	0.892402	0.663279374623
10317.000001072	215.607142857	4.91591600907	139.0	0.915544	0.690540342848
10317.000002773	205.882352941	4.19205279781	112.0	0.821972	0.615812286242
10317.000010748	214.64	5.627458571	139.0	0.964098	0.790490961157
10317.000011956	271.136363636	5.19229135933	145.0	0.938796	0.723169512905
10317.000007641	297.333333333	5.81315678681	158.0	0.963802	0.795910636866
10317.000005007	182.652173913	4.909414342	125.0	0.89704	0.704789890323
10317.000012948	185.214285714	3.95652835753	122.0	0.790238	0.570866873873
10317.000017079	231.615384615	4.47658054688	100.0	0.920636	0.673792511308
10317.000009193	231.526315789	4.92616173945	132.0	0.904394	0.699302403582
10317.000012984	315.391304348	5.93034083013	171.0	0.967298	0.799468689655
10317.000015581	237.882352941	4.9976667204	123.0	0.933472	0.719864066047
10317.000014802	282.75	5.23661194559	144.0	0.941358	0.730357980667
10317.000020067	296.055555556	5.32499042718	146.0	0.936452	0.740628701518
10317.000017353	367.689655172	6.28891342232	197.0	0.975388	0.825094550822
10317.000001059	208.791666667	5.03883684444	130.0	0.933222	0.717541003063
10317.000017088	284.666666667	5.43239393652	153.0	0.94795	0.748532950736
10317.000013213	170.0	5.39310355406	127.0	0.945298	0.771690782426
10317.000004602	234.3125	5.42798048142	131.0	0.952886	0.771740940397
10317.000014399	268.0625	5.23213687501	134.0	0.943744	0.740457236526
10317.000005008	229.965517241	5.61479766016	156.0	0.943244	0.770691513178
10317.000010104	239.405405405	6.09082638347	176.0	0.967904	0.81652687428
10317.000010565	283.714285714	5.40376964786	148.0	0.938776	0.749539441316
10317.000027213	201.0	3.96348252307	102.0	0.841566	0.594009272481
10317.000007746	284.24	5.69506444298	161.0	0.958418	0.77685568363
10317.000027194	194.391304348	4.70025120894	120.0	0.916108	0.680516238657
10317.000015224	281.162162162	6.56027984681	200.0	0.978126	0.858242186134
10317.000013933	245.545454545	5.72135878104	151.0	0.959458	0.790417085958
10317.000018033	194.5	5.14755210913	127.0	0.930418	0.736555208861
10317.000006084	219.0	5.35231406004	120.0	0.957452	0.774923822225
10317.000023423	261.04	5.61177544055	153.0	0.950862	0.773250040122
10317.000002059	317.193548387	6.11006217405	188.0	0.969736	0.808788180801
10317.000005851	316.315789474	5.41985094537	150.0	0.949138	0.749756105032
10317.000003047	257.0	5.12415694972	146.0	0.9291	0.712695686488
10317.000008982	192.636363636	5.36337970752	130.0	0.948872	0.76375659184
10317.000010765	250.142857143	5.16535459846	148.0	0.897546	0.716469659557
10317.000012072	211.476190476	4.92021762326	130.0	0.909498	0.700649375575
10317.000002005	230.344827586	5.84621514432	163.0	0.963002	0.795541081616
10317.000017183	284.344827586	5.60986143206	167.0	0.947394	0.759762472852
10317.000008976	201.8	4.99770423603	131.0	0.91671	0.710565002978
10317.000012228	261.0	5.93848965495	157.0	0.968644	0.814091624414
10317.000011224	370.055555556	5.33653449454	167.0	0.90853	0.722744882942
10317.000023828	230.538461538	5.63254735003	153.0	0.953404	0.776112214493
10317.000003149	280.433333333	5.46510666726	167.0	0.939174	0.740157846358
10317.000013029	163.12	5.04476269384	118.0	0.932344	0.732968811205
10317.000026111	230.428571429	4.22871951221	104.0	0.887848	0.631110746472
10317.000003536	321.15	6.01438205398	171.0	0.968672	0.810798279139
10317.000011012	276.25	6.14345123545	184.0	0.97144	0.816561526485
10317.000010259	223.0	5.04443696929	117.0	0.938564	0.734231321798
10317.000006637	394.896551724	6.2135795113	203.0	0.97142	0.810607594818
10317.000012113	164.0	4.09801560873	95.0	0.861432	0.623760376642
10317.000013079	268.789473684	5.30675320598	138.0	0.946942	0.746533719936
10317.000001488	173.1	3.28886504917	87.0	0.706252	0.510460017427
10317.000004162	291.571428571	5.71805409271	143.0	0.96492	0.798625257878
10317.000012906	255.454545455	5.16651046311	136.0	0.94565	0.728964733761
10317.000012976	317.2	5.9314115576	171.0	0.968822	0.799613034324
10317.000009533	115.071428571	3.7503007492	75.0	0.820756	0.602088603882
10317.000014309	224.791666667	5.43388693843	146.0	0.939476	0.755774622027
10317.000013778	302.0	6.0959649177	183.0	0.970872	0.811097442536
10317.000010732	357.25	5.39455710805	157.0	0.95051	0.739525369961
10317.000002371	243.125	5.71064942965	161.0	0.95404	0.778981609613
10317.000006021	174.0	4.93370040248	123.0	0.911836	0.710650355672
10317.000002329	368.272727273	5.57023389713	178.0	0.924058	0.745108683793
10317.000010761	341.0	5.99535778815	189.0	0.95662	0.792801586068
10317.000009129	260.464285714	5.7621988031	164.0	0.954394	0.783167934047
10317.000014323	255.666666667	5.46327877685	161.0	0.941166	0.74523812883
10317.000006894	292.4	5.69159907969	166.0	0.952342	0.771738121901
10317.000014241	269.0	4.81657589727	125.0	0.916806	0.691462109711
10317.000001685	238.0	4.78470385031	120.0	0.914586	0.692743541261
10317.000011302	253.870967742	5.19613170548	157.0	0.917686	0.712323763545
10317.000012231	243.214285714	5.15908981557	121.0	0.94622	0.745655700748
10317.000015577	272.870967742	6.13391461545	176.0	0.971864	0.822303216792
10317.000001579	259.1	5.57285147749	159.0	0.953672	0.762059438332
10317.000002202	323.344827586	6.06185539916	179.0	0.971122	0.809995272409
10317.000017662	259.0625	5.89267972327	170.0	0.96356	0.795298800409
10317.000003432	215.0	4.5215131218	109.0	0.865708	0.668054075485
10317.000011116	313.869565217	6.09897627951	173.0	0.973542	0.820347177124
10317.000006737	318.621621622	6.23292323669	203.0	0.9644	0.813131127459
10317.000006841	298.344827586	6.0287592435	181.0	0.96556	0.803851083645
10317.000013563	346.625	5.18921553545	176.0	0.875516	0.695658302234
10317.000013295	305.4	6.03501019998	179.0	0.953018	0.806408171927
10317.000016699	283.263157895	6.47826394758	198.0	0.978324	0.849123231509
10317.000017217	303.5	6.45561672271	185.0	0.981044	0.857162362119
10317.000016702	395.526315789	6.13434946055	180.0	0.973588	0.818802688957
10317.000006728	151.8125	4.38815713602	98.0	0.884326	0.663393745067
10317.000002498	268.464285714	5.89978106022	172.0	0.951966	0.794447983622
10317.000013286	245.307692308	5.23218807732	147.0	0.933814	0.726725860111
10317.000022964	203.391304348	5.17986570652	129.0	0.940408	0.738795865234
10317.000002466	228.913043478	5.31195984297	144.0	0.926126	0.74086686289
10317.000017644	389.866666667	5.61936388292	163.0	0.954706	0.764671622761
10317.000017173	308.05	5.43543039702	154.0	0.945316	0.747982669723
10317.000013332	382.0	6.6564865278	226.0	0.975946	0.851193631219
10317.000002173	150.235294118	4.68829770341	102.0	0.915938	0.702637716142
10317.000011329	271.965517241	5.72819497236	163.0	0.95706	0.779481136346
10317.000007039	248.375	6.0004311756	179.0	0.964076	0.801787664767
10317.000002886	269.222222222	5.59164840803	158.0	0.956518	0.765582730482
10317.000006887	297.538461538	5.96434096848	176.0	0.961104	0.799570432897
10317.000009126	256.894736842	5.11213115002	137.0	0.917306	0.720218095702
10317.000022636	327.5	4.9216570867	132.0	0.913302	0.698662937267
10317.000014233	269.8	6.31652853921	184.0	0.9769	0.839566228882
10317.000023088	314.25	5.66838673337	169.0	0.95704	0.765907184703
10317.000004974	279.625	5.8495161402	164.0	0.962386	0.795035649972
10317.000002414	94.5454545455	3.5904695053	65.0	0.834498	0.596189010164
10317.000006027	261.935483871	5.61450425929	160.0	0.954086	0.766806800959
10317.000017098	363.4	5.9777228003	172.0	0.97003	0.804943399912
10317.000003841	149.130434783	4.59876422183	108.0	0.910934	0.680805449441
10317.000014559	224.526315789	5.02769536602	125.0	0.933408	0.721770178426
10317.000003761	242.772727273	5.99465855808	154.0	0.970242	0.824939404028
10317.000014799	204.875	5.89625193308	155.0	0.96809	0.810356118816
10317.000002208	246.256410256	5.89020430475	177.0	0.963184	0.788767465722
10317.000016313	236.0	5.48338648239	143.0	0.94584	0.765849863003
10317.000022899	307.5	5.86827378905	180.0	0.95797	0.78328735409
10317.000004793	304.5	6.13593775114	180.0	0.969644	0.819014691325
10317.000003837	230.888888889	5.19440447746	144.0	0.932996	0.724471242924
10317.000010285	145.0	4.5848624869	88.0	0.930112	0.709793486112
10317.000005848	183.3	4.53163922216	117.0	0.86849	0.659592235219
10317.000005907	202.111111111	5.56227577964	143.0	0.951536	0.776868119273
10317.000013421	253.5	5.84649114541	173.0	0.954014	0.786386483143
10317.000020072	183.25	5.13991311469	122.0	0.937178	0.741611298244
10317.000001477	145.476190476	5.02321772939	112.0	0.926748	0.737910361205
10317.000014132	329.103448276	5.98696762683	191.0	0.955294	0.790105425297
10317.000003382	368.1	5.93324793013	193.0	0.959676	0.781466118413
10317.000003221	174.214285714	4.35142223192	97.0	0.869098	0.659315105513
10317.000014607	192.058823529	3.83763172041	111.0	0.782092	0.564821435116
10317.000017125	355.333333333	6.65887717657	234.0	0.977402	0.846069707545
10317.000013826	268.434782609	4.96309157419	151.0	0.894684	0.685660964387
10317.000004872	226.882352941	5.35249179298	133.0	0.946668	0.758650251341
10317.000001118	394.115384615	6.07395813357	196.0	0.964994	0.797661139809
10317.000014293	251.55	5.5033045979	141.0	0.95786	0.770819387139
10317.000016721	287.37037037	6.42298546632	179.0	0.981604	0.858250076897
10317.000016763	246.785714286	6.06931189591	163.0	0.971016	0.825899634404
10317.000012173	154.0	5.12871759084	111.0	0.946954	0.754843049311
10317.000004641	234.434782609	5.44774666923	144.0	0.943516	0.759805251539
10317.000013509	246.620689655	5.68060856524	156.0	0.960044	0.779724769421
10317.000012951	293.0	5.62866802342	174.0	0.945938	0.756242208013
10317.000023799	258.935483871	5.7910891264	167.0	0.957592	0.784306751328
10317.000004705	215.033333333	5.18914667144	152.0	0.891932	0.715949029818
10317.000014605	264.516129032	5.91532181234	175.0	0.96075	0.79387387145
10317.000015455	259.954545455	5.54324957747	147.0	0.958512	0.769930812399
10317.000007651	167.571428571	3.97409145417	87.0	0.86753	0.616813022918
10317.000001827	281.375	5.22170609161	153.0	0.916958	0.719502141099
10317.000012872	188.058823529	5.06006382974	116.0	0.939316	0.737835790641
10317.000014666	258.083333333	6.18104564864	181.0	0.970766	0.824156354904
10317.000017146	237.333333333	4.71509837051	140.0	0.884626	0.661370625812
10317.000006636	286.434782609	5.91512729267	169.0	0.955076	0.799246541387
10317.000017276	107.25	3.28701300704	71.0	0.734878	0.53449563749
10317.000004161	270.333333333	5.74112365261	152.0	0.960286	0.792105555962
10317.000023299	236.375	4.90978545012	122.0	0.926618	0.708407375866
10317.000013733	291.6	5.35343508117	162.0	0.936226	0.729365733505
10317.000010304	329.714285714	6.37849121388	193.0	0.976518	0.840108963747
10317.000012034	182.5	4.67515425782	85.0	0.928236	0.729422546448
10317.000015874	265.0	5.43276422396	151.0	0.949818	0.750547174359
10317.000023823	134.8	4.02284275704	102.0	0.852902	0.602905622898
10317.000014391	261.935483871	6.00735921933	170.0	0.968306	0.810776387844
10317.000018411	166.041666667	4.37213226356	115.0	0.84368	0.638687987423
10317.000002963	176.153846154	4.38882403982	93.0	0.909466	0.671160338294
10317.000014646	344.730769231	5.37467972323	173.0	0.933462	0.722925149538
10317.000001793	380.954545455	5.69180492383	178.0	0.951192	0.761370770693
10317.000013214	179.913043478	4.72916484502	120.0	0.903736	0.684702440201
10317.000023154	200.44	5.19859611985	132.0	0.939598	0.737976330081
10317.000009222	263.0	5.72917938005	148.0	0.9647	0.794675974654
10317.000010738	231.37037037	5.62230590528	147.0	0.960876	0.780911357628
10317.000027198	137.0	4.28230719103	98.0	0.879992	0.647391539758
10317.000007734	278.772727273	5.70394377783	156.0	0.959604	0.78292777893
10317.000006818	107.473684211	3.76982265558	83.0	0.806516	0.59134107266
10317.000026639	303.621621622	5.77068461953	188.0	0.94545	0.763864815521
10317.000005041	201.0	4.57717831999	102.0	0.92225	0.685984193963
10317.000013312	283.565217391	5.37717320578	153.0	0.940574	0.740924051784
10317.000001285	263.0	5.78456528878	193.0	0.942478	0.761883176999
10317.000018306	182.636363636	4.97791290009	120.0	0.918928	0.720716917574
10317.000017215	353.888888889	6.4808573465	192.0	0.98188	0.854434988424
10317.000016698	262.166666667	6.30948567732	183.0	0.975436	0.83950740624
10317.000009098	220.12	5.08639947242	142.0	0.900916	0.711409702666
10317.000012013	200.333333333	4.93081697031	127.0	0.91841	0.705542915629
10317.000014909	164.0	4.19635243284	95.0	0.869612	0.638728258734
10317.000014979	286.607142857	5.92022488532	168.0	0.968128	0.80086183354
10317.000014538	233.0	4.13395620523	121.0	0.823994	0.597490666236
10317.000004278	166.6875	4.31167706227	102.0	0.858204	0.646193376664
10317.000009556	309.052631579	5.45177790796	151.0	0.948132	0.753173952589
10317.000022663	252.307692308	5.58463369645	154.0	0.946826	0.768514895157
10317.000001141	223.888888889	5.21683750725	142.0	0.938228	0.729653429702
10317.000002359	244.647058824	5.41793132247	137.0	0.949606	0.763300483732
10317.000004823	199.058823529	4.8059092667	118.0	0.918404	0.698265075238
10317.000014236	208.0	5.41693147079	132.0	0.949422	0.768970528765
10317.000001799	229.4	4.89247454537	123.0	0.900102	0.704712181963
10317.000023213	218.954545455	5.37597554414	133.0	0.9446	0.761978785866
10317.000013652	287.615384615	5.65653540044	163.0	0.95581	0.769729847359
10317.000010205	206.5	5.23751897673	127.0	0.93271	0.749428427733
10317.000005989	294.055555556	5.62393999232	144.0	0.961762	0.784379193811
10317.000011072	145.909090909	3.8397124121	75.0	0.885456	0.61644311753
10317.000017111	163.4	4.42216836258	107.0	0.887106	0.655965292346
10317.000011369	292.774193548	5.94724232974	183.0	0.955828	0.791309187129
10317.000013178	143.25	3.52947491917	92.0	0.707072	0.541034935046
10317.000013905	150.363636364	3.89859971356	83.0	0.827354	0.611541270536
10317.000012914	409.115384615	5.58019200989	191.0	0.93783	0.736422886514
10317.000003423	212.055555556	4.23100195423	117.0	0.826934	0.615833675056
10317.000013306	271.333333333	5.29463267633	141.0	0.93642	0.741591791276
10317.000002489	207.125	5.49893361583	121.0	0.964412	0.794774145296
10317.000004759	185.4	3.8246288979	97.0	0.846054	0.579496879634
10317.000004734	340.0	6.03872662348	174.0	0.968546	0.8113358145
10317.000002687	200.772727273	4.70167926073	123.0	0.876148	0.677230023374
10317.000004158	279.75	5.12473438748	141.0	0.929274	0.717795017436
10317.000004157	194.619047619	5.27336681842	129.0	0.937632	0.752131777548
10317.000001321	264.130434783	5.63092537904	153.0	0.956066	0.775888722098
10317.000003022	242.8	5.89554679852	157.0	0.968996	0.808204703365
10317.000003757	183.0	5.40303345451	132.0	0.951232	0.766997610152
10317.000013103	196.25	3.47476923603	100.0	0.731498	0.523004884028
10317.000002087	292.0	5.33807391587	146.0	0.928388	0.742448424458
10317.000023258	319.15	5.35565997627	149.0	0.951172	0.741866596006
10317.000009214	270.666666667	4.74325006007	132.0	0.88722	0.673336837733
10317.000013829	296.157894737	5.35275886486	154.0	0.931314	0.736606041044
10317.000016757	309.05	5.52081835275	155.0	0.944688	0.758758103249
10317.000003092	237.896551724	5.86986539223	157.0	0.966878	0.804684108234
10317.000014593	243.896551724	5.87655412251	163.0	0.96067	0.799669548141
10317.000006047	239.129032258	5.30533988696	152.0	0.935656	0.731980262927
10317.000001065	214.03030303	5.27998078656	145.0	0.944222	0.735382679692
10317.000010098	232.37037037	5.28859907787	148.0	0.922264	0.733564503389
10317.000009117	197.0	5.63873266313	142.0	0.957302	0.788661832213
10317.000006702	165.875	3.92704948673	78.0	0.853348	0.624788891782
10317.000026135	269.551724138	5.85051290564	166.0	0.964616	0.793285644111
10317.000009624	232.8	5.62273492074	147.0	0.959912	0.78097094582
10317.000020358	220.428571429	5.06763165245	122.0	0.92287	0.731182182448
10317.000009075	221.476190476	5.63971860641	140.0	0.96257	0.791063925082
10317.000001765	342.045454545	6.02101482966	172.0	0.971128	0.810772983262
10317.000012996	383.833333333	5.43737104714	140.0	0.946228	0.762681329134
10317.000016353	311.384615385	5.63798495027	187.0	0.94564	0.747060261706
10317.000008949A	307.791666667	5.76234211962	166.0	0.959298	0.781330347215
10317.000005571	83.7692307692	3.22114617599	66.0	0.711644	0.532914649902
10317.000004792	165.807692308	5.26975773713	126.0	0.940896	0.755273945565
10317.000011039	278.757575758	5.91305522674	183.0	0.951976	0.786760428698
10317.000006626	209.730769231	5.31178287524	137.0	0.946498	0.748345853211
10317.000017126	234.647058824	5.14509945201	127.0	0.937098	0.736204261977
10317.000014608	214.64	4.95970089319	139.0	0.896252	0.696690819959
10317.000013258	235.12	5.26655886431	144.0	0.935004	0.734534721528
10317.000015264	189.142857143	5.09034828982	126.0	0.925876	0.729560565955
10317.000007732	213.142857143	5.0815921757	126.0	0.937526	0.728305619298
10317.000027644	263.5	5.38051649716	154.0	0.922398	0.740425835688
10317.000007697	289.607142857	5.98792278415	171.0	0.96727	0.807231307462
10317.000004881	155.928571429	4.91858995454	103.0	0.926642	0.735600024937
10317.000006651	265.545454545	4.02506143424	136.0	0.751944	0.567912880024
10317.000023808	459.5	5.84290153483	167.0	0.966192	0.791323880722
10317.000004642	130.0	2.87085712342	70.0	0.734998	0.468383841223
10317.000002345	302.391304348	5.50547882098	165.0	0.93151	0.74738501261
10317.000001353	199.763157895	5.39154642194	150.0	0.948212	0.745840593433
10317.000011077	202.291666667	5.18047447093	131.0	0.935412	0.736550961005
10317.000028759	228.0	5.0964643096	118.0	0.941498	0.740480695141
10317.000004631	333.037037037	6.14752860876	188.0	0.969498	0.81374760817
10317.000009433	185.555555556	4.91427736691	109.0	0.929868	0.726085037153
10317.000009061	353.0	6.1767086285	203.0	0.96669	0.80579751432
10317.000013995	303.625	6.20568711733	184.0	0.9749	0.824833656395
10317.000015155	188.115384615	5.34813038724	131.0	0.950662	0.760387991178
10317.000022965	336.171428571	5.80667369926	189.0	0.95744	0.767850774086
10317.000016701	335.303030303	6.33077918131	200.0	0.97537	0.828217986333
10317.000010714	228.444444444	5.72607767417	149.0	0.964628	0.793176895363
10317.000002529	229.0	5.49504876401	145.0	0.949096	0.765336816263
10317.000021223	263.714285714	5.70602495821	152.0	0.960052	0.787262972432
10317.000012401	352.0	6.33382311136	205.0	0.973744	0.824772384236
10317.000022638	180.666666667	4.41349555497	107.0	0.883368	0.654678805648
10317.000013972	243.6	5.56373706196	147.0	0.956212	0.772776425854
10317.000017163	252.076923077	5.28645818266	151.0	0.939348	0.73033470399
10317.000001126	275.0	5.1940050459	132.0	0.935128	0.737324595685
10317.000009472	265.076923077	5.80402333855	182.0	0.947036	0.773066341942
10317.000001026	322.0	6.20199105788	190.0	0.969792	0.819301104113
10317.000010919	254.5	5.01434623763	148.0	0.89594	0.695523777369
10317.000014311	269.217391304	5.16289794138	142.0	0.935806	0.722109167651
10317.000005039	232.625	4.87444257957	122.0	0.921338	0.703307937116
10317.000001025	201.714285714	4.72303334893	123.0	0.87977	0.680305866888
10317.000004249	230.047619048	5.44462641708	140.0	0.950674	0.763699014913
10317.000017176	182.045454545	4.90988641761	117.0	0.921344	0.714647128356
10317.000002258	181.6	4.90935795347	120.0	0.92007	0.710791330124
10317.000013118	334.875	6.07443328185	179.0	0.969136	0.811675950162
10317.000013431	285.75	6.40768556977	187.0	0.978704	0.849049314765
10317.000021159	343.588235294	5.53183454118	153.0	0.953144	0.76223493371
10317.000014197	355.0	6.43266264476	205.0	0.977376	0.837642986428
10317.000015541	166.461538462	4.30524537593	97.0	0.877058	0.652318519785
10317.000022661	284.517241379	5.75314326062	170.0	0.956046	0.776466420818
10317.000014258	370.137931034	6.14619447929	196.0	0.970418	0.807147561117
10317.000014324	204.0	5.08513683909	128.0	0.933278	0.72644811987
10317.000002369	251.058823529	3.83591887422	121.0	0.749538	0.554414611573
10317.000010757	261.5	5.73926267293	152.0	0.963414	0.791848795712
10317.000010305	329.857142857	6.29704838088	190.0	0.976288	0.831858453674
10317.000002372	246.043478261	5.02926270334	147.0	0.887534	0.698540497742
10317.000013056	305.272727273	5.73460290258	158.0	0.959876	0.785155401059
10317.000013852	311.2	5.70774810234	165.0	0.961744	0.774843665038
10317.000012017	265.1	5.69317858238	165.0	0.953598	0.772865809667
10317.000021237	144.066666667	2.28088841264	81.0	0.469118	0.359770091028
10317.000016489	225.0	4.05073281101	107.0	0.810956	0.600868152166
10317.000012355	276.652173913	5.79075578723	156.0	0.962412	0.79484366316
10317.000018409	373.789473684	5.43131985914	163.0	0.934528	0.739082973971
10317.000004077	90.0769230769	4.34642611292	67.0	0.92289	0.716512068394
10317.000004294	299.391304348	5.69713874472	162.0	0.957506	0.776192802643
10317.000022993	281.228571429	6.11532053916	184.0	0.971056	0.812822513442
10317.000010847	338.0	5.5458882445	158.0	0.956576	0.759317459781
10317.000008963	162.333333333	3.83053434146	80.0	0.814146	0.605912355213
10317.000013372	218.4	4.58149998244	112.0	0.915768	0.673022052603
10317.000016407	238.636363636	5.65069768768	147.0	0.956758	0.784854840197
10317.000006657	184.038461538	5.43958955598	135.0	0.949464	0.768649328413
10317.000017327	297.535714286	5.72220579034	176.0	0.946686	0.767110161053
10317.000010764	207.058823529	5.01387264235	126.0	0.906508	0.718599898144
10317.000005805	365.807692308	5.79024171408	183.0	0.952806	0.770419500335
10317.000018032	285.619047619	5.83295333297	157.0	0.964054	0.799623932999
10317.000012988	124.75	3.66720384154	78.0	0.800212	0.583447759403
10317.000013732	202.157894737	4.18301894912	109.0	0.882418	0.618041523161
10317.000011093	323.135135135	6.4154348435	205.0	0.975768	0.835399631274
10317.000003078	325.428571429	6.69647737053	211.0	0.983342	0.867295861233
10317.000004979	271.538461538	5.45491350588	159.0	0.92867	0.745932013302
10317.000014188	203.0	5.47115798892	146.0	0.934372	0.760958482939
10317.000012921	242.4	5.42422880597	143.0	0.955534	0.75758746922
10317.000011223	319.466666667	6.45797862367	216.0	0.974414	0.832762386542
10317.000013608	207.5	4.91585835251	125.0	0.910638	0.705714985079
10317.000009594	237.4	4.79067620716	138.0	0.898414	0.67393398395
10317.000022994	404.0	6.33281998365	198.0	0.977792	0.830059505539
10317.000002494	189.5	4.34909982935	110.0	0.833292	0.641331534246
10317.000005887	214.047619048	4.81478487657	124.0	0.916572	0.692356767292
10317.000009427	126.0	4.32621040682	91.0	0.8789	0.664773651599
10317.000004078	230.142857143	5.20871694152	143.0	0.925838	0.727487505923
10317.000014803	191.230769231	5.29820874454	132.0	0.940816	0.752117024512
10317.000002244	232.0	5.45349922418	152.0	0.93732	0.752421877021
10317.000002506	164.0	3.96313479715	108.0	0.83884	0.586706262077
10317.000028817	308.076923077	5.68107109065	174.0	0.948394	0.763282845533
10317.000027879	327.5	5.73164049415	178.0	0.94847	0.766699421145
10317.000002325	227.043478261	4.41139371037	128.0	0.86366	0.630199101482
10317.000026127	256.043478261	5.53832107781	148.0	0.95393	0.768202635753
10317.000031851	237.153846154	5.36268764546	166.0	0.931838	0.727140199775
10317.000036428	181.260869565	5.29100011459	128.0	0.944578	0.755857159227
10317.000042001	189.6	5.35978599147	128.0	0.952134	0.765683713067
10317.000026648	199.071428571	4.48948722132	108.0	0.859102	0.664627977873
10317.000027761	365.7	6.29208716514	204.0	0.970506	0.820091025288
10317.000030744	236.333333333	5.40690098311	138.0	0.94354	0.760622125729
10317.000039842	193.0	5.6583400761	138.0	0.964244	0.795993614498
10317.000041636	210.5	4.824619609	122.0	0.91363	0.696119240134
10317.000021239	166.2	4.91094207775	106.0	0.934558	0.729934622581
10317.000036165	291.344827586	5.95886851019	174.0	0.968742	0.800606441996
10317.000027762	145.230769231	4.51865432991	94.0	0.88276	0.689387913134
10317.000023342	256.454545455	5.16110304541	137.0	0.933508	0.727117458063
10317.000041617	320.375	6.16267677938	182.0	0.96982	0.820837153214
10317.000029227	222.055555556	5.41332961234	127.0	0.954706	0.774584897583
10317.000030751	135.64	4.36917727895	106.0	0.86638	0.649409770591
10317.000042989	187.5	5.30045070844	138.0	0.939444	0.745647108717
10317.000011074	282.8	5.85807584373	155.0	0.968568	0.805109357323
10317.000026658	301.5	6.10195496967	177.0	0.971982	0.817123364208
10317.000036106	237.1	3.90573116921	94.0	0.858444	0.595877370434
10317.000014136	314.235294118	5.76273187181	151.0	0.966848	0.79613286067
10317.000031222	214.714285714	5.39926874964	136.0	0.94236	0.761805581288
10317.000005898	335.206896552	6.37923933002	194.0	0.978304	0.839383222214
10317.000030756	270.583333333	4.16874882443	113.0	0.856718	0.611237453944
10317.000038402	286.157894737	5.51317105065	144.0	0.957022	0.768930086374
10317.000033785	407.111111111	6.20357516368	201.0	0.970762	0.810813390639
10317.000028955	354.529411765	6.36193708561	206.0	0.97324	0.827676660284
10317.000035491	324.285714286	5.91547895733	194.0	0.95595	0.778361420739
10317.000031319	195.619047619	5.53096037816	130.0	0.957534	0.787620433083
10317.000036399	115.166666667	3.96369131691	84.0	0.873744	0.620071103288
10317.000002326	184.333333333	5.004662934	119.0	0.914904	0.725858623941
10317.000036934	114.461538462	4.44198689105	81.0	0.900804	0.700645423634
10317.000036101	296.157894737	5.58494620699	154.0	0.954826	0.768557900485
10317.000039907	271.0	6.69061138918	200.0	0.983814	0.875292682525
10317.000040048	257.4	5.68093712535	158.0	0.955844	0.777807730163
10317.000043083	246.689655172	4.63945320732	151.0	0.868256	0.640949680821
10317.000036085	223.047619048	4.7628131519	133.0	0.90202	0.675070515666
10317.000042009	223.333333333	5.65463257192	154.0	0.947608	0.778147609022
10317.000040002	210.714285714	5.13161660174	116.0	0.941572	0.74826929462
10317.000036124	198.882352941	3.31549015116	105.0	0.668036	0.493799361736
10317.000040003	221.1	5.76348683992	156.0	0.959124	0.791100706149
10317.000037487	216.034482759	5.34663889684	155.0	0.904244	0.734819609869
10317.000033728	191.875	4.77010347371	130.0	0.89534	0.679272803805
10317.000036081	239.8	5.32798676489	139.0	0.934918	0.748424057801
10317.000037612	190.125	4.33132911187	104.0	0.863358	0.646424607051
10317.000043003	262.214285714	5.46474709105	140.0	0.939732	0.766521272625
10317.000028718	232.545454545	4.92134677385	112.0	0.930344	0.722945524392
10317.000030771	218.2	3.40873534859	70.0	0.794164	0.556139329701
10317.000034241	298.111111111	5.76885629034	169.0	0.959144	0.779482538529
10317.000009144	136.090909091	4.32619022498	82.0	0.892066	0.680480509138
10317.000004765	233.896551724	5.72522497771	153.0	0.963196	0.788882322649
10317.000009566	208.052631579	4.31209372863	118.0	0.858888	0.626517123974
10317.000006675	331.317073171	6.46451433767	213.0	0.976068	0.83577983597
10317.000031829	126.75	3.6948077699	80.0	0.776056	0.584443181645
10317.000033666	217.647058824	4.77836108355	117.0	0.920028	0.695503263448
10317.000031926	394.8	5.50032914799	132.0	0.964556	0.780809400326
10317.000027821	193.55	5.01760051089	122.0	0.928146	0.72396344956
10317.000013063	225.3125	4.88030239274	122.0	0.90923	0.704153419043
10317.000010852	121.05	4.45553061142	93.0	0.900782	0.681361431971
10317.000016754	300.615384615	5.7369174802	176.0	0.941602	0.769082387708
10317.000014234	163.076923077	4.67421107807	100.0	0.908244	0.703538870282
10317.000022526	294.333333333	4.9818609071	121.0	0.934658	0.720040378925
10317.000033713	150.75	3.61655797418	89.0	0.741622	0.558478512548
10317.000009621	243.0	4.78212047915	121.0	0.894036	0.691171412869
10317.000001325	148.75	4.17204798125	118.0	0.771996	0.606169454282
10317.000014018	368.6875	5.5996648945	156.0	0.955506	0.768614377941
10317.000013201	286.055555556	5.43113956841	148.0	0.94214	0.753335834629
10317.000010207	206.136363636	5.2949522708	131.0	0.946764	0.752827217933
10317.000006777	237.130434783	5.15191537156	141.0	0.936826	0.721602117174
10317.000014165	303.571428571	5.2881594016	136.0	0.9419	0.746128695141
10317.000002125	175.454545455	5.10961014675	122.0	0.939192	0.737239040796
10317.000014678	95.7142857143	2.11108015788	58.0	0.574058	0.360376750904
10317.000002711	152.333333333	3.35512203271	70.0	0.74959	0.547392251824
10317.000021226	187.666666667	5.02089432082	114.0	0.936532	0.73481269425
10317.000013755	211.25	4.62119335114	115.0	0.90433	0.675071224522
10317.000016381	212.6	3.88201299358	95.0	0.820008	0.590882543698
10317.000001221	281.125	5.23624039464	156.0	0.9252	0.718730447179
10317.000009497	188.461538462	4.28222781619	98.0	0.892846	0.647379540011
10317.000002161	251.555555556	5.13972930511	125.0	0.947768	0.737853642184
10317.000043152	270.789473684	5.08911201342	140.0	0.927548	0.713832232683
10317.000039986	245.285714286	6.20623446605	171.0	0.972122	0.83666188477
10317.000006736	243.130434783	5.50342232219	147.0	0.952146	0.764398997426
10317.000023343	110.545454545	4.0210840703	71.0	0.891848	0.653861694175
10317.000036151	240.5	5.85665677645	149.0	0.964422	0.811264726658
10317.000038424	304.166666667	5.47689214388	150.0	0.943258	0.75764691001
10317.000036191	272.136363636	5.38720585304	146.0	0.948006	0.749281962156
10317.000005799	52.5	1.76370397012	42.0	0.413884	0.327077178853
10317.000016719	268.772727273	5.90308005622	159.0	0.965	0.807216537214
10317.000016723	248.25	5.38946578035	141.0	0.947774	0.754874573251
10317.000004927	114.071428571	3.35102319772	74.0	0.800344	0.539664766028
10317.000016717	261.882352941	5.84334150074	147.0	0.96819	0.811612143007
10317.000009694	223.428571429	5.91466913833	164.0	0.96146	0.803890904831
10317.000002382	285.34375	6.02964970795	179.0	0.965968	0.805691894002
10317.000001575	219.0	5.06251889072	139.0	0.91525	0.711133697977
10317.000001305	241.9375	5.20336709212	135.0	0.9238	0.735269560265
10317.000012154	209.235294118	4.75042081792	112.0	0.921494	0.697836512465
10317.000010555	231.125	5.17316519648	139.0	0.92166	0.726676221033
10317.000001404	205.37037037	5.62196087547	142.0	0.95964	0.78631604468
10317.000001155	181.153846154	4.62714449141	105.0	0.882734	0.689153305347
10317.000006034	216.12	5.25009371475	138.0	0.94144	0.738563079676
10317.000013758	199.157894737	5.34085667852	121.0	0.955276	0.771926904083
10317.000001782	307.44	5.52109456592	168.0	0.944356	0.746869249541
10317.000015538	205.588235294	4.7282554175	115.0	0.914832	0.690711020294
10317.000014556	168.1	3.44803279727	82.0	0.76662	0.542352275651
10317.000010979	236.375	4.65745493206	122.0	0.896828	0.671999919376
10317.000013061	291.5	5.93249591186	173.0	0.96644	0.797954615916
10317.000005228	36.75	0.862541476984	23.0	0.207478	0.190677498255
10317.000002067	223.2	4.3672439012	113.0	0.8691	0.640341540196
10317.000010822	227.5	5.20402609356	117.0	0.943644	0.757459946592
10317.000012156	288.161290323	5.7809908576	173.0	0.96247	0.777576319971
10317.000008991	244.588235294	5.07573122396	126.0	0.937784	0.727465614052
10317.000001405	297.666666667	4.96064667814	114.0	0.9369	0.725995394022
10317.000010776	324.037037037	6.14605201791	179.0	0.972734	0.821245765641
10317.000013965	205.4	4.97887371495	117.0	0.92841	0.724688414395
10317.000003281	121.0625	4.52658844813	86.0	0.918054	0.70438872672
10317.000018434	210.285714286	4.73384007706	126.0	0.885596	0.678464979042
10317.000002882	164.5	4.56086296319	107.0	0.903692	0.676538648396
10317.000002184	174.333333333	3.53514103164	109.0	0.675056	0.522317487528
10317.000002272	239.0625	4.50927509772	117.0	0.893232	0.656337076963
10317.000002126	250.04	4.84279852259	142.0	0.907312	0.677338434723
10317.000012202	187.0	4.63370266212	97.0	0.925448	0.702085432477
10317.000001794	221.357142857	4.83322496601	140.0	0.900022	0.677939836941
10317.000013182	274.75	5.75454405683	156.0	0.963184	0.789873212755
10317.000002276	274.037037037	4.91192913323	157.0	0.866406	0.673363194923
10317.000006839	124.0	4.28635521724	91.0	0.876776	0.658649427989
10317.000009198	231.615384615	4.93829543024	144.0	0.897342	0.688751336904
10317.000002793	188.035714286	5.52969800523	135.0	0.953954	0.781382237448
10317.000002922	210.285714286	4.88515776691	126.0	0.92213	0.70015218258
10317.000023223	440.5	4.72227779733	148.0	0.900228	0.655011906984
10317.000002709	120.375	2.84180219816	81.0	0.611882	0.448244390146
10317.000012211	198.476190476	4.42327254607	117.0	0.86545	0.643819175052
10317.000014897	197.565217391	4.47562999792	118.0	0.889006	0.650277802556
10317.000014594	121.714285714	3.79741872692	90.0	0.777346	0.58495142613
10317.000003838	239.0	4.35374435653	106.0	0.880288	0.64711590839
10317.000016737	341.625	5.72419178689	171.0	0.952906	0.771677756521
10317.000011192	200.0	4.8466302408	113.0	0.932918	0.710630947884
10317.000003578	229.55	5.70583024199	135.0	0.968542	0.806270866287
10317.000013798	160.130434783	5.13899821043	119.0	0.9363	0.745342137653
10317.000015605	238.055555556	5.32687966114	133.0	0.948904	0.755020044887
10317.000009219	275.058823529	4.65855929548	133.0	0.868142	0.660293806531
10317.000007005	124.0	3.25794894474	66.0	0.743352	0.539003393956
10317.000004636	178.875	5.46688008584	117.0	0.960958	0.795719049712
10317.000003088	209.576923077	5.45405947418	146.0	0.929266	0.758580328284
10317.000006703	116.0	2.7965228383	74.0	0.672184	0.450365382205
10317.000007865	175.153846154	4.5501010742	99.0	0.912032	0.686356359291
10317.000017746	107.0	4.73636468749	82.0	0.930312	0.744998182327
10317.000002805	165.0	4.00883800842	99.0	0.796772	0.604709964806
10317.000010918	249.2	6.20833704302	171.0	0.974962	0.836945332974
10317.000014668	188.25	5.51826525787	133.0	0.956712	0.782146612602
10317.000026105	116.272727273	4.13159876692	74.0	0.89419	0.665372380407
10317.000001301	277.625	3.25265818403	92.0	0.697978	0.49860156245
10317.000026638	319.5	4.01924270337	105.0	0.85595	0.598614199137
10317.000003491	283.37037037	6.06320467576	175.0	0.96709	0.813720693826
10317.000004703	212.352941176	5.11818701492	125.0	0.930658	0.73476105572
10317.000009097	132.142857143	3.86690330682	95.0	0.798232	0.588582693037
10317.000018414	146.75	4.60907920386	98.0	0.91755	0.696792348036
10317.000012201	253.181818182	4.81251135843	155.0	0.888384	0.66141136275
10317.000005017	238.137931034	5.57000674571	150.0	0.958306	0.770527936056
10317.000009019	192.071428571	4.2161808028	101.0	0.862972	0.633230232131
10317.000005885	357.789473684	4.98533719473	147.0	0.920784	0.692439455013
10317.000016414	139.5	4.28609870268	84.0	0.894574	0.670507801663
10317.000004864	203.3125	5.79102431659	148.0	0.968242	0.803254286129
10317.000009221	237.0	5.54623704795	144.0	0.955616	0.773541849717
10317.000009105	188.619047619	5.1547907838	123.0	0.941662	0.742496220906
10317.000014563	192.8	4.51023010021	113.0	0.884204	0.661306708382
10317.000002035	98.1666666667	2.92524825008	74.0	0.651576	0.471095936766
10317.000003732	238.375	5.00857049149	124.0	0.933152	0.720222764492
10317.000014667	157.043478261	4.63688999232	114.0	0.878204	0.678613292868
10317.000013814	187.111111111	3.99019989664	82.0	0.872822	0.627631499316
10317.000018426	128.75	4.76462936029	99.0	0.924862	0.718716707117
10317.000015599	295.037037037	5.83024094285	169.0	0.961166	0.787776776131
10317.000002132	221.24137931	4.69503880686	145.0	0.850294	0.653913405866
10317.000003225	137.230769231	3.99047505114	86.0	0.861544	0.620963375064
10317.000009392	116.375	2.71366044884	62.0	0.671142	0.455755958886
10317.000009149	177.111111111	5.17459165036	128.0	0.93891	0.739227378623
10317.000013912	117.153846154	3.70301227459	79.0	0.81422	0.587427200044
10317.000012212	304.636363636	5.46937796373	161.0	0.944528	0.746070110283
10317.000007677	159.076923077	4.65755322089	96.0	0.920086	0.707301403824
10317.000017208	166.230769231	5.08976993309	121.0	0.941622	0.735636730853
10317.000013117	242.352941176	3.67695189087	120.0	0.705556	0.532359944026
10317.000012055	156.8125	4.70938915075	103.0	0.902598	0.704312985784
10317.000005026	130.5	3.7256222004	75.0	0.850134	0.598126608837
10317.000009033	206.666666667	5.37982666065	125.0	0.947284	0.772321743081
10317.000013524	294.885714286	6.07565239225	188.0	0.96677	0.804233362204
10317.000006092	312.333333333	5.51959887761	154.0	0.94273	0.759565297082
10317.000002274	126.5	3.83363642567	68.0	0.840498	0.629759314454
10317.000008999	170.0	3.21367185791	86.0	0.712998	0.50008394932
10317.000016761	230.055555556	4.86471900838	125.0	0.91297	0.698373479507
10317.000013277	193.714285714	4.3450520233	115.0	0.880132	0.634732063148
10317.000007693	172.545454545	4.71684685163	98.0	0.91591	0.713084468221
10317.000004025	59.1111111111	2.79237732081	44.0	0.748908	0.511477662122
10317.000010737	160.217391304	5.55169225044	128.0	0.95233	0.79309889292
10317.000001128	233.526315789	5.24507307939	134.0	0.9355	0.74228798109
10317.000003559	247.714285714	5.39946883865	136.0	0.95595	0.761833812691
10317.000014798	269.166666667	4.93166943187	135.0	0.913348	0.696876916494
10317.000020104	377.875	5.44210222997	160.0	0.938178	0.743260813197
10317.000017117	108.75	3.00216155661	51.0	0.728248	0.529255367081
10317.000009766	152.571428571	4.55864551172	94.0	0.912918	0.695489162613
10317.000014561	254.888888889	5.86915140038	168.0	0.956746	0.793952838429
10317.000004923	97.2352941176	3.67961416208	75.0	0.803556	0.590740290401
10317.000014172	156.04	3.42628474075	103.0	0.708404	0.512418226369
10317.000002056	210.111111111	5.82746980074	151.0	0.96216	0.805076534209
10317.000002243	161.2	4.61357702591	101.0	0.894162	0.692915362912
10317.000010274	236.333333333	5.4985577305	138.0	0.957072	0.773516045971
10317.000003507	177.176470588	4.35314654964	108.0	0.863384	0.644443974566
10317.000017766	156.333333333	4.15851888223	88.0	0.862386	0.643790216809
10317.000001275	147.75	2.49773648545	76.0	0.567106	0.399770400676
10317.000003189	192.555555556	4.69705115712	116.0	0.898224	0.684902912454
10317.000009693	87.2727272727	3.27195613361	60.0	0.760112	0.553921912155
10317.000022444	151.25	3.28919764866	76.0	0.786946	0.52644619221
10317.000016315	154.3	3.21692007846	84.0	0.687496	0.503247862348
10317.000011315	221.5	5.42391677493	133.0	0.950166	0.768773869014
10317.000013913	124.625	3.33968986795	83.0	0.756656	0.523869680167
10317.000013498	122.285714286	3.97134434606	87.0	0.870808	0.616386648217
10317.000002589	285.157894737	5.52279770293	143.0	0.960814	0.771354322327
10317.000004086	311.675675676	6.410364811	201.0	0.975874	0.837841001439
10317.000013551	198.363636364	3.04612313847	87.0	0.666802	0.472784394343
10317.000006766	241.65	5.51812507799	144.0	0.951328	0.769621031864
10317.000011962	152.882352941	3.24597451983	92.0	0.72175	0.497577020299
10317.000002199	103.0	3.87391708466	64.0	0.86475	0.645652847443
10317.000012052	184.105263158	4.91781490029	117.0	0.916436	0.715801140261
10317.000010263	325.714285714	5.27985735407	138.0	0.944298	0.742750114482
10317.000010556	161.076923077	3.8191526094	98.0	0.770534	0.577372658726
10317.000040007	196.461538462	5.16651998462	106.0	0.950816	0.767922275466
10317.000036451	225.384615385	5.76334328175	155.0	0.956966	0.792089711601
10317.000023129	238.689655172	5.55499606844	153.0	0.95021	0.765426375005
10317.000028914	165.111111111	4.46114712543	87.0	0.910802	0.692408233644
10317.000038479	161.066666667	4.49493082608	98.0	0.904746	0.679535600503
10317.000026549	144.647058824	4.40561447369	94.0	0.90339	0.672142002097
10317.000042999	308.588235294	5.93778211856	154.0	0.970888	0.817112500182
10317.000041554	290.433333333	6.0495355906	177.0	0.971088	0.810103794318
10317.000037489	238.903225806	5.91757256332	161.0	0.969764	0.807207701534
10317.000031493	205.75	4.99274415924	132.0	0.913804	0.708754234167
10317.000023972	306.097560976	6.35680555275	204.0	0.974112	0.828526218167
10317.000039813	242.5	4.54706749364	92.0	0.88824	0.697022198037
10317.000012123	395.757575758	5.89887043693	204.0	0.955906	0.7688403828
10317.000009455	153.714285714	5.00130528701	98.0	0.941062	0.756088385564
10317.000018344	217.9375	4.39954730995	111.0	0.896642	0.64752399566
10317.000010548	179.0	5.02160318399	93.0	0.949692	0.767928005581
10317.000010161	152.428571429	4.86924835455	77.0	0.948682	0.776992853184
10317.000023819	183.058823529	4.58828393297	111.0	0.870586	0.675302192746
10317.000008950B	183.461538462	3.55700064963	93.0	0.781068	0.543953855898
10317.000001067	34.1666666667	1.97706456171	25.0	0.641028	0.425737680264
10317.000009526	153.928571429	5.22258870029	101.0	0.952274	0.784383120575
10317.000013166	97.1875	3.88201370318	70.0	0.859086	0.633355270501
10317.000010876	167.333333333	4.96169071332	99.0	0.939116	0.748442269389
10317.000010993	220.0	4.3981944465	124.0	0.84019	0.632451867937
10317.000015613	149.875	2.73896789831	62.0	0.701076	0.460006314124
10317.000018335	171.551724138	5.34996754625	131.0	0.94963	0.760649195289
10317.000015525	277.142857143	5.58574916495	152.0	0.955654	0.770668464135
10317.000001622	126.0	4.21518826706	87.0	0.887862	0.654233312736
10317.000012936	133.111111111	1.69764218014	55.0	0.424696	0.293640642385
10317.000009111	133.2	2.74620989957	52.0	0.711126	0.481754046242
10317.000002271	101.461538462	3.32373921246	68.0	0.774568	0.54599745397
10317.000002465	230.64	5.81606300527	150.0	0.965688	0.804566175234
10317.000001747	140.833333333	4.26123507293	93.0	0.874732	0.651648812335
10317.000002038	122.125	3.6432523275	64.0	0.843896	0.607208721249
10317.000013724	144.434782609	4.46596432303	107.0	0.897852	0.662461795338
10317.000023378	167.882352941	4.44683390986	107.0	0.86161	0.659624072747
10317.000012307	176.473684211	4.50044754809	112.0	0.855166	0.661115455212
10317.000020347	274.551724138	6.01388379741	171.0	0.968804	0.810731109218
10317.000020368	211.64	5.35613160973	136.0	0.947792	0.755719180432
10317.000010567	191.0	4.82871017829	113.0	0.922156	0.708003441683
10317.000020063	161.25	5.08543525604	120.0	0.928614	0.736284321526
10317.000010178	215.882352941	4.82382112784	122.0	0.9068	0.696004031446
10317.000011259	156.75	3.47873409803	85.0	0.725402	0.542755798903
10317.000005025	135.3125	4.23297500448	89.0	0.880692	0.653667271762
10317.000013165	219.333333333	5.15537686375	147.0	0.914982	0.716057150496
10317.000016738	333.5	5.11149161261	149.0	0.904426	0.708044368007
10317.000001225	92.4285714286	2.30853460961	46.0	0.628248	0.41794310048
10317.000003137	160.387096774	4.66225100886	127.0	0.867206	0.667114230763
10317.000009642	107.05	3.47028716519	79.0	0.779192	0.550508861876
10317.000015394	99.0714285714	3.55395789941	68.0	0.843204	0.583815949615
10317.000001086	98.2307692308	2.63777390657	67.0	0.641072	0.434839288337
10317.000001756	133.583333333	3.65505816395	75.0	0.844132	0.586797970139
10317.000012999	228.2	4.6989146938	118.0	0.910916	0.682719510528
10317.000001248	220.724137931	5.18227679104	149.0	0.912456	0.717849538538
10317.000016739	218.052631579	5.0476837115	128.0	0.904414	0.721097673072
10317.000010559	189.5625	4.99805838013	113.0	0.936784	0.732833904752
10317.000001654	154.0	3.24104930757	88.0	0.76413	0.501754565869
10317.000011375	108.0	2.38728022546	50.0	0.622268	0.422987430081
10317.000042586	312.884615385	6.13167195811	182.0	0.971494	0.816707468965
10317.000041282	135.071428571	4.74160573151	95.0	0.907486	0.721721452371
10317.000001208	118.6	3.99313231325	69.0	0.895038	0.653698342619
10317.000027729	318.25	5.72925820403	154.0	0.961302	0.788417022014
10317.000013573	279.870967742	6.00036345286	183.0	0.955554	0.798377207974
10317.000010544	101.0	2.22295241083	41.0	0.603756	0.41491942755
10317.000005878	52.6666666667	0.724504510734	30.0	0.154668	0.147650430882
10317.000012987	150.5	4.55388618445	101.0	0.912016	0.683950366589
