	chao1	shannon	observed_otus	simpson	equitability
10317.000002503	261.368421053	5.25392087481	145.0	0.927668	0.731753119565
10317.000013618	261.774193548	6.36467077126	177.0	0.979558	0.852304092466
10317.000031796	369.357142857	6.01128422942	189.0	0.965268	0.794907633504
10317.000026504	278.516129032	5.95110272852	174.0	0.965682	0.799563066929
10317.000007104	221.454545455	5.58639545919	141.0	0.955142	0.782457493959
10317.000007077	278.105263158	5.59484660953	151.0	0.956978	0.77293917804
10317.000016408	368.588235294	6.28977266899	208.0	0.973416	0.816806948591
10317.000005802	219.0	4.39568056677	105.0	0.886496	0.654679748485
10317.000006952	194.034482759	5.62881431326	139.0	0.964294	0.790681402719
10317.000013023	229.954545455	5.75791359159	144.0	0.96568	0.803064689021
10317.000002645	212.0	4.39284076298	132.0	0.86805	0.623593837674
10317.000002027	227.028571429	5.79522284212	160.0	0.962778	0.79148863073
10317.000027353	435.7	6.30802141378	221.0	0.96203	0.809976930974
10317.000023798	261.058823529	5.76552129402	175.0	0.947728	0.773769687571
10317.000041962	343.5	6.23139359039	198.0	0.972112	0.816765279262
10317.000040352	193.107142857	4.20346612984	132.0	0.789138	0.596710811266
10317.000028811	259.652173913	4.68331465042	139.0	0.905698	0.657866753296
10317.000027772	398.87804878	6.75248912311	239.0	0.980706	0.854651684077
10317.000027617	258.730769231	5.32791778189	152.0	0.936172	0.735095345808
10317.000039924	173.222222222	5.40286405307	126.0	0.958054	0.774351052603
10317.000039952	78.4615384615	4.31073602589	68.0	0.89628	0.708133443818
10317.000026028	322.6	5.96194348383	180.0	0.969212	0.795790228022
10317.000001441	246.5	4.97894894313	146.0	0.897568	0.692499365229
10317.000016347	315.533333333	5.9453587698	185.0	0.954078	0.789411451401
10317.000001595	253.875	6.10506773026	174.0	0.971516	0.820249103552
10317.000002146	251.545454545	5.58486414669	148.0	0.956612	0.774658474568
10317.000012158	458.193548387	6.4356995494	224.0	0.973692	0.824312409728
10317.000014313	143.545454545	3.94052178593	83.0	0.8503	0.618117241213
10317.000007749	257.55	5.44203643591	147.0	0.943468	0.75587279188
10317.000018083	163.75	4.62775144665	112.0	0.900286	0.679816389719
10317.000017335	279.913043478	5.72277398642	156.0	0.96548	0.785512428072
10317.000002578	293.176470588	5.76790874341	147.0	0.965176	0.801134894361
10317.000007719	264.0	5.01139437268	130.0	0.929004	0.713633137157
10317.000009676	113.5	4.14960566175	82.0	0.845394	0.652704949757
10317.000006716	300.5	5.59954647986	176.0	0.94726	0.750666641393
10317.000006802	289.375	5.56739302424	161.0	0.945182	0.759440206021
10317.000002898	218.03030303	5.6147722486	155.0	0.95757	0.771670732365
10317.000001647	253.153846154	5.37461322684	126.0	0.946172	0.770302078427
10317.000002878	262.941176471	5.50479400017	170.0	0.935184	0.742948246032
10317.000009527	222.647058824	5.19229728915	122.0	0.943114	0.749169537996
10317.000017667	333.555555556	5.76680040021	158.0	0.964268	0.78956373405
10317.000009213	192.2	5.35675061258	139.0	0.943096	0.75246452497
10317.000031434	289.0	5.11090994121	139.0	0.929458	0.717931204796
10317.000027217	436.2	4.59259078347	151.0	0.836976	0.634475543833
10317.000001546	250.785714286	6.22312453572	167.0	0.977724	0.842818765381
10317.000009074	243.037037037	5.78243174499	151.0	0.96813	0.798854437301
10317.000027277	300.3	5.15942486218	154.0	0.918464	0.710000883236
10317.000001333	120.4	4.28120903418	76.0	0.904554	0.685220663167
10317.000023984	379.714285714	5.67398380277	176.0	0.94768	0.760645595113
10317.000021327	188.384615385	4.91941190211	127.0	0.925852	0.703910982194
10317.000028933	298.125	6.03504494257	173.0	0.966626	0.811748046813
10317.000015568	257.625	5.86358117603	157.0	0.966694	0.803822621885
10317.000006944	333.0	2.82029913002	117.0	0.580004	0.410502097796
10317.000002028	308.391304348	5.42323717122	164.0	0.922488	0.73709804128
10317.000003896	255.4	5.72035324612	156.0	0.95539	0.785180155368
10317.000011025	285.935483871	6.21607499868	184.0	0.974216	0.826214369601
10317.000017293	305.607142857	5.73075466499	172.0	0.957738	0.771687362932
10317.000031284	136.0	3.55325416888	70.0	0.808754	0.579717751498
10317.000020034	306.8125	5.71537637824	176.0	0.95772	0.766194620507
10317.000037584	303.4	5.76219693964	147.0	0.967406	0.800341552178
10317.000031847	259.0	5.19940885128	144.0	0.931134	0.725169210311
10317.000013935	296.103448276	5.83484172006	173.0	0.96126	0.784819568835
10317.000014019	381.12	6.14716783816	191.0	0.971184	0.811247189207
10317.000023052	222.235294118	5.17443791951	125.0	0.93814	0.742836371047
10317.000015385	299.375	6.28227642486	197.0	0.974844	0.824223788249
10317.000017354	301.357142857	6.43434759412	206.0	0.976142	0.837097138205
10317.000023475	275.617647059	6.3569404475	185.0	0.978108	0.844060346807
10317.000003475	343.03030303	5.59933990406	190.0	0.940772	0.739689129327
10317.000017269	260.545454545	5.5028318826	157.0	0.938772	0.754368468495
10317.000014801	370.363636364	5.53014962575	138.0	0.956128	0.777960272821
10317.000009716	335.333333333	6.25851046817	187.0	0.975934	0.829282892643
10317.000013155	329.0	5.54107168029	163.0	0.94285	0.754017778859
10317.000015604	202.09375	5.46731586415	143.0	0.95048	0.763605322915
10317.000009236	250.75	5.59466781493	153.0	0.941998	0.770892769712
10317.000041289	339.473684211	5.34133944004	156.0	0.937798	0.733156424255
10317.000030735	280.615384615	5.99772487054	171.0	0.9665	0.808552725806
10317.000022541	332.0	5.01688117256	142.0	0.902724	0.701686519636
10317.000034132	131.3125	3.57344384022	85.0	0.804334	0.557532513748
10317.000026633	295.666666667	5.60678106916	164.0	0.953274	0.762044368241
10317.000028715	128.1875	4.62239693422	91.0	0.908438	0.710286232092
10317.000026126	114.789473684	4.18903017963	87.0	0.888326	0.650173353582
10317.000033665	205.285714286	4.63984196769	121.0	0.882422	0.670607556266
10317.000028755	363.037037037	5.97026146792	187.0	0.962264	0.791088506624
10317.000026501	160.333333333	5.38659637188	117.0	0.941908	0.784033539955
10317.000016485	188.12	4.45191277882	122.0	0.859602	0.642343312406
10317.000001001	182.9	4.43342500024	114.0	0.87426	0.648835996343
10317.000013049	310.375	5.96914871628	172.0	0.966902	0.803788837786
10317.000002334	293.0	5.5556538068	150.0	0.954984	0.768542419539
10317.000006797	163.041666667	4.75253885553	118.0	0.90446	0.690510726975
10317.000013156	303.055555556	6.24219555203	165.0	0.976216	0.847396485041
10317.000001529	374.058823529	5.96203273116	169.0	0.969082	0.805584360952
10317.000002418b	489.75	6.24550017539	207.0	0.971892	0.811790571673
10317.000005849	146.666666667	4.06404035147	92.0	0.837476	0.62297873138
10317.000003282	236.882352941	4.41926707544	122.0	0.872284	0.637633033861
10317.000011341	273.0	5.41482595202	139.0	0.954838	0.760622387052
10317.000013355	297.30952381	5.99982667706	191.0	0.96373	0.791802445555
10317.000006794	258.130434783	5.27223399618	147.0	0.928192	0.732288046408
10317.000009593	228.933333333	4.8783067773	153.0	0.858344	0.672184935275
10317.000028723	262.25	5.28877330995	155.0	0.937232	0.726866806472
10317.000002774	249.615384615	4.29182211478	118.0	0.836484	0.623571799961
10317.000001531	260.576923077	6.06228509197	165.0	0.97059	0.822973108649
10317.000018027	307.034482759	6.17501712082	181.0	0.974684	0.823352534678
10317.000001399	212.12	5.14114906899	134.0	0.937886	0.727580551338
10317.000001948	206.4	4.86395053715	111.0	0.924874	0.715874717243
10317.000001032	195.571428571	5.33559608975	115.0	0.953928	0.779432305072
10317.000016697	412.162162162	6.82542706974	235.0	0.984714	0.866553975068
10317.000011162	309.652173913	3.97523007729	147.0	0.743538	0.552140415131
10317.000005999	236.545454545	4.76542659136	133.0	0.910428	0.675440938747
10317.000001362	317.135135135	6.31478538272	199.0	0.975894	0.826907920252
10317.000010947	167.15	5.49847636963	122.0	0.960254	0.793346523151
10317.000002851	238.142857143	5.26333687677	136.0	0.94103	0.742626380506
10317.000035452	287.5	6.35095644774	178.0	0.975812	0.849542925305
10317.000005928	324.5	5.94363285481	188.0	0.954184	0.78675795222
10317.000027807	261.024390244	6.1186195992	182.0	0.970836	0.814968961249
10317.000031313	371.161290323	6.23939989519	205.0	0.970496	0.81247686228
10317.000014458	224.909090909	5.34329903091	118.0	0.950474	0.776344057448
10317.000016759	251.848484848	5.799787595	170.0	0.957274	0.782761720227
10317.000014308	311.37037037	5.8519698747	176.0	0.954878	0.78450613584
10317.000010546	186.555555556	4.31891136728	110.0	0.866584	0.636879851494
10317.000015305	390.0	6.2958094836	208.0	0.970388	0.817590905721
10317.000014295	205.55	4.83755999313	120.0	0.909412	0.700396209578
10317.000011055	342.0	5.9182431705	195.0	0.95387	0.777965846942
10317.000002818	197.2	3.65663746502	124.0	0.690366	0.52581740604
10317.000009667	202.0	4.47088790103	100.0	0.898504	0.672935682731
10317.000012254	188.0	4.93794015552	131.0	0.912466	0.702067848677
10317.000026037	336.03030303	6.01646554292	192.0	0.962812	0.793209662189
10317.000007037	243.888888889	5.54086750055	157.0	0.927328	0.759582669379
10317.000015594	346.444444444	6.27728663985	188.0	0.976672	0.830923662835
10317.000004286	313.555555556	5.35157507718	151.0	0.941974	0.739330732378
10317.000001351	251.0	4.91301306213	129.0	0.90869	0.700735104304
10317.000010115	244.576923077	5.35180256761	149.0	0.934622	0.741332267344
10317.000010981	325.913043478	5.84628366148	167.0	0.962662	0.791781933554
10317.000013028	308.714285714	5.7366651981	162.0	0.956382	0.781577988085
10317.000017095	274.555555556	6.1134323118	169.0	0.97351	0.826041332578
10317.000011048	355.090909091	6.13557883161	199.0	0.968224	0.803441197712
10317.000002079	310.875	5.05643079495	128.0	0.943302	0.722347256421
10317.000014937	295.428571429	6.15133534437	191.0	0.968206	0.811797178696
10317.000013653	200.0	4.94686127201	123.0	0.91852	0.712546047718
10317.000021178	281.454545455	5.59180541965	162.0	0.94568	0.761841920128
10317.000006741	243.884615385	5.41695082691	151.0	0.94712	0.748362522129
10317.000014548	283.652173913	5.83281513247	163.0	0.963838	0.793717635222
10317.000013215	290.344827586	5.86524804154	173.0	0.961224	0.788909392905
10317.000010867	259.9	5.60694554288	146.0	0.962378	0.779844556284
10317.000026613	287.607142857	5.76270926057	169.0	0.960862	0.778651957538
10317.000006909	306.0	5.99436737079	177.0	0.968064	0.802716122402
10317.000011163	233.9375	5.03982170765	127.0	0.91258	0.721140233611
10317.000012276	280.857142857	5.7019303775	168.0	0.946538	0.771331918179
10317.000015003	201.0	5.2256576016	144.0	0.916882	0.728830162177
10317.000001613	282.545454545	5.47657466729	153.0	0.948984	0.7546206412
10317.000006029	248.333333333	5.54795455122	151.0	0.95064	0.766460946993
10317.000005024	291.111111111	5.89845062132	177.0	0.954616	0.789871744264
10317.000026632	259.333333333	5.92738565114	162.0	0.968956	0.807562232036
10317.000033799	147.4	5.0563596143	98.0	0.951996	0.764411400267
10317.000029152	170.0	4.15228248409	119.0	0.789198	0.602232376059
10317.000022999	223.333333333	5.05152651411	125.0	0.925616	0.725191350704
10317.000037575	380.75	6.58066280702	211.0	0.979634	0.852296110461
10317.000027681	331.25	6.27006300623	186.0	0.973762	0.831666126596
10317.000021296	326.206896552	6.13454599612	185.0	0.972128	0.814531308536
10317.000028712	259.551724138	5.49720189506	156.0	0.95055	0.754550226592
10317.000027363	302.15	5.47466340043	152.0	0.947464	0.755341908466
10317.000033801	231.357142857	5.5056934171	150.0	0.944394	0.761631139585
10317.000011225	195.903225806	5.66964673747	148.0	0.956312	0.786418394008
10317.000011409	216.913043478	5.1273334222	132.0	0.937894	0.727860101994
10317.000009475	221.526315789	4.85691863447	122.0	0.910768	0.700779498329
10317.000012928	214.75	5.50532396222	141.0	0.952168	0.771102229046
10317.000028841	245.6	5.67326263822	149.0	0.961948	0.785860950903
10317.000017357	257.5	5.52858388191	153.0	0.950424	0.76178702334
10317.000014534	242.884615385	5.40784067877	150.0	0.946906	0.748094662532
10317.000016715	340.12	6.31589354007	187.0	0.976846	0.836886427078
10317.000008954A	247.615384615	5.70087781836	160.0	0.948326	0.778603360273
10317.000015912	226.545454545	5.08678877758	132.0	0.928694	0.722104511955
10317.000016725	245.8	6.17221616789	160.0	0.977708	0.842976889134
10317.000018358	212.157894737	4.63598332196	119.0	0.87425	0.672386636037
10317.000010102	233.260869565	5.36314900662	140.0	0.950808	0.752270458877
10317.000018415	218.037037037	5.34282510696	141.0	0.948234	0.748341855566
10317.000008949B	278.434782609	5.74735367195	161.0	0.958014	0.783988383378
10317.000010869	320.096774194	6.0950197152	188.0	0.964518	0.806797012368
10317.000014571	264.666666667	6.13858051997	176.0	0.972578	0.82292872082
10317.000011949	325.615384615	4.92383258766	129.0	0.91274	0.702278275725
10317.000010827	197.037037037	5.65267779738	140.0	0.959716	0.792881666213
10317.000014162	330.652173913	5.72128852629	168.0	0.960346	0.773950602913
10317.000010821	206.071428571	5.07537522165	115.0	0.921228	0.741418829606
10317.000016736	268.34375	5.60658942465	162.0	0.95547	0.763856130908
10317.000001929	342.066666667	5.39273714705	147.0	0.948178	0.749025356816
10317.000003196	318.714285714	5.90636265596	182.0	0.960964	0.786697417686
10317.000028833	113.090909091	3.97985651649	68.0	0.888256	0.653779188518
10317.000004291	412.0	6.10989688007	194.0	0.971502	0.803943019735
10317.000035347	339.0	5.97998641251	169.0	0.96978	0.808010245808
10317.000031035	250.368421053	4.92428596236	134.0	0.892768	0.69688986788
10317.000016765	330.032258065	5.99968870735	186.0	0.96405	0.795803465303
10317.000004918	338.833333333	6.16497376826	190.0	0.97309	0.814411012209
10317.000001347	286.161290323	5.66946219558	171.0	0.95021	0.764299665463
10317.000005938	337.045454545	5.43808908378	167.0	0.940326	0.736498763814
10317.000003982	328.875	5.05374242495	146.0	0.896628	0.702902050469
10317.000001934	299.391304348	5.28124818496	162.0	0.91378	0.719530805519
10317.000015355	271.04	5.75840547785	163.0	0.95486	0.783592120568
10317.000002418a	278.516129032	6.19304472234	174.0	0.976942	0.832069291644
10317.000026083	314.333333333	5.49418091752	156.0	0.938286	0.754135564855
10317.000016741	235.75	5.28140766856	138.0	0.945086	0.742968206788
10317.000009476	169.714285714	4.5536786129	116.0	0.890622	0.663996971724
10317.000003729	329.03030303	5.65607975419	185.0	0.949938	0.751001630158
10317.000017219	311.322580645	6.12115727368	185.0	0.970998	0.812753583891
10317.000003366	170.193548387	4.28233881901	115.0	0.89048	0.625570819202
10317.000004283	80.6	3.04420462334	53.0	0.753468	0.531467684911
10317.000003473	337.526315789	6.27391481062	215.0	0.966032	0.809726207441
10317.000016734	304.681818182	5.3575976302	150.0	0.949812	0.74114428091
10317.000007068	118.071428571	4.72403531027	87.0	0.928096	0.733210730982
10317.000011342	292.0	5.775747018	172.0	0.949648	0.777745907098
10317.000026056	170.928571429	4.43362946787	97.0	0.899868	0.671770911812
10317.000012209	230.09375	5.6890713416	161.0	0.952266	0.77603817315
10317.000016355	287.965517241	6.26534676264	179.0	0.976808	0.837186129257
10317.000015185	261.0	4.95118595366	131.0	0.911932	0.703951113502
10317.000003028	235.047619048	5.00365819166	136.0	0.908018	0.705987220496
10317.000012985	302.833333333	5.94253615722	181.0	0.961448	0.792354435903
10317.000016755	317.25	5.81951909088	172.0	0.945466	0.783640131763
10317.000014327	288.3125	5.39478963669	133.0	0.955096	0.76464545339
10317.000013249	197.333333333	5.19628517255	124.0	0.947892	0.747215773128
10317.000008950A	169.2	3.59667225264	94.0	0.785256	0.548725836819
10317.000016716	230.565217391	5.91720653682	151.0	0.969274	0.817473842637
10317.000022662	261.5	5.67112250075	157.0	0.958988	0.777438978115
10317.000022443	228.576923077	4.97944438041	133.0	0.928876	0.705775342934
10317.000017074	232.130434783	5.26723285788	136.0	0.945022	0.7431760809
10317.000002511	229.5	4.76801751023	132.0	0.893352	0.676852746941
10317.000013821	199.0	4.80474968065	115.0	0.926022	0.701885423087
10317.000004819	158.4	4.73366899582	101.0	0.915428	0.710952033904
10317.000003594	287.0	5.39598861227	152.0	0.946782	0.744487110593
10317.000001391	189.714285714	3.76427718238	95.0	0.81508	0.572961935055
10317.000017075	257.333333333	4.78256628389	127.0	0.9003	0.684329955956
10317.000010834	272.555555556	5.47756141421	146.0	0.939486	0.761849106241
10317.000014303	291.565217391	5.90038285905	161.0	0.969068	0.804862878293
10317.000015265	254.0	5.47193046343	139.0	0.956808	0.7686438766
10317.000003193	142.0	4.75132827823	101.0	0.91823	0.713604290062
10317.000014933	129.5	4.02993581003	87.0	0.860474	0.62548054513
10317.000013619	360.322580645	6.49388800285	207.0	0.97673	0.844076039737
10317.000005015	285.666666667	5.70454715521	154.0	0.964312	0.785016475063
10317.000022925	220.071428571	5.05135175548	114.0	0.94327	0.739270168993
10317.000003439	250.730769231	5.11110007915	144.0	0.939566	0.712852655798
10317.000016735	249.6	5.75607235513	162.0	0.960706	0.784222068962
10317.000011168	260.037037037	5.67991239575	160.0	0.958606	0.775739985718
10317.000004972	269.0625	6.25526208935	180.0	0.974288	0.834941904082
10317.000009382	227.666666667	5.82368008266	153.0	0.966822	0.802448513003
10317.000006001	166.473684211	4.30790577961	102.0	0.894044	0.64562817249
10317.000027308	230.636363636	5.20322254343	139.0	0.915378	0.73089838647
10317.000003895	249.130434783	5.75047659033	153.0	0.962776	0.792361758112
10317.000001322	227.071428571	4.84459128305	109.0	0.934838	0.715788910375
10317.000002019	211.65	5.28064882633	129.0	0.941994	0.753170398556
10317.000026106	256.275862069	5.43185710831	158.0	0.932868	0.743704842135
10317.000008957B	303.903225806	6.1662015873	186.0	0.9714	0.817889865672
10317.000001047	236.272727273	4.88204571604	111.0	0.920194	0.718537960006
10317.000017071	158.4375	4.27255428544	102.0	0.837056	0.640330024911
10317.000015262	298.235294118	5.34723097064	135.0	0.95388	0.755598460538
10317.000003981	216.933333333	5.2168142907	141.0	0.944854	0.730692172827
10317.000014334	281.757575758	6.16753583633	186.0	0.971914	0.818066841521
10317.000011378	286.730769231	5.50836393158	159.0	0.95365	0.753241090451
10317.000016718	251.75	5.65658185051	128.0	0.96479	0.808083121501
10317.000016714	281.181818182	6.33928041995	183.0	0.977696	0.843471740004
10317.000007748	213.076923077	5.25176097104	145.0	0.93259	0.731452293503
10317.000007073	281.125	5.55355737467	156.0	0.952654	0.762285623749
10317.000001247	300.037037037	6.35496300396	183.0	0.977558	0.845558383212
10317.000002036	177.9	4.81603241671	109.0	0.92823	0.711569334641
10317.000016742	228.44	5.36363297471	140.0	0.947534	0.752338343416
10317.000015627	263.0	5.87233023185	168.0	0.963676	0.794382856687
10317.000012112	268.166666667	5.47333582588	134.0	0.957164	0.774591952968
10317.000002437	265.526315789	4.71572286604	131.0	0.913236	0.670473376194
10317.000003731	291.5	5.33601611723	149.0	0.947884	0.739145526539
10317.000013171	200.37037037	5.38171681266	137.0	0.945834	0.758198434405
10317.000001487	241.5	5.53306578988	144.0	0.959058	0.771704834956
10317.000014306	256.9	5.25978148857	143.0	0.938552	0.734619554062
10317.000002064	336.5	6.07610075682	187.0	0.96748	0.805112724064
10317.000003492	279.037037037	5.28967302284	162.0	0.918956	0.720678627052
10317.000002336	261.9	5.12756419983	148.0	0.898968	0.711227875372
10317.000006074	209.956521739	5.55969458542	133.0	0.96262	0.788018713106
10317.000012061	214.75	4.5797338142	115.0	0.899764	0.669014749875
10317.000016756	318.75	5.91350749581	170.0	0.96725	0.798109796983
10317.000011018	302.21875	5.90824286701	188.0	0.956338	0.782073383875
10317.000015261	240.142857143	5.41200920668	138.0	0.952258	0.761340731059
10317.000013458	283.166666667	6.08280877856	184.0	0.9689	0.80850118788
10317.000041935	214.8	3.85736154031	114.0	0.78459	0.56452855707
10317.000033721	330.526315789	5.91774454541	160.0	0.968596	0.808222160709
10317.000031491	365.2	6.17406088936	165.0	0.976	0.838147003321
10317.000017671	142.272727273	4.9804905412	105.0	0.934506	0.741779627822
10317.000036943	291.037037037	5.76046662522	165.0	0.960104	0.782000360246
10317.000036102	289.8	5.99574392058	162.0	0.966404	0.816875538087
10317.000028894	250.0	5.00050480124	124.0	0.933202	0.71906293381
10317.000040401	228.0	5.58739362833	144.0	0.957662	0.7792820186
10317.000040358	285.4	5.48733862459	138.0	0.94902	0.771937785114
10317.000031506	303.75	5.8423913729	165.0	0.957456	0.79312188674
10317.000016446	289.433333333	5.69541541077	176.0	0.943794	0.763518683721
10317.000028793	232.055555556	5.3358074671	127.0	0.950342	0.763492374638
10317.000042026	330.384615385	6.29907812725	206.0	0.971404	0.819498821989
10317.000037582	269.434782609	5.5683449285	152.0	0.953218	0.768267193369
10317.000029202	212.0	4.56872201147	132.0	0.874584	0.6485613857
10317.000022618	335.032258065	6.08026433684	191.0	0.964584	0.802417874826
10317.000021229	125.0	3.23058905798	77.0	0.702226	0.51550966943
10317.000034121	84.55	4.39892834442	73.0	0.916312	0.710670924931
10317.000036071	263.055555556	4.60545027989	125.0	0.896874	0.661153158308
10317.000036166	190.035714286	5.52384119879	137.0	0.958832	0.778221503401
10317.000031593	227.666666667	4.7139248193	126.0	0.881524	0.675610677941
10317.000012263	124.153846154	4.48189664625	81.0	0.92042	0.706940486637
10317.000034194	425.714285714	5.85503809971	190.0	0.949134	0.773467606604
10317.000036131	302.272727273	5.70979777225	155.0	0.960238	0.784730641508
10317.000002347	173.04	4.83491795978	120.0	0.924212	0.700013688193
10317.000016767	296.451612903	6.05505940683	184.0	0.967348	0.804812858882
10317.000036109	252.0	4.00933631653	98.0	0.817338	0.606124291316
10317.000004973	247.896551724	6.06373763336	167.0	0.96751	0.821232459098
10317.000040395	206.65	5.14046760421	124.0	0.942078	0.739189314592
10317.000031379	256.0	5.69870795777	161.0	0.95386	0.777352690328
10317.000004737	335.037037037	5.59024176471	180.0	0.930552	0.746176105275
10317.000006666	217.44	4.79340217143	129.0	0.916686	0.683675196482
10317.000003969	181.5	4.84109214241	108.0	0.932124	0.716679906344
10317.000001749	369.666666667	5.95124377442	190.0	0.95877	0.786176656775
10317.000009507	247.357142857	6.05053398307	166.0	0.973202	0.820407001128
10317.000017356	168.2	3.9230371447	93.0	0.821918	0.599929938701
10317.000040348	293.884615385	5.58109042691	163.0	0.953556	0.75946344861
10317.000026595	253.230769231	5.84025062214	163.0	0.959834	0.794729441553
10317.000012335	281.058823529	5.17191056934	139.0	0.93034	0.726499983144
10317.000022554	241.294117647	6.00569766592	164.0	0.971918	0.816263026364
10317.000003718	269.84375	6.04325685807	176.0	0.967294	0.810149776422
10317.000006113	213.588235294	4.85052762859	123.0	0.905572	0.698670146798
10317.000006662	339.681818182	6.18521164883	185.0	0.972736	0.821258580681
10317.000013756	397.777777778	6.35027667335	207.0	0.97207	0.825409428576
10317.000001216	278.25	5.99227188243	177.0	0.966328	0.802435511925
10317.000010945	258.615384615	5.01901861542	149.0	0.910684	0.69523499849
10317.000016722	287.1875	5.87623116153	149.0	0.969076	0.813976172585
10317.000016358	175.714285714	4.68160800191	115.0	0.915816	0.683896692139
10317.000035392	290.565217391	5.8100222619	160.0	0.965664	0.79350987699
10317.000043118	326.096774194	6.24767513733	194.0	0.971278	0.8220719457
10317.000006685	200.0	4.79815050027	101.0	0.923688	0.720636542216
10317.000005992	198.565217391	3.97174438449	119.0	0.80309	0.576047768169
10317.000012947	281.7	5.80442738221	171.0	0.961914	0.782494309581
10317.000012122	242.6	5.37394038548	159.0	0.94056	0.734859345943
10317.000004758	269.142857143	5.54001231664	144.0	0.951672	0.772673677274
10317.000042014	317.277777778	6.28698775401	201.0	0.973718	0.82171549844
10317.000014612	254.058823529	5.93144113195	168.0	0.969108	0.802379117768
10317.000027267	381.681818182	5.95931707311	183.0	0.963072	0.792915789792
10317.000006625	191.0	4.73724884784	116.0	0.915058	0.690764359249
10317.000008951B	145.8125	4.07436665486	92.0	0.865634	0.624561655474
10317.000006778	291.7	6.22324331124	181.0	0.976266	0.829782825533
10317.000012971	335.783783784	6.05966872089	202.0	0.96509	0.791264218093
10317.000017652	436.107142857	6.55586614869	222.0	0.976976	0.841097814269
10317.000015254	304.90625	5.95273817332	188.0	0.96022	0.787963222115
10317.000001438	257.037037037	5.75471677103	157.0	0.96564	0.788898692493
10317.000006803	233.2	5.51141666358	155.0	0.952156	0.757465974549
10317.000013299	315.75	5.63822601967	181.0	0.953294	0.751778917135
10317.000036039	210.0	5.1499124889	126.0	0.9343	0.738097445618
10317.000011026	276.222222222	5.71346099601	165.0	0.950932	0.775619207229
10317.000012993	383.9	5.64780539342	170.0	0.958266	0.76224961567
10317.000009218	306.636363636	5.77130156173	163.0	0.960838	0.785346993467
10317.000009419	327.0	5.80233180259	165.0	0.958176	0.787683681739
10317.000010693	316.323529412	5.96037463024	185.0	0.966742	0.791405223794
10317.000008951A	167.5	3.87516322635	85.0	0.856298	0.604607093711
10317.000001669	208.285714286	5.00219405672	124.0	0.929348	0.719305845486
10317.000036068	278.24	5.56693262536	155.0	0.951072	0.765095855332
10317.000042981	232.09375	5.95342812551	163.0	0.96595	0.810130406318
10317.000004075	303.625	6.06734860941	184.0	0.96501	0.806446287656
10317.000028776	378.162790698	6.47193929286	231.0	0.973682	0.824267212148
10317.000004011	203.0	4.66869692754	116.0	0.914714	0.680768425992
10317.000004285	301.157894737	5.96555669199	191.0	0.962492	0.787279805244
10317.000011964	308.571428571	6.13237068991	200.0	0.968402	0.802261389757
10317.000012011	357.4	5.93946771666	175.0	0.96641	0.797114405633
10317.000026116	192.058823529	4.66989588258	111.0	0.899352	0.687313813938
10317.000015607	241.375	5.98359860584	160.0	0.964698	0.817216248001
10317.000011031	247.230769231	5.66065377955	157.0	0.951664	0.776003849195
10317.000018035	346.916666667	6.02372180701	201.0	0.952542	0.787306379587
10317.000022498	318.714285714	6.15519071923	182.0	0.97019	0.819840048137
10317.000018398	189.333333333	5.48512437456	124.0	0.957154	0.788750292592
10317.000023929	260.464285714	5.10632766844	164.0	0.87345	0.694025358602
10317.000009558	292.076923077	5.39824925339	158.0	0.943434	0.739103409523
10317.000012391	365.454545455	6.12641440568	200.0	0.968816	0.801482164706
10317.000040145	215.6	6.20725421741	154.0	0.979312	0.854195204806
10317.000002051	282.0	5.62290342966	168.0	0.940376	0.760641502262
10317.000016726	329.625	6.67415400734	210.0	0.981902	0.865172620194
10317.000005927	423.12	5.61942624806	192.0	0.940816	0.740864077776
10317.000018369	208.033333333	5.69728890956	151.0	0.953856	0.787091785377
10317.000002191	299.166666667	6.32827540629	200.0	0.973642	0.827890432418
10317.000013539	355.37037037	5.98171270501	190.0	0.962282	0.790201691354
10317.000026622	367.219512195	6.24224973299	221.0	0.96655	0.801531565834
10317.000004289	287.75	5.83186412875	169.0	0.954596	0.787996099512
10317.000014543	216.333333333	4.40718975112	118.0	0.890024	0.640333912352
10317.000018025	213.206896552	5.43106017881	148.0	0.939712	0.753324822753
10317.000011073	271.111111111	5.29332164853	157.0	0.942494	0.72564727225
10317.000001111	215.0	4.68214915809	116.0	0.886904	0.682729969858
10317.000013053	175.2	4.02201096064	100.0	0.846336	0.605372971021
10317.000010225	323.25	6.61117521767	213.0	0.981958	0.854741230411
10317.000003226	383.0	6.24776216905	201.0	0.971778	0.81658867581
10317.000013167	299.7	5.91182852038	175.0	0.96436	0.793405049414
10317.000018299	221.12	4.75975842447	130.0	0.91365	0.677799646956
10317.000010879	181.352941176	4.90158187027	115.0	0.920226	0.716030822307
10317.000013685	308.193548387	5.80572240846	179.0	0.956072	0.775770353153
10317.000020032	187.837837838	5.93447565392	152.0	0.968732	0.818782423378
10317.000013055	244.71875	5.25278323393	158.0	0.928114	0.71918687253
10317.000003579	375.894736842	5.90533201954	179.0	0.95707	0.789080356237
10317.000001284	256.434782609	4.76056526876	139.0	0.883952	0.668718173128
10317.000013684	219.033333333	5.77176163918	156.0	0.963336	0.792236511559
10317.000006665	364.857142857	6.62127496742	202.0	0.983396	0.864598083029
10317.000002638	312.5	5.3083164175	135.0	0.950462	0.750099581472
10317.000002443	366.738095238	6.49478686129	224.0	0.976056	0.831880569812
10317.000017349	403.129032258	6.72297959497	227.0	0.98072	0.858996734753
10317.000005814	269.107142857	5.98106830126	170.0	0.968156	0.807228064063
10317.000001482	209.772727273	4.50061566733	121.0	0.887628	0.6504848431
10317.000020071	253.0	5.55288869078	138.0	0.959534	0.781159117414
10317.000004026	367.714285714	5.86218880658	177.0	0.95275	0.785015861813
10317.000013134	267.541666667	6.13298458686	164.0	0.975656	0.833563199147
10317.000004822	239.0	6.00314599955	172.0	0.967836	0.808366816675
10317.000009101	274.666666667	6.43189196026	186.0	0.97978	0.853131247319
10317.000013159	250.294117647	5.94120744811	173.0	0.960976	0.799126367344
10317.000018073	292.90625	5.6627097952	176.0	0.95419	0.759134218893
10317.000021267	208.64	4.98077356596	133.0	0.92287	0.70596373873
10317.000016772	270.181818182	5.99164741308	172.0	0.969508	0.806818449246
10317.000009596	221.25	5.57681534493	145.0	0.953992	0.776725063648
10317.000009003	229.0	5.56529759707	160.0	0.939672	0.760086349517
10317.000006635	276.538461538	4.97378904617	155.0	0.8993	0.683576691263
10317.000017265	287.5625	5.69016656753	176.0	0.947626	0.76281503182
10317.000001734	271.28125	6.04080482097	175.0	0.967688	0.810714490611
10317.000001286	262.896551724	5.43009221734	162.0	0.932816	0.739809698455
10317.000014397	286.111111111	6.12025656056	172.0	0.973962	0.824136596623
10317.000010746	219.909090909	4.46021920183	104.0	0.906924	0.665660671457
10317.000010873	190.1	5.01563627623	135.0	0.915382	0.708741976875
10317.000016731	359.5	5.87625345943	175.0	0.953104	0.7886306496
10317.000016458	388.777777778	6.29381813824	198.0	0.972554	0.824947430256
10317.000009174	336.047619048	6.03880972344	174.0	0.96699	0.811346979432
10317.000004719	325.533333333	5.93391054853	186.0	0.961672	0.787078598184
10317.000018345	222.12	5.4388962587	144.0	0.943034	0.758570871746
10317.000013222	284.333333333	5.04894528662	145.0	0.920508	0.703204626037
10317.000003809	251.444444444	5.77059283566	162.0	0.956536	0.786200376492
10317.000004847	229.5	5.37344311019	138.0	0.938602	0.755915400287
10317.000002261	305.076923077	5.85180165146	171.0	0.960208	0.788880830364
10317.000014134	219.0	5.18389526356	120.0	0.939374	0.750539651932
10317.000016729	338.0	6.34168958472	200.0	0.975302	0.829645329174
10317.000014877	268.275862069	5.90227824646	170.0	0.96063	0.796594254147
10317.000001652	305.045454545	6.08007270537	165.0	0.973304	0.825387829712
10317.000017083	271.333333333	5.47394487804	141.0	0.95627	0.766707123159
10317.000002606	269.454545455	5.39110534679	150.0	0.928224	0.745779577218
10317.000011357	328.6	5.98067906101	186.0	0.966152	0.793282010747
10317.000004813	326.884615385	5.96531150406	183.0	0.96294	0.793713377652
10317.000013453	230.5	5.33489086339	148.0	0.93068	0.739985487503
10317.000016768	319.96875	6.21969104386	192.0	0.972376	0.820002873221
10317.000013174	175.4	3.89497758561	97.0	0.808744	0.590155912471
10317.000016166	210.565217391	5.23405471054	131.0	0.93549	0.744168907429
10317.000003595	239.935483871	4.49466072219	148.0	0.869984	0.623439877372
10317.000012184	295.903225806	5.88974222536	178.0	0.961664	0.787848079356
10317.000011358	401.9375	6.62574194606	218.0	0.981768	0.852933152593
10317.000013471	478.038461538	5.94617021006	208.0	0.959208	0.772185800774
10317.000001436	266.28125	5.80689301655	170.0	0.958518	0.783720695345
10317.000009385	356.888888889	6.226490208	195.0	0.972384	0.818485585771
10317.000006053	245.916666667	5.2762396787	151.0	0.926654	0.728922997361
10317.000002185	214.565217391	5.15124416953	135.0	0.928302	0.727904252822
10317.000016488	168.0	4.00173222853	86.0	0.825968	0.622715120102
10317.000001516	247.588235294	4.87491916542	129.0	0.892394	0.695301833449
10317.000011352	352.03030303	6.18697999109	199.0	0.968288	0.810172071892
10317.000004009	221.588235294	5.38117653415	131.0	0.947776	0.765086435577
10317.000013801	247.625	5.50881808185	147.0	0.952292	0.765148442595
10317.000003996	387.0	6.26381921588	222.0	0.962324	0.80362907539
10317.000017339	233.285714286	5.71917356236	159.0	0.947308	0.782068248232
10317.000010183	309.181818182	6.65522347968	228.0	0.979968	0.849651082505
10317.000012318	302.476190476	4.93539389566	152.0	0.886264	0.680938638874
10317.000007666	317.555555556	6.03642086584	179.0	0.968592	0.806596667461
10317.000006026	149.0	5.24452674638	108.0	0.956386	0.776404750589
10317.000002349	248.0	5.46466655307	146.0	0.948344	0.760055618648
10317.000015908	162.647058824	5.28984731063	112.0	0.95077	0.777078229533
10317.000001423	267.375	4.6350533662	125.0	0.896092	0.665402943414
10317.000011036	292.730769231	5.82524384709	165.0	0.963128	0.790794059459
10317.000005845	316.476190476	5.89452210751	166.0	0.965516	0.799252961612
10317.000009118	229.0	5.59099033631	158.0	0.958036	0.765492630335
10317.000005576	331.526315789	5.84617665869	161.0	0.966344	0.797468687191
10317.000013584	282.4	4.97084750319	135.0	0.907214	0.70241303239
10317.000002801	355.785714286	6.41587976499	203.0	0.973278	0.836999165373
10317.000013265	366.588235294	6.06201018618	206.0	0.96116	0.788656705966
10317.000010833	169.05	4.70587552941	115.0	0.90406	0.68744173089
10317.000013238	194.076923077	4.79900510089	96.0	0.940288	0.728782449462
10317.000012983	381.681818182	5.67895012428	183.0	0.92261	0.755611619207
10317.000004915	310.3125	5.84401340198	155.0	0.965058	0.803176674349
10317.000001099	386.902439024	6.79555441486	238.0	0.983312	0.860761403062
10317.000010881	232.129032258	4.95011322477	145.0	0.913434	0.689439540627
10317.000015856	384.576923077	6.19716403571	198.0	0.971288	0.812278720778
10317.000017324	252.275862069	4.12717490513	154.0	0.727584	0.567950480177
10317.000003061	286.344827586	5.71247671606	169.0	0.953164	0.771864582479
10317.000028859	342.107142857	6.05337013068	186.0	0.969528	0.80292381184
10317.000014922	345.5	6.10342865039	196.0	0.964992	0.801531348579
10317.000012903	352.965517241	6.31213203826	199.0	0.975022	0.826560470352
10317.000014684	327.2	6.16611236463	181.0	0.969768	0.822165209455
10317.000012991	360.0	6.63620344848	210.0	0.981148	0.860253077671
10317.000014121	233.8	4.73516505416	133.0	0.87594	0.671151735944
10317.000004736	352.730769231	5.47854434944	181.0	0.914162	0.730487590268
10317.000011248	352.24137931	6.14798579737	195.0	0.965446	0.80816601144
10317.000010962	291.12	5.91196674048	171.0	0.962174	0.796991680357
10317.000016773	328.724137931	5.85486312868	178.0	0.964196	0.783182437248
10317.000002348	362.6	5.52067270392	184.0	0.925838	0.733784440955
10317.000016354	357.24137931	6.55814068793	200.0	0.981646	0.857962332769
10317.000004922	146.2	4.8269807899	115.0	0.897666	0.705132978644
10317.000003091	178.928571429	4.82461408041	105.0	0.924158	0.718563845739
10317.000001965	264.230769231	6.41692772401	174.0	0.980868	0.862149192397
10317.000005454	192.0	5.08852359292	117.0	0.940108	0.740648248035
10317.000014369	424.977272727	6.72162828884	246.0	0.979544	0.846284672734
10317.000003086	326.75	5.94050061621	178.0	0.962944	0.79463783334
10317.000001528	344.344827586	6.4540193134	200.0	0.975846	0.844340755917
10317.000002444	336.882352941	5.42337377744	151.0	0.946448	0.749249865509
10317.000015584	358.136363636	5.48285188438	172.0	0.939828	0.738305469235
10317.000023375	327.538461538	4.74884652813	163.0	0.849248	0.646213389374
10317.000015624	325.037037037	5.84786806798	180.0	0.959244	0.780563632627
10317.000020431	374.416666667	6.4503604536	200.0	0.976914	0.843862089168
10317.000006671	304.0	6.23295650463	181.0	0.97454	0.831077944597
10317.000009102	199.0	5.24491007024	140.0	0.929446	0.73568549008
10317.000015214	324.875	5.9331617822	169.0	0.966502	0.80168334497
10317.000002172	265.04	5.45737388061	157.0	0.93708	0.748136752885
10317.000016745	344.5	5.03441826484	147.0	0.919748	0.699256580537
10317.000001189	269.833333333	5.55594850161	147.0	0.949028	0.77169463213
10317.000007678	155.176470588	2.76641016701	86.0	0.692006	0.430484935278
10317.000003358	251.5	5.59522177691	151.0	0.953736	0.772991008158
10317.000009231	233.441176471	4.96113615224	154.0	0.908968	0.682713896226
10317.000006653	150.652173913	5.03822139065	115.0	0.929496	0.735991339284
10317.000018318	346.538461538	6.02900203507	182.0	0.968614	0.803032358235
10317.000013859	358.285714286	5.87642799011	176.0	0.953734	0.787784953404
10317.000015928	294.166666667	6.3895335102	195.0	0.976252	0.839917979984
10317.000013757	363.37037037	6.2901016989	198.0	0.972194	0.824460306698
10317.000012298	347.0	5.56669995446	169.0	0.940968	0.752167360972
10317.000001731	261.516129032	6.18354039941	172.0	0.976122	0.832658221011
10317.000017171	340.965517241	5.98338291894	187.0	0.965302	0.792827162317
10317.000014587	246.214285714	5.12348843242	124.0	0.938576	0.736747742477
10317.000017343	317.884615385	6.05458918288	174.0	0.972144	0.813467035758
10317.000002171	300.565217391	5.9746101762	170.0	0.965758	0.806356450577
10317.000016764	262.387096774	5.92094815451	168.0	0.965768	0.800959674197
10317.000016727	295.037037037	5.83841807651	169.0	0.964486	0.788881662886
10317.000002013	315.037037037	5.49240036807	170.0	0.936798	0.741275553606
10317.000013454	247.689655172	6.03697575096	162.0	0.972338	0.822493068466
10317.000016766	288.125	5.756582796	163.0	0.957414	0.783344093724
10317.000001234	204.454545455	4.4735888461	124.0	0.843838	0.643293437002
10317.000001922	314.428571429	6.23820762252	200.0	0.967658	0.816107402814
10317.000026623	424.636363636	6.36177870019	226.0	0.966494	0.813508070693
10317.000006761	449.107142857	6.48781693162	215.0	0.978102	0.837332918471
10317.000004076	259.40625	6.02623431461	175.0	0.967786	0.808759035835
10317.000009532	279.756756757	6.36888637066	190.0	0.978152	0.841348461608
10317.000005846	234.517241379	6.08529471668	165.0	0.973306	0.826096733172
10317.000004821	359.326086957	6.44831676077	229.0	0.969976	0.822572921317
10317.000002712	321.454545455	5.52439945933	163.0	0.942896	0.751749056896
10317.000010832	221.538461538	5.32973408618	144.0	0.940734	0.743345862768
10317.000013734	330.571428571	6.45490302432	203.0	0.978986	0.842090039374
10317.000009659	262.676470588	5.66750783312	165.0	0.956306	0.769380929625
10317.000001116	303.954545455	4.92749209406	153.0	0.906264	0.678962210766
10317.000017292	350.53125	6.63205024265	211.0	0.981276	0.858951566423
10317.000015862	283.619047619	5.73780588645	155.0	0.963204	0.788579959173
10317.000002446	201.0	4.3251358816	129.0	0.841016	0.616887133169
10317.000006678	244.6	5.53552934399	157.0	0.950748	0.758850875808
10317.000014224	273.076923077	6.33517707409	172.0	0.980202	0.853077190667
10317.000017218	358.730769231	6.2560625942	187.0	0.97583	0.828958537508
10317.000009661	269.107142857	5.93107588665	170.0	0.965272	0.800480894823
10317.000006729	234.444444444	5.53774519514	145.0	0.959632	0.771283469708
10317.000003476	323.333333333	6.68492225439	217.0	0.979592	0.861286881217
10317.000001811	205.666666667	4.30784985364	131.0	0.831258	0.612482691956
10317.000016749	339.291666667	6.13404329423	187.0	0.970006	0.812790390383
10317.000003214	149.0	2.58421595526	94.0	0.502878	0.394260572819
10317.000013686	223.157894737	5.30473526198	130.0	0.949282	0.755405499003
10317.000010845	343.5	6.41026985428	194.0	0.978338	0.843466232757
10317.000001311	189.217391304	4.90257316296	127.0	0.907488	0.701501553253
10317.000003593	316.884615385	5.89593160799	173.0	0.965056	0.79303650801
10317.000001435	167.78125	5.21308663208	134.0	0.923878	0.737761227119
10317.000017205	310.75	6.20425667448	197.0	0.964312	0.813987732101
10317.000014551	206.545454545	5.61711380104	134.0	0.964472	0.794939555621
10317.000002781	136.0	3.7201510532	93.0	0.786514	0.568903609877
10317.000007675	282.724137931	5.79787891483	171.0	0.957168	0.781611511309
10317.000003216	217.476190476	5.46407822991	136.0	0.950654	0.770949823978
10317.000005238	292.0	5.35062566263	157.0	0.936882	0.733502925898
10317.000022448	267.181818182	5.59090345435	169.0	0.949488	0.755437715542
10317.000001004	235.111111111	5.13038129333	115.0	0.945318	0.749454203447
10317.000014122	294.6	5.63457847999	165.0	0.955036	0.764910672668
10317.000016728	430.4375	6.51263521263	222.0	0.976126	0.835551415822
10317.000010773	280.0	4.36941562737	145.0	0.857742	0.608561413882
10317.000005553	258.884615385	6.06913931267	166.0	0.969536	0.822929744196
10317.000014054	344.24137931	5.99818696297	187.0	0.968458	0.794788769719
10317.000001779	302.391304348	5.94225879655	165.0	0.961208	0.8066791845
10317.000026081	338.5	5.20667502126	141.0	0.941574	0.729272017844
10317.000016769	289.75	5.41993529141	151.0	0.94414	0.748774831831
10317.000003372	259.0625	5.93108760664	170.0	0.968714	0.800482476598
10317.000004738	350.464285714	6.08533257924	191.0	0.968306	0.803086735268
10317.000041976	363.2	6.4263523989	208.0	0.976392	0.834543562981
10317.000036427	310.6	6.13406227747	191.0	0.96961	0.809517636744
10317.000043092	268.666666667	6.07831961398	174.0	0.964596	0.816655348434
10317.000036069	149.0	5.12000994778	106.0	0.945414	0.76100928695
10317.000028711	216.0	5.45627826007	144.0	0.95127	0.760995165079
10317.000027901	386.357142857	6.63304577026	233.0	0.978842	0.843449741429
10317.000031057	255.545454545	5.55422868433	152.0	0.949298	0.766319568459
10317.000021275	287.0	5.09293585488	152.0	0.921954	0.702674777781
10317.000031439	206.37037037	5.42601341641	143.0	0.938114	0.757836720967
10317.000036437	287.774193548	5.79338425499	178.0	0.959718	0.774958645662
10317.000043117	269.75	5.72792538515	171.0	0.956458	0.772181082552
10317.000040144	177.055555556	4.36503007029	109.0	0.849186	0.644933686913
10317.000039994	277.8	5.54242428594	150.0	0.945152	0.76671231127
10317.000036067	275.107142857	6.36949856418	176.0	0.9801	0.853885240836
10317.000036877	389.607142857	6.2043121546	202.0	0.969128	0.810151582857
10317.000038417	317.59375	5.68743305549	181.0	0.95077	0.758339990064
10317.000031891	264.025	5.85210631036	181.0	0.95509	0.780296875225
10317.000028719	199.1	5.62854496659	144.0	0.958492	0.785021456355
10317.000023341	291.375	5.3025748896	153.0	0.93647	0.730645103243
10317.000036901	236.5	5.29351167941	156.0	0.937714	0.726591548467
10317.000035492	337.032258065	6.0252991988	193.0	0.95878	0.7935901605
10317.000041632	379.714285714	5.00170545995	154.0	0.887948	0.688296736383
10317.000027775	349.285714286	5.65856103411	183.0	0.946434	0.752898752726
10317.000036094	168.333333333	4.00480514968	103.0	0.820718	0.598938881916
10317.000039831	347.75	5.46308976136	165.0	0.937792	0.741630572553
10317.000043164	229.4	5.15837389337	123.0	0.943232	0.743012332118
10317.000036422	303.0	6.17013446783	184.0	0.971594	0.820108148755
10317.000036939	256.368421053	5.40959063551	140.0	0.952686	0.758784666376
10317.000020388	494.5	6.63859213202	232.0	0.981348	0.844821606992
10317.000036147	331.7	5.78108888176	186.0	0.938958	0.766808211182
10317.000035412	323.565217391	5.85093607721	172.0	0.961404	0.787870655097
10317.000031272	116.5	3.72729713157	73.0	0.821616	0.60216523039
10317.000037565	321.0	5.5449049315	163.0	0.93972	0.754539399897
10317.000018298	274.24	5.43641847345	151.0	0.950006	0.751052016187
10317.000001764	284.857142857	6.03083784148	172.0	0.970424	0.812095722504
10317.000014232	296.161290323	5.97236612911	181.0	0.966682	0.796331847218
10317.000009677	315.166666667	5.20942326059	144.0	0.942188	0.726565934726
10317.000036045	262.884615385	6.05999089273	170.0	0.968102	0.817879761638
10317.000018424	246.777777778	4.83616158643	144.0	0.897396	0.674506579282
10317.000015901	187.789473684	4.98596546932	118.0	0.932212	0.724425984838
10317.000014978	267.363636364	6.12746146572	181.0	0.970154	0.81701165037
10317.000017133	298.034482759	5.68165296125	172.0	0.954936	0.765075465112
10317.000018401	318.95	6.59978907708	212.0	0.981614	0.854018764282
10317.000026136	259.24	5.778110905	157.0	0.962614	0.792105731594
10317.000018408	223.071428571	4.9969848632	117.0	0.93429	0.727324540567
10317.000013197	298.034482759	5.96305204241	172.0	0.96912	0.802967876769
10317.000001936	223.260869565	4.76455028082	130.0	0.916222	0.678482017416
10317.000009495	224.066666667	4.65623822772	110.0	0.923818	0.686623099854
10317.000033748	357.461538462	4.82595451749	144.0	0.865256	0.673082984343
10317.000006717	311.15	5.71850285714	161.0	0.958876	0.780052884546
10317.000001786	268.387096774	6.16678304118	174.0	0.972422	0.828540891734
10317.000022553	390.689655172	6.2730303541	206.0	0.972272	0.816110053192
10317.000009178	362.6875	6.35811226001	208.0	0.973724	0.825681713349
10317.000034127	279.375	5.22682436333	151.0	0.930214	0.722096173337
10317.000005085	335.714285714	5.66288300125	148.0	0.962042	0.785480217994
10317.000009648	271.04	5.68633855316	163.0	0.94787	0.773785399843
10317.000013001	284.724137931	5.78032032483	173.0	0.95329	0.77748612948
10317.000034147	326.571428571	5.36777599764	144.0	0.943086	0.748651624189
10317.000028856	225.896551724	5.28372145517	145.0	0.942784	0.735903670775
10317.000005163	155.5	4.27280586541	106.0	0.876814	0.635085669378
10317.000009628	314.884615385	5.77329281028	171.0	0.958136	0.778297060867
10317.000001789	348.235294118	5.82926047725	167.0	0.953	0.789476426242
10317.000002346	200.555555556	4.97419470862	135.0	0.926954	0.702886014253
10317.000016762	291.730769231	5.67108604756	164.0	0.951594	0.770784364691
10317.000014291	413.12	6.15857876	203.0	0.964428	0.803432338326
10317.000011191	351.055555556	5.78744181911	162.0	0.964882	0.788495925235
10317.000011969	273.75	5.54595453478	155.0	0.953106	0.76221271461
10317.000013764	232.933333333	5.56418561948	157.0	0.947144	0.762779287782
10317.000016333	236.875	5.73496790171	157.0	0.962942	0.786191372949
10317.000038478	282.833333333	6.14619702561	186.0	0.971336	0.815236444754
10317.000034126	253.857142857	5.86254300318	160.0	0.961854	0.80068295225
10317.000006036	340.5	6.29650891658	191.0	0.97459	0.830955863721
10317.000013902	388.04	5.90088781416	194.0	0.955762	0.776441511461
10317.000015295	196.869565217	4.76300312093	125.0	0.900696	0.683771263406
10317.000006795	334.7	5.93546683253	189.0	0.958704	0.784881851119
10317.000002141	214.217391304	4.9020450576	132.0	0.914852	0.695878875392
10317.000006017	201.8	4.74630646597	122.0	0.892086	0.684819844528
10317.000021323	300.371428571	6.32991130798	191.0	0.977674	0.835364006925
10317.000017174	279.913043478	5.42020265501	156.0	0.927296	0.74398125075
10317.000014451	244.0	5.21174606077	140.0	0.93381	0.731033688575
10317.000013984	201.035714286	5.79696817816	142.0	0.968648	0.810793456225
10317.000015587	192.555555556	4.80626762343	116.0	0.908288	0.700828367247
10317.000003508	319.2	5.81064729763	173.0	0.953154	0.781565280699
10317.000036114	199.391304348	4.86471778522	125.0	0.91874	0.698373303912
10317.000010712	363.25	6.24052152463	190.0	0.975442	0.824391091128
10317.000013986	247.620689655	5.6716288374	157.0	0.956694	0.777508390448
10317.000014259	214.384615385	5.41039820322	144.0	0.944064	0.754596205976
10317.000006899	355.181818182	6.18698894824	196.0	0.974236	0.812504885267
10317.000003879	306.5	5.28736529251	134.0	0.945438	0.748273217334
10317.000003287	308.371428571	6.44267147454	199.0	0.97907	0.843654336133
10317.000013952	274.714285714	5.71573494806	153.0	0.960732	0.787574685541
10317.000010169	221.6	3.86272076203	89.0	0.847534	0.59649162573
10317.000001805	250.142857143	5.85404893478	148.0	0.966804	0.811996227438
10317.000012959	266.434782609	5.67144741219	149.0	0.965412	0.785609505598
10317.000005009	214.875	5.72111046308	146.0	0.960746	0.795723235835
10317.000033803	283.4	5.32032734602	136.0	0.943558	0.75066740598
10317.000014237	308.12	5.64865736355	172.0	0.94685	0.760632370395
10317.000017185	314.885714286	6.08219414997	190.0	0.969392	0.803475583243
10317.000002811	272.055555556	5.08131799465	134.0	0.935716	0.719113197936
10317.000035361	244.375	5.26634100129	130.0	0.946818	0.749938075234
10317.000044399	237.75	5.2975838188	149.0	0.9263	0.733821880426
10317.000005987	240.1875	6.0841016751	169.0	0.972186	0.822078204013
10317.000003922	403.565217391	6.04626001896	184.0	0.97042	0.803643281504
10317.000015542	169.666666667	4.6582702275	107.0	0.905884	0.69098761989
10317.000017114	167.545454545	4.93013064765	93.0	0.945762	0.753939580008
10317.000014222	183.217391304	5.1532823983	121.0	0.945324	0.744816340716
10317.000001882	354.59375	6.14148988201	203.0	0.963222	0.801202967275
10317.000012004	360.028571429	6.15616704603	207.0	0.96244	0.800179044956
10317.000001702	336.918367347	6.02278996124	219.0	0.95763	0.774656580954
10317.000001732	360.416666667	6.07526813193	186.0	0.965202	0.805828380082
10317.000014929	215.038461538	4.85851276936	130.0	0.923722	0.691862474128
10317.000001151	239.083333333	5.76210431249	162.0	0.965904	0.785043878311
10317.000002262	363.96875	6.11254395148	203.0	0.96531	0.797426755659
10317.000016752	201.4	4.5492412522	113.0	0.893252	0.667026668548
10317.000027295	285.757575758	5.76291997324	175.0	0.9597	0.773420573749
10317.000029188	292.666666667	5.5439999058	174.0	0.946366	0.744866585228
10317.000014392	202.44	5.30202167904	134.0	0.948172	0.750347403794
10317.000002512	214.730769231	5.21086847751	142.0	0.930628	0.728818570841
10317.000012242	261.617647059	5.87802849461	171.0	0.963892	0.792416468623
10317.000031519	219.25	5.48394434333	143.0	0.952066	0.765927777942
10317.000016177	309.848484848	5.60779609887	183.0	0.938494	0.746144234008
10317.000015329	299.037037037	6.11775493373	173.0	0.971406	0.822873013474
10317.000014318	357.105263158	6.15465248598	178.0	0.974838	0.823284102197
10317.000013609	273.909090909	4.42627955535	113.0	0.884572	0.648997567328
10317.000014317	219.791666667	5.2919055606	141.0	0.93052	0.741209818292
10317.000029154	319.285714286	5.6974328542	165.0	0.94991	0.773443339634
10317.000009529	162.4	4.90522091879	105.0	0.93134	0.730569191413
10317.000011955	215.730769231	5.42967727555	143.0	0.949558	0.758348442333
10317.000003266	195.5	5.04703715781	129.0	0.918214	0.719850744234
10317.000016405	286.111111111	6.16771964381	172.0	0.975512	0.830527842399
10317.000010984	282.04	5.99587406851	165.0	0.97151	0.813957616043
10317.000010843	294.730769231	5.77299707559	167.0	0.961656	0.781856483808
10317.000008955	230.5	5.53373474882	133.0	0.963064	0.784339223754
10317.000027648	175.0	4.42982866215	120.0	0.861144	0.64136366442
10317.000015263	114.4	3.62714000601	77.0	0.7976	0.578787865591
10317.000014357	179.260869565	5.1996363803	126.0	0.92884	0.745223989479
10317.000017093	295.0	4.95747022148	134.0	0.913366	0.701586137376
10317.000010797	187.416666667	5.14383395585	130.0	0.937474	0.732492813365
10317.000014954	227.0	5.55877688816	147.0	0.955432	0.772087481473
10317.000014379	269.1	5.76774765786	169.0	0.955248	0.779332741131
10317.000005915	148.0	4.28577164309	105.0	0.850818	0.63831023632
10317.000001363	253.464285714	4.92993459026	157.0	0.862224	0.675831514751
10317.000013604	195.2	2.61817140646	62.0	0.5748	0.439718690815
10317.000014095	218.285714286	5.21511274894	144.0	0.93338	0.727359456046
10317.000012275	225.833333333	5.65044822995	134.0	0.964684	0.799657077295
10317.000006619	232.375	5.55301762698	143.0	0.957906	0.775575057956
10317.000011145	178.5625	4.20134662943	111.0	0.812404	0.618352881553
10317.000011389	377.058823529	6.00163900729	172.0	0.967852	0.808163889321
10317.000023487	287.055555556	5.00109744138	137.0	0.911778	0.704575209428
10317.000002205	203.25	3.83541899641	97.0	0.816592	0.581131764634
10317.000011155	286.714285714	5.35262336073	151.0	0.93182	0.739475554835
10317.000006929	247.954545455	5.06856366775	135.0	0.931626	0.716220961001
10317.000013648	182.066666667	4.93684352052	110.0	0.910656	0.728002012734
10317.000012155	376.923076923	6.73481326927	226.0	0.983518	0.861209609351
10317.000013119	278.088235294	5.9524115154	178.0	0.965724	0.79623110834
10317.000006654	336.142857143	6.20153578409	178.0	0.974246	0.829555499986
10317.000002071	251.076923077	5.152035275	150.0	0.92382	0.712707773646
10317.000011049	266.954545455	5.92497110836	154.0	0.968544	0.815349546209
10317.000004159	177.454545455	4.75748065753	124.0	0.8787	0.684116531255
10317.000002568	143.315789474	4.64083756431	98.0	0.902974	0.701593520151
10317.000008957A	249.0	6.09869255557	178.0	0.968952	0.815798558347
10317.000002749	373.357142857	6.11793488751	193.0	0.967342	0.805791176359
10317.000001127	249.8	5.60194153751	149.0	0.954172	0.775981544361
10317.000017661	296.4	6.08007405784	170.0	0.974102	0.82059026312
10317.000002201	92.0769230769	3.65878844297	69.0	0.82403	0.598964360192
10317.000011298	248.615384615	4.79925480908	117.0	0.917798	0.698544401202
10317.000001939	290.588235294	4.87800709701	136.0	0.889402	0.688258578038
10317.000001726	203.384615385	5.45034523653	158.0	0.932888	0.746236151447
10317.000012381	280.935483871	6.19778825595	179.0	0.973662	0.828158848428
10317.000009447	179.7	5.13428426759	132.0	0.932202	0.72884682211
10317.000029245	334.2	5.90784171654	174.0	0.966416	0.793750714329
10317.000014958	248.6	5.6706523516	152.0	0.955544	0.782382597106
10317.000015364	266.9	5.60877547521	153.0	0.950802	0.772836673026
10317.000016484	286.230769231	5.28729117477	136.0	0.94382	0.746006193358
10317.000010908	247.0	5.74528662982	172.0	0.946906	0.773644196591
10317.000003125	195.636363636	5.13263577916	133.0	0.90583	0.727488350194
10317.000001524	254.785714286	5.09354318646	153.0	0.922518	0.701842494416
10317.000014949	199.545454545	5.00617631893	127.0	0.925652	0.716325967374
10317.000015933	222.0	6.01794208721	167.0	0.97047	0.815030213675
10317.000014012	237.444444444	5.48156311863	148.0	0.95201	0.760329922482
10317.000004774	213.25	5.21402679963	137.0	0.930694	0.734573574575
10317.000008954B	297.6	5.68057656366	168.0	0.946754	0.768443268704
10317.000017636	246.588235294	5.23023388014	128.0	0.94571	0.747176268592
10317.000016703	274.941176471	6.12741360093	182.0	0.972116	0.816140277482
10317.000003365	209.5	4.82886758714	121.0	0.910222	0.697927885194
10317.000017216	307.459459459	6.5726297262	204.0	0.981666	0.856656068094
10317.000004163	266.105263158	5.25462141404	139.0	0.94458	0.738118402773
10317.000018338	283.965517241	6.16519884225	175.0	0.97536	0.827408960733
10317.000003411	138.235294118	4.55380631642	90.0	0.92954	0.701464781912
10317.000013697	209.033333333	5.24495145844	146.0	0.921616	0.729496445357
10317.000017161	157.05	4.51593115718	103.0	0.89518	0.675380363588
10317.000001072	217.64	5.16431471955	142.0	0.928732	0.722307325453
10317.000002773	180.526315789	4.23057032619	108.0	0.833684	0.626297673327
10317.000010748	335.0	5.59372669491	134.0	0.96355	0.791629789001
10317.000011956	261.176470588	5.16033144405	135.0	0.940148	0.729188343724
10317.000007641	233.2	5.75694458314	155.0	0.96193	0.79121030132
10317.000005007	286.866666667	4.88713777778	135.0	0.887434	0.690584304588
10317.000012948	182.105263158	4.0636777266	115.0	0.797032	0.593628461419
10317.000017079	151.2	4.44948915163	91.0	0.918704	0.683716896065
10317.000009193	284.866666667	4.82767880814	133.0	0.897518	0.684264429139
10317.000012984	259.363636364	5.90934292045	173.0	0.963848	0.794840406206
10317.000015581	139.681818182	4.93551835997	106.0	0.934294	0.733587502008
10317.000014802	224.666666667	5.3031116988	138.0	0.946614	0.746021446651
10317.000020067	294.714285714	5.37523182471	148.0	0.942762	0.745581052003
10317.000017353	397.777777778	6.43899455184	207.0	0.977594	0.836940984942
10317.000001059	224.636363636	5.0868618279	133.0	0.93493	0.721000452413
10317.000017088	267.454545455	5.4009566371	148.0	0.94624	0.749149257674
10317.000013213	176.045454545	5.42953868505	129.0	0.947408	0.774406318216
10317.000004602	266.583333333	5.27563761079	124.0	0.947548	0.758626500508
10317.000014399	231.65	5.2497654093	134.0	0.94275	0.742952044306
10317.000005008	237.5	5.48849306212	146.0	0.93819	0.763369539434
10317.000010104	269.84375	6.07541260042	176.0	0.967972	0.814460526086
10317.000010565	238.8	5.41225580874	138.0	0.941934	0.761375422094
10317.000027213	259.6	3.93657775289	100.0	0.842156	0.592513991941
10317.000007746	260.24	5.7210134554	158.0	0.95783	0.783294796579
10317.000027194	170.272727273	4.72305487989	119.0	0.913306	0.685015187063
10317.000015224	287.033333333	6.58728271774	197.0	0.979846	0.864240085711
10317.000013933	327.571428571	5.58692989527	145.0	0.955568	0.778133793232
10317.000018033	243.789473684	5.41800939908	141.0	0.941826	0.758872530171
10317.000006084	170.235294118	5.31476962747	112.0	0.95546	0.780739316272
10317.000023423	266.181818182	5.60805715341	150.0	0.951672	0.775791646398
10317.000002059	308.391304348	6.06324255634	171.0	0.971554	0.817385158868
10317.000005851	283.0	5.3491420092	150.0	0.945708	0.739974570981
10317.000003047	171.476190476	4.93788099114	120.0	0.922498	0.714920979678
10317.000008982	238.789473684	5.35130845078	136.0	0.947282	0.755038660611
10317.000010765	225.047619048	5.03243472441	135.0	0.896776	0.71111570669
10317.000012072	185.75	4.96118961116	122.0	0.913184	0.715824214586
10317.000002005	240.09375	5.91283730431	171.0	0.963532	0.797109040985
10317.000017183	259.0625	5.72999618464	170.0	0.950992	0.773342402098
10317.000008976	330.153846154	5.19687213512	139.0	0.925186	0.730006342521
10317.000012228	409.25	5.98227917804	170.0	0.97023	0.807391488666
10317.000011224	290.391304348	5.0549250821	153.0	0.88831	0.696521281716
10317.000023828	256.333333333	5.64871945723	159.0	0.955792	0.772434003356
10317.000003149	256.6	5.65966863078	169.0	0.947518	0.764729202726
10317.000013029	202.391304348	5.11005878414	128.0	0.936044	0.730008397734
10317.000026111	161.882352941	4.30520848671	101.0	0.889314	0.646601342998
10317.000003536	263.333333333	5.9340321911	166.0	0.966528	0.804610232439
10317.000011012	347.37037037	5.92835308271	182.0	0.9644	0.789626430506
10317.000010259	184.153846154	4.92663361792	108.0	0.93461	0.729343548111
10317.000006637	319.571428571	6.08438707608	192.0	0.96878	0.802164424082
10317.000012113	269.363636364	4.15102904757	103.0	0.865314	0.62080740601
10317.000013079	230.65	5.31516570016	133.0	0.945668	0.753359734178
10317.000001488	149.333333333	3.02879827313	81.0	0.662274	0.477739737021
10317.000004162	209.5	5.54290943565	130.0	0.960652	0.789322004092
10317.000012906	287.714285714	5.13718925893	141.0	0.941914	0.719539506807
10317.000012976	241.37037037	5.88028150715	157.0	0.968718	0.806112025501
10317.000009533	137.5	3.80675041644	78.0	0.816068	0.605649453111
10317.000014309	245.285714286	5.4975901731	154.0	0.941074	0.756536626239
10317.000013778	283.088235294	6.05955226104	183.0	0.968112	0.80625256349
10317.000010732	334.0	5.45715915654	160.0	0.950716	0.745317228716
10317.000002371	335.5	5.72169775768	178.0	0.94954	0.765369419672
10317.000006021	186.103448276	5.07874575746	133.0	0.919402	0.719850098687
10317.000002329	293.0	5.76351562852	173.0	0.93963	0.775225801756
10317.000010761	284.857142857	5.74948810873	172.0	0.942828	0.774209955966
10317.000009129	328.833333333	5.76752992982	162.0	0.956264	0.78578307834
10317.000014323	206.763157895	5.4789451379	157.0	0.943666	0.75109389871
10317.000006894	249.047619048	5.6132043321	150.0	0.950956	0.776503682335
10317.000014241	141.896551724	4.81593254467	115.0	0.91588	0.703519033529
10317.000001685	199.058823529	4.87237185267	118.0	0.92512	0.707921625127
10317.000011302	269.111111111	5.22238767145	155.0	0.924346	0.717743042939
10317.000012231	233.105263158	5.21991487508	127.0	0.949074	0.746909484264
10317.000015577	265.037037037	6.22265092016	173.0	0.974064	0.836982123334
10317.000001579	243.444444444	5.57500533409	154.0	0.95366	0.76718991302
10317.000002202	285.5	6.06704333884	178.0	0.971908	0.811564964812
10317.000017662	296.0	6.01994915221	180.0	0.967558	0.803532727458
10317.000003432	188.571428571	4.54635508462	108.0	0.867212	0.673046750691
10317.000011116	282.384615385	6.29448327456	193.0	0.976304	0.829044305903
10317.000006737	332.0	6.08113231703	194.0	0.960756	0.800158165403
10317.000006841	285.121212121	5.98500649554	182.0	0.962802	0.797172376491
10317.000013563	345.0	5.13873815533	171.0	0.875672	0.692752807503
10317.000013295	294.04	6.01573397294	177.0	0.951536	0.805577361123
10317.000016699	317.176470588	6.52145803657	202.0	0.979376	0.851564108834
10317.000017217	337.6	6.48250005096	195.0	0.980818	0.852138632556
10317.000016702	308.794117647	6.15112395468	191.0	0.972684	0.811769281412
10317.000006728	133.0	4.25987784001	88.0	0.874868	0.659481838575
10317.000002498	249.028571429	6.04798399408	176.0	0.959258	0.810783489049
10317.000013286	239.576923077	5.1670813785	144.0	0.93265	0.720660450069
10317.000022964	265.142857143	5.28565405772	140.0	0.945062	0.741400509021
10317.000002466	235.44	5.2376059522	147.0	0.913964	0.727478376979
10317.000017644	340.047619048	5.67367667907	166.0	0.95651	0.769307978878
10317.000017173	211.032258065	5.30848499679	146.0	0.939304	0.738333036267
10317.000013332	368.322580645	6.63671896129	215.0	0.979092	0.856550564774
10317.000002173	186.25	4.63882962706	100.0	0.910044	0.69821343126
10317.000011329	301.307692308	5.65556462698	164.0	0.955988	0.768674774358
10317.000007039	368.476190476	5.95951879925	182.0	0.962494	0.793777545186
10317.000002886	304.8	5.71800446747	162.0	0.962308	0.779035602257
10317.000006887	370.8	5.9322264766	175.0	0.960512	0.796142585086
10317.000009126	230.25	5.05462544046	144.0	0.908518	0.704976054762
10317.000022636	200.0	4.75872814997	123.0	0.907282	0.685447347112
10317.000014233	283.555555556	6.27708200454	178.0	0.974548	0.839661026239
10317.000023088	254.516129032	5.74039344114	165.0	0.96029	0.779275366212
10317.000004974	434.5	6.0560777818	187.0	0.965208	0.802459583077
10317.000002414	146.375	3.68959632185	72.0	0.841606	0.597996948259
10317.000006027	271.714285714	5.46409493644	156.0	0.948166	0.750005939589
10317.000017098	335.272727273	6.00246805474	173.0	0.970528	0.80736626916
10317.000003841	207.882352941	4.57140632521	114.0	0.909076	0.669029695449
10317.000014559	185.636363636	5.09282389115	123.0	0.934288	0.733570507809
10317.000003761	241.8	5.99319263721	156.0	0.970892	0.822630303334
10317.000014799	386.526315789	5.98114939412	171.0	0.970412	0.806318187388
10317.000002208	254.0	5.81902971491	177.0	0.960514	0.779236353056
10317.000016313	231.75	5.47161766995	132.0	0.950632	0.776733609341
10317.000022899	247.651162791	5.72600009864	176.0	0.955088	0.767618820224
10317.000004793	242.933333333	6.06996839377	167.0	0.967766	0.822076312015
10317.000003837	291.352941176	5.30604275411	141.0	0.943502	0.743189941806
10317.000010285	191.0	4.71042599819	97.0	0.934696	0.713710333882
10317.000005848	225.526315789	4.543898842	126.0	0.863382	0.651242159097
10317.000005907	314.64	5.6288416855	165.0	0.951236	0.764131885871
10317.000013421	292.916666667	5.87622548226	189.0	0.951166	0.777048017323
10317.000020072	180.714285714	5.00291274765	110.0	0.929704	0.737744782609
10317.000001477	177.125	5.1933391119	118.0	0.934246	0.754555927811
10317.000014132	399.038461538	5.94845448989	197.0	0.948506	0.780426928443
10317.000003382	365.028571429	6.05361196311	203.0	0.962656	0.789738640096
10317.000003221	127.625	4.20216505571	86.0	0.857662	0.653904751222
10317.000014607	170.928571429	3.72079444797	97.0	0.789434	0.563764179458
10317.000017125	388.071428571	6.56404778818	232.0	0.975692	0.835335156989
10317.000013826	274.916666667	4.99348397912	153.0	0.901672	0.688055273792
10317.000004872	172.5	5.33634629947	123.0	0.94717	0.768647482892
10317.000001118	321.777777778	5.95084955544	180.0	0.96421	0.794309429046
10317.000014293	240.8	5.51321873282	140.0	0.956646	0.773320223046
10317.000016721	304.181818182	6.48871099969	196.0	0.98028	0.852128463529
10317.000016763	267.884615385	5.93245232418	164.0	0.965468	0.806307902473
10317.000012173	199.461538462	5.04012722864	109.0	0.942122	0.744679368467
10317.000004641	209.777777778	5.41086067146	142.0	0.945028	0.756790496366
10317.000013509	253.0	5.57741400354	148.0	0.957784	0.773625089266
10317.000012951	276.035714286	5.5173072999	166.0	0.942082	0.748105464555
10317.000023799	247.689655172	5.80153692429	162.0	0.959238	0.790416278536
10317.000004705	279.111111111	5.06865638192	165.0	0.872386	0.688085076176
10317.000014605	362.84	5.85793984435	188.0	0.954434	0.775414778933
10317.000015455	278.913043478	5.69392754204	155.0	0.963124	0.782549503677
10317.000007651	214.461538462	3.97754796387	96.0	0.863218	0.604035021223
10317.000001827	237.037037037	5.08017453343	145.0	0.905526	0.70755415838
10317.000012872	203.071428571	5.03283738254	112.0	0.9419	0.739323487634
10317.000014666	305.25	6.1673250154	194.0	0.966608	0.81149943999
10317.000017146	228.230769231	4.80612254565	138.0	0.892646	0.6761069157
10317.000006636	234.03125	5.81550830976	167.0	0.94944	0.787613923771
10317.000017276	137.857142857	3.1399243532	67.0	0.71466	0.517619219668
10317.000004161	216.032258065	5.75876926806	151.0	0.961244	0.795585419088
10317.000023299	206.0	4.92718016231	122.0	0.928792	0.710917168308
10317.000013733	275.473684211	5.4180109091	152.0	0.940798	0.747525537342
10317.000010304	323.416666667	6.30418802713	202.0	0.970122	0.823193253586
10317.000012034	149.583333333	4.71225775143	91.0	0.927218	0.724094414768
10317.000015874	308.555555556	5.55399761683	170.0	0.949566	0.749588956056
10317.000023823	169.416666667	4.13459015114	112.0	0.85755	0.607371027144
10317.000014391	393.954545455	6.20473403454	191.0	0.972126	0.818844251177
10317.000018411	208.1	4.18747242325	100.0	0.824624	0.630277402706
10317.000002963	200.0	4.33871184681	98.0	0.89865	0.655918694705
10317.000014646	247.857142857	5.33713001507	154.0	0.934754	0.734455317379
10317.000001793	307.0	5.64732771275	175.0	0.94882	0.757907355997
10317.000013214	263.0	4.66143898356	119.0	0.905998	0.676078635228
10317.000023154	254.076923077	5.4989947803	153.0	0.950112	0.757709922564
10317.000009222	221.115384615	5.68554482314	146.0	0.961678	0.790776572722
10317.000010738	223.09375	5.69782094536	154.0	0.962582	0.784090865124
10317.000027198	238.769230769	4.35541681152	116.0	0.875336	0.635087325937
10317.000007734	295.111111111	5.74355674043	166.0	0.960496	0.778783190775
10317.000006818	210.75	3.70578412041	87.0	0.798606	0.575169427265
10317.000026639	347.888888889	5.80019992729	186.0	0.946406	0.769343115408
10317.000005041	159.066666667	4.65464389251	96.0	0.925638	0.70685958986
10317.000013312	262.1	5.4141643027	162.0	0.935544	0.737639638491
10317.000001285	314.4	5.8865246409	198.0	0.948962	0.771562391698
10317.000018306	186.9	4.92615878242	118.0	0.90947	0.715736490632
10317.000017215	340.517241379	6.41398266797	193.0	0.980012	0.844783531403
10317.000016698	307.25	6.35178234613	196.0	0.97664	0.834146339935
10317.000009098	244.0	5.06424113223	142.0	0.899312	0.708310524496
10317.000012013	191.0	5.07257256174	134.0	0.92666	0.717875535535
10317.000014909	149.75	4.17743064792	98.0	0.864412	0.631536491602
10317.000014979	309.096774194	5.89412103862	177.0	0.96554	0.789291962342
10317.000014538	205.55	4.19316259666	120.0	0.829086	0.607098453148
10317.000004278	152.5	4.14667368039	91.0	0.843216	0.637185699558
10317.000009556	196.103448276	5.45629266999	143.0	0.94826	0.762065742992
10317.000022663	336.555555556	5.7254039318	161.0	0.952282	0.780994250378
10317.000001141	261.181818182	5.21666377142	145.0	0.935368	0.726564042248
10317.000002359	200.25	5.35927523544	126.0	0.953664	0.768103801797
10317.000004823	185.142857143	4.79335825942	122.0	0.908984	0.691608702792
10317.000014236	235.157894737	5.6375417772	142.0	0.955806	0.78849526885
10317.000001799	215.047619048	4.72424358521	125.0	0.885138	0.678206988925
10317.000023213	278.0	5.42623053442	140.0	0.949308	0.761118687745
10317.000013652	301.352941176	5.58131917946	151.0	0.95233	0.771070336691
10317.000010205	180.0	5.19801326315	127.0	0.936024	0.743775616746
10317.000005989	337.142857143	5.72306292541	159.0	0.963484	0.782600099086
10317.000011072	136.909090909	3.75029847371	73.0	0.87888	0.605881222971
10317.000017111	191.6875	4.50274794168	112.0	0.890546	0.661453382882
10317.000011369	352.37037037	6.06979417311	187.0	0.964562	0.804277071234
10317.000013178	180.0	3.54056607839	96.0	0.717238	0.537674448109
10317.000013905	145.4375	4.02366922695	89.0	0.844002	0.621345716257
10317.000012914	315.333333333	5.49346588163	186.0	0.935564	0.728657668483
10317.000003423	180.214285714	4.06154179271	103.0	0.815682	0.607424134074
10317.000013306	234.230769231	5.32588084843	144.0	0.936972	0.742808446024
10317.000002489	268.769230769	5.59958131685	128.0	0.96711	0.799940188122
10317.000004759	157.894736842	3.78011540407	96.0	0.844674	0.574052684986
10317.000004734	240.028571429	6.06193226468	173.0	0.967008	0.815364545351
10317.000002687	227.9375	4.71750454139	121.0	0.881834	0.681832315455
10317.000004158	203.75	4.92899770605	130.0	0.916644	0.701899677899
10317.000004157	184.913043478	5.14989469202	125.0	0.92905	0.739312973466
10317.000001321	266.130434783	5.74568288842	155.0	0.960948	0.789662541264
10317.000003022	309.956521739	5.71919182769	162.0	0.962124	0.779197371261
10317.000003757	256.476190476	5.5707850443	148.0	0.956324	0.772705607732
10317.000013103	199.882352941	3.65665273911	106.0	0.751376	0.543504157608
10317.000002087	255.5	5.35682658237	151.0	0.93456	0.740056238258
10317.000023258	258.222222222	5.30070772889	147.0	0.951322	0.736242911484
10317.000009214	248.894736842	4.74029858063	136.0	0.883234	0.668828703135
10317.000013829	261.777777778	5.34804146548	159.0	0.931656	0.731317798764
10317.000016757	248.043478261	5.53424553109	149.0	0.945932	0.766604286269
10317.000003092	217.576923077	5.86203426513	154.0	0.965444	0.806688655611
10317.000014593	264.870967742	5.73799457911	168.0	0.953814	0.776210523837
10317.000006047	256.896551724	5.35923239593	156.0	0.941072	0.735612425358
10317.000001065	272.375	5.16589762786	130.0	0.943842	0.735634726834
10317.000010098	375.125	5.19511245241	152.0	0.915358	0.71677213145
10317.000009117	254.636363636	5.63924441478	148.0	0.959216	0.782201385984
10317.000006702	117.333333333	3.82495773714	76.0	0.839204	0.612196240899
10317.000026135	232.964285714	5.82022396813	154.0	0.964924	0.800935039929
10317.000009624	234.5	5.65542562051	143.0	0.960372	0.78987810737
10317.000020358	221.913043478	5.09102714421	137.0	0.916792	0.717244876425
10317.000009075	199.103448276	5.52579890985	136.0	0.960852	0.779658254811
10317.000001765	411.666666667	6.08333956896	174.0	0.974358	0.817329806729
10317.000012996	282.666666667	5.47516822852	151.0	0.945674	0.756405371859
10317.000016353	330.965517241	5.56455848019	177.0	0.9454	0.745159669036
10317.000008949A	248.161290323	5.88052932433	168.0	0.960744	0.795491993648
10317.000005571	129.230769231	3.2876916922	78.0	0.720952	0.523067828871
10317.000004792	153.0	5.22371843884	114.0	0.941578	0.764496198243
10317.000011039	282.24137931	5.85181357186	176.0	0.953142	0.78448518212
10317.000006626	218.538461538	5.33157410274	141.0	0.944474	0.746765985646
10317.000017126	216.181818182	5.15560453841	133.0	0.935222	0.730743890913
10317.000014608	198.5	4.76414805007	132.0	0.883378	0.676303450566
10317.000013258	196.2	5.40404778702	143.0	0.938504	0.754768840504
10317.000015264	327.0	5.20456762692	147.0	0.931792	0.722889511861
10317.000007732	188.789473684	5.05623428033	119.0	0.93381	0.733338349744
10317.000027644	261.777777778	5.44262407095	159.0	0.924726	0.744251494825
10317.000007697	302.666666667	6.10248584407	184.0	0.969948	0.811116580114
10317.000004881	176.666666667	5.02931541198	114.0	0.930816	0.73604512901
10317.000006651	192.576923077	4.00553709652	129.0	0.74808	0.571303275532
10317.000023808	323.615384615	5.82401220431	173.0	0.964112	0.783362937055
10317.000004642	148.111111111	2.93657043243	70.0	0.737326	0.479105047738
10317.000002345	348.894736842	5.36830639672	161.0	0.92854	0.732283080817
10317.000001353	299.0	5.49001536248	156.0	0.952224	0.753563797517
10317.000011077	225.55	5.2294954596	131.0	0.941196	0.743520680963
10317.000028759	195.555555556	5.16887706913	119.0	0.942384	0.749675661717
10317.000004631	293.517241379	6.05914462252	179.0	0.967146	0.809633053894
10317.000009433	387.2	4.77479286099	101.0	0.92237	0.717128447085
10317.000009061	275.567567568	6.07523514644	188.0	0.964066	0.804178131427
10317.000013995	372.24	6.19777279971	186.0	0.97331	0.822077496308
10317.000015155	268.25	5.43463648169	144.0	0.953772	0.757976754373
10317.000022965	325.078947368	6.02908961806	200.0	0.965028	0.788749744681
10317.000016701	364.25	6.13591382577	186.0	0.971658	0.813872472979
10317.000010714	358.352941176	5.8667475668	163.0	0.966066	0.79833509196
10317.000002529	229.677419355	5.58671297642	154.0	0.950912	0.768801029882
10317.000021223	188.0	5.60157015335	139.0	0.955954	0.786854406594
10317.000012401	350.53125	6.36233430287	202.0	0.974836	0.830785923998
10317.000022638	186.0	4.31240532356	102.0	0.871952	0.646302521578
10317.000013972	346.055555556	5.66665864371	157.0	0.956868	0.776827039921
10317.000017163	334.105263158	5.32594198983	155.0	0.941272	0.731975113835
10317.000001126	242.142857143	5.26609193604	140.0	0.933564	0.738656597517
10317.000009472	271.0	5.77947113181	181.0	0.943958	0.770611985743
10317.000001026	321.607142857	6.24320225483	188.0	0.972124	0.826411916969
10317.000010919	258.551724138	5.06474531487	155.0	0.898108	0.696077339084
10317.000014311	245.625	5.26083859395	145.0	0.938546	0.732716602397
10317.000005039	190.055555556	4.95391002023	122.0	0.9223	0.714773880317
10317.000001025	299.666666667	4.86161576638	134.0	0.885082	0.688020719148
10317.000004249	191.5	5.46921256103	142.0	0.95017	0.764951888453
10317.000017176	168.136363636	5.01610005985	119.0	0.928714	0.727517424253
10317.000002258	223.5	4.82948215966	126.0	0.91163	0.69217262495
10317.000013118	290.5	6.0729533987	172.0	0.972206	0.817766885412
10317.000013431	268.823529412	6.40316728818	185.0	0.97899	0.85019824341
10317.000021159	342.25	5.52104405305	164.0	0.95182	0.750391441282
10317.000014197	364.583333333	6.3395669518	210.0	0.974244	0.821799998105
10317.000015541	217.526315789	4.51128131322	118.0	0.88662	0.655457689854
10317.000022661	297.5	5.71282418211	173.0	0.952492	0.768407512412
10317.000014258	330.941176471	6.09687004626	194.0	0.96916	0.802228942998
10317.000014324	259.2	5.04021875319	129.0	0.932642	0.718878246215
10317.000002369	350.875	3.91079909464	133.0	0.773966	0.554307943075
10317.000010757	254.0	5.76769128535	152.0	0.96456	0.795771104864
10317.000010305	323.37037037	6.33162692288	188.0	0.976996	0.838116679437
10317.000002372	226.65625	4.88370897453	149.0	0.87574	0.676491892479
10317.000013056	309.0	5.58207310258	155.0	0.95332	0.767176698976
10317.000013852	277.774193548	5.68288695482	168.0	0.958856	0.7687558082
10317.000012017	234.24137931	5.69603345721	158.0	0.953074	0.779874650349
10317.000021237	121.3125	2.26044667537	75.0	0.476678	0.362901344169
10317.000016489	179.555555556	4.01088994603	103.0	0.813116	0.59984889401
10317.000012355	301.222222222	5.9459244995	169.0	0.968286	0.803407831554
10317.000018409	221.965517241	5.43744257814	148.0	0.94011	0.754210104758
10317.000004077	132.0	4.38526050084	70.0	0.91765	0.715460599343
10317.000004294	251.774193548	5.78045193154	167.0	0.958984	0.782866120117
10317.000022993	376.24	6.106749134	190.0	0.96985	0.806719368238
10317.000010847	241.260869565	5.58774859871	148.0	0.95942	0.775058567596
10317.000008963	154.066666667	3.85240369298	91.0	0.811694	0.591967618213
10317.000013372	194.875	4.67002278195	112.0	0.915978	0.686026046154
10317.000016407	230.724137931	5.80953548323	159.0	0.960124	0.79442478688
10317.000006657	277.4	5.34919172241	146.0	0.946376	0.743994749608
10317.000017327	323.2	5.8166493756	177.0	0.950938	0.778917597695
10317.000010764	205.2	5.05504834352	132.0	0.911814	0.717598739916
10317.000005805	312.8	5.76657404152	170.0	0.954874	0.778279090849
10317.000018032	321.681818182	5.85211657857	167.0	0.96321	0.792571905207
10317.000012988	111.2	3.72987618825	76.0	0.808264	0.596978146789
10317.000013732	171.352941176	4.29780853748	105.0	0.887828	0.640102976005
10317.000011093	307.0	6.40592640074	187.0	0.9785	0.848816216363
10317.000003078	326.96875	6.51072266532	199.0	0.981128	0.852565497039
10317.000004979	281.136363636	5.43795510947	155.0	0.92994	0.747369726874
10317.000014188	205.391304348	5.33348708562	136.0	0.933454	0.752524169097
10317.000012921	215.538461538	5.41075488489	138.0	0.955848	0.761164277873
10317.000011223	424.933333333	6.39069530419	214.0	0.974614	0.825514765537
10317.000013608	214.454545455	4.98314514545	134.0	0.917	0.70521967826
10317.000009594	282.0	4.85064366489	136.0	0.908674	0.684397756085
10317.000022994	396.038461538	6.30897549354	194.0	0.978166	0.830137874544
10317.000002494	198.352941176	4.23505954089	111.0	0.814522	0.623314737307
10317.000005887	229.65	4.97703892773	132.0	0.922334	0.706524768973
10317.000009427	137.9375	4.33870054099	94.0	0.880046	0.661933286613
10317.000004078	243.689655172	5.41820010157	158.0	0.936514	0.741834987711
10317.000014803	226.55	5.22850886396	132.0	0.939544	0.742222649013
10317.000002244	240.888888889	5.49444870075	154.0	0.939048	0.756104320662
10317.000002506	221.0	3.85029874354	107.0	0.825194	0.571136631138
10317.000028817	349.285714286	5.62150660923	167.0	0.948376	0.761339618511
10317.000027879	284.125	5.56982509862	159.0	0.937616	0.761645596227
10317.000002325	340.461538462	4.21788227316	127.0	0.850592	0.603530200918
10317.000026127	200.214285714	5.35672877976	137.0	0.947806	0.754678017393
10317.000031851	366.24	5.46668027919	180.0	0.934704	0.729683325193
10317.000036428	226.0	5.42395773952	146.0	0.947398	0.754393614907
10317.000042001	187.4	5.2945963236	128.0	0.946424	0.756370903372
10317.000026648	175.461538462	4.56350673777	106.0	0.864924	0.678293800973
10317.000027761	349.724137931	6.32481461496	199.0	0.973724	0.828221227208
10317.000030744	188.115384615	5.28789002761	131.0	0.938036	0.751823120329
10317.000039842	212.291666667	5.66055063702	141.0	0.9643	0.792844025853
10317.000041636	187.217391304	4.98831031357	125.0	0.921802	0.716116105483
10317.000021239	228.625	4.94184864122	118.0	0.936554	0.718016117613
10317.000036165	253.666666667	5.80330901833	159.0	0.965106	0.793573349091
10317.000027762	130.714285714	4.5053111051	93.0	0.880156	0.688974107411
10317.000023342	282.0	5.24095236679	136.0	0.937996	0.739468055662
10317.000041617	283.636363636	6.17840017491	183.0	0.970654	0.822065849868
10317.000029227	204.0	5.3958996886	128.0	0.951384	0.770842812658
10317.000030751	249.772727273	4.3288206534	127.0	0.86317	0.61940420085
10317.000042989	199.034482759	5.25773418067	144.0	0.932936	0.733303929903
10317.000011074	249.6	5.79457831879	153.0	0.966888	0.798438562798
10317.000026658	337.15	5.9871011527	167.0	0.969358	0.810853321795
10317.000036106	97.4	3.7764090601	74.0	0.846612	0.608170935142
10317.000014136	293.956521739	5.82367442774	160.0	0.967844	0.795374435841
10317.000031222	361.230769231	5.32116792933	142.0	0.93756	0.744245613221
10317.000005898	284.25	6.38043146576	192.0	0.978066	0.841194859586
10317.000030756	187.875	4.31434210098	119.0	0.860984	0.625736930125
10317.000038402	218.0	5.3890818171	138.0	0.951578	0.758115393689
10317.000033785	303.103448276	6.05415950864	180.0	0.968364	0.808099068521
10317.000028955	331.6875	6.33681108275	198.0	0.974446	0.830582629481
10317.000035491	371.620689655	5.91138521171	194.0	0.957166	0.777822763821
10317.000031319	171.896551724	5.55214378325	133.0	0.95593	0.786948479243
10317.000036399	107.0	3.98201575606	78.0	0.876078	0.633533959706
10317.000002326	183.473684211	4.93654082994	119.0	0.910264	0.715978434732
10317.000036934	150.0	4.43522815436	85.0	0.904354	0.691989020259
10317.000036101	271.25	5.48234229295	147.0	0.947676	0.761471082345
10317.000039907	242.736842105	6.61500236031	188.0	0.983286	0.875627051344
10317.000040048	256.037037037	5.57774135312	156.0	0.951278	0.765605135524
10317.000043083	325.166666667	4.77268069035	162.0	0.878482	0.650242264961
10317.000036085	169.0	4.5594004706	120.0	0.888738	0.660123453164
10317.000042009	201.875	5.56795149724	140.0	0.949758	0.780997399599
10317.000040002	161.5	5.04054352406	112.0	0.939458	0.740455519327
10317.000036124	135.882352941	3.27802838994	90.0	0.669856	0.504944942731
10317.000040003	289.24	5.79900442806	166.0	0.95797	0.786301481103
10317.000037487	235.483870968	5.42430806599	162.0	0.912888	0.739021650832
10317.000033728	231.916666667	4.77028930931	137.0	0.894948	0.672058008974
10317.000036081	156.142857143	5.30189675706	119.0	0.940954	0.768968367122
10317.000037612	167.25	4.37104323135	106.0	0.867536	0.649687115189
10317.000043003	217.0	5.27113108648	130.0	0.932534	0.750620193477
10317.000028718	225.4	5.00085409532	119.0	0.936722	0.725306203441
10317.000030771	129.0	3.5124256079	67.0	0.805784	0.579026370635
10317.000034241	272.965517241	5.62718036201	164.0	0.954608	0.764816933469
10317.000009144	146.111111111	4.23980328003	80.0	0.884048	0.670650348501
10317.000004765	258.0	5.69830077786	153.0	0.960898	0.785172420349
10317.000009566	180.045454545	4.46196662791	115.0	0.87729	0.651811133272
10317.000006675	286.28125	6.3171280583	190.0	0.975172	0.834511037615
10317.000031829	133.625	3.78424631017	92.0	0.77242	0.580088966067
10317.000033666	208.375	4.89828363177	127.0	0.921896	0.70088777092
10317.000031926	320.928571429	5.39504856582	128.0	0.96234	0.770721223688
10317.000027821	187.636363636	5.13669183686	125.0	0.932986	0.737417586727
10317.000013063	208.142857143	4.80678957927	121.0	0.908338	0.694736897439
10317.000010852	159.235294118	4.39665495053	101.0	0.895178	0.660335731587
10317.000016754	322.25	5.79597539068	177.0	0.945896	0.776149108547
10317.000014234	155.571428571	4.56349758496	97.0	0.903744	0.691448159102
10317.000022526	161.05	4.80328274879	107.0	0.92677	0.712498148917
10317.000033713	220.666666667	3.46740151053	84.0	0.716744	0.542432623602
10317.000009621	222.5	4.76187473649	112.0	0.896	0.699519092366
10317.000001325	143.444444444	4.3258942715	116.0	0.796982	0.630782481691
10317.000014018	291.058823529	5.72069689814	149.0	0.96324	0.792431549689
10317.000013201	267.473684211	5.43228035429	144.0	0.947748	0.757648141814
10317.000010207	253.166666667	5.34808900164	134.0	0.94983	0.756866897301
10317.000006777	204.090909091	5.17589570106	143.0	0.936064	0.722903451417
10317.000014165	203.0	5.37087830954	133.0	0.943796	0.761256315199
10317.000002125	156.315789474	5.07614641357	111.0	0.94067	0.747105639899
10317.000014678	110.583333333	2.1404326329	61.0	0.569674	0.36090497877
10317.000002711	94.625	3.2976261145	71.0	0.72412	0.536221416981
10317.000021226	145.05	5.01066971957	108.0	0.936932	0.741784332894
10317.000013755	195.772727273	4.68265618023	118.0	0.91121	0.680357261977
10317.000016381	136.882352941	3.71528362306	91.0	0.79583	0.570897489621
10317.000001221	213.391304348	5.31043573953	139.0	0.938818	0.745958659481
10317.000009497	145.555555556	4.05584397894	93.0	0.875652	0.620239406336
10317.000002161	286.0	5.20932771419	126.0	0.95041	0.746612974011
10317.000043152	210.791666667	5.07320270521	132.0	0.931412	0.720175875916
10317.000039986	241.09375	6.11258471198	172.0	0.969996	0.823103526993
10317.000006736	280.526315789	5.50115320688	146.0	0.955548	0.765130381393
10317.000023343	84.0909090909	4.09051956732	65.0	0.899158	0.679221145954
10317.000036151	297.037037037	5.85066078939	171.0	0.96072	0.788727030856
10317.000038424	249.5	5.54380776663	149.0	0.94559	0.767928848165
10317.000036191	230.5	5.43015713533	148.0	0.946036	0.753199564508
10317.000005799	51.1666666667	1.77310377152	36.0	0.429514	0.342965085765
10317.000016719	209.0	5.82754527737	150.0	0.964818	0.806154577515
10317.000016723	199.576923077	5.4670948425	136.0	0.951434	0.771375450561
10317.000004927	165.111111111	3.33650978161	74.0	0.798964	0.537327456243
10317.000016717	200.75	5.814869382	137.0	0.967514	0.819222752735
10317.000009694	238.483870968	5.81631312737	165.0	0.95436	0.789581687877
10317.000002382	293.451612903	6.04951420449	181.0	0.967532	0.806618468642
10317.000001575	277.0	5.12244610113	133.0	0.923364	0.726044087953
10317.000001305	278.058823529	5.03102286169	136.0	0.916748	0.70984821711
10317.000012154	196.461538462	4.80645442678	106.0	0.926092	0.714404169794
10317.000010555	197.875	5.15729367221	129.0	0.924826	0.735576452499
10317.000001404	232.157894737	5.65586994355	139.0	0.962654	0.794481916028
10317.000001155	136.476190476	4.66390758358	103.0	0.89355	0.697510987193
10317.000006034	303.8	5.48181105937	161.0	0.948634	0.747766091269
10317.000013758	211.588235294	5.39072896209	121.0	0.958538	0.779135065577
10317.000001782	312.454545455	5.49967855956	180.0	0.94046	0.734087880374
10317.000015538	186.789473684	4.80318829767	117.0	0.917146	0.69911693101
10317.000014556	190.076923077	3.64575744258	92.0	0.796862	0.558859939882
10317.000010979	169.517241379	4.71494374635	122.0	0.90462	0.680294681029
10317.000013061	233.724137931	5.94389516603	162.0	0.968266	0.809811530712
10317.000005228	51.0	0.994138301745	31.0	0.234916	0.200665908143
10317.000002067	214.055555556	4.44524212192	119.0	0.87341	0.644722206521
10317.000010822	186.214285714	5.1253270531	109.0	0.942432	0.757267652174
10317.000012156	314.25	5.67315116745	169.0	0.95809	0.76655095064
10317.000008991	179.714285714	5.02218396672	119.0	0.932768	0.728399812602
10317.000001405	180.0	4.7355875962	94.0	0.930808	0.722484308834
10317.000010776	283.25	6.22135517044	182.0	0.974028	0.828652815985
10317.000013965	222.666666667	5.08401653095	121.0	0.93759	0.734805177759
10317.000003281	161.142857143	4.42422509943	81.0	0.912736	0.697843812932
10317.000018434	225.647058824	4.73922611074	125.0	0.8926	0.680357863101
10317.000002882	174.055555556	4.45721398874	106.0	0.895944	0.662495048632
10317.000002184	191.5	3.6375735728	112.0	0.700898	0.534359323768
10317.000002272	278.4	4.61697447146	122.0	0.891944	0.666159204511
10317.000002126	229.117647059	4.72054833211	125.0	0.901488	0.677676502631
10317.000012202	147.526315789	4.68331931693	100.0	0.926722	0.704909796835
10317.000001794	320.0	4.75718193024	135.0	0.899982	0.672220699409
10317.000013182	261.84375	5.94908402181	168.0	0.967268	0.804765769863
10317.000002276	226.0	4.9014932907	155.0	0.86339	0.67364066606
10317.000006839	195.272727273	4.20572892306	97.0	0.866478	0.637240070229
10317.000009198	262.75	4.98174402437	142.0	0.909712	0.696772059362
10317.000002793	193.384615385	5.50168171257	132.0	0.954186	0.781001406133
10317.000002922	175.454545455	4.94105105843	122.0	0.923508	0.71291852768
10317.000023223	279.956521739	4.78039089671	146.0	0.902716	0.664882829555
10317.000002709	164.153846154	2.88281012818	88.0	0.595424	0.446294704918
10317.000012211	312.714285714	4.39138765171	125.0	0.85782	0.630422573002
10317.000014897	188.8	4.4740674772	118.0	0.891332	0.650050779201
10317.000014594	158.142857143	3.63225353473	78.0	0.75895	0.577887207255
10317.000003838	162.894736842	4.24780680019	101.0	0.875284	0.637980155961
10317.000016737	314.576923077	5.89312806657	174.0	0.959862	0.79177385531
10317.000011192	223.105263158	4.86859414034	117.0	0.934954	0.708636926721
10317.000003578	204.55	5.82645906305	133.0	0.972096	0.825829315314
10317.000013798	161.0	5.23753755783	120.0	0.939172	0.758306141574
10317.000015605	232.375	5.43840759352	143.0	0.95152	0.759567782396
10317.000009219	272.0	4.69731102626	149.0	0.861066	0.650672028634
10317.000007005	150.75	3.3912133755	72.0	0.763838	0.549636077376
10317.000004636	183.25	5.44268083949	128.0	0.958004	0.777525834213
10317.000003088	228.375	5.49606776629	147.0	0.935742	0.763377484842
10317.000006703	129.789473684	2.78566574639	80.0	0.662262	0.440635468259
10317.000007865	168.0	4.61497709064	102.0	0.912732	0.691649116194
10317.000017746	184.0	4.76580133518	98.0	0.928974	0.720485319461
10317.000002805	149.789473684	4.08984592285	100.0	0.804212	0.61558315021
10317.000010918	274.24	6.21093832526	172.0	0.974592	0.836347548925
10317.000014668	215.666666667	5.45806398248	127.0	0.958434	0.780985868888
10317.000026105	134.272727273	4.05011010533	77.0	0.885984	0.646281803126
10317.000001301	173.6	3.10739368411	79.0	0.687146	0.492941269413
10317.000026638	145.25	4.0995657318	94.0	0.862864	0.625449715393
10317.000003491	304.5	6.04918558882	180.0	0.965584	0.807435158036
10317.000004703	232.315789474	5.21029610931	136.0	0.932912	0.735142635103
10317.000009097	232.666666667	3.92701520287	102.0	0.789214	0.588543895451
10317.000018414	131.217391304	4.61603978373	99.0	0.918974	0.69630283122
10317.000012201	332.055555556	4.60798255676	143.0	0.870782	0.643584547824
10317.000005017	215.037037037	5.58808705929	145.0	0.957696	0.778294960177
10317.000009019	77.2	3.99550362389	67.0	0.861334	0.658662195435
10317.000005885	251.333333333	4.97045726715	133.0	0.921586	0.70450152954
10317.000016414	166.928571429	4.38899066778	93.0	0.90101	0.671185819852
10317.000004864	191.25	5.73473478939	136.0	0.967954	0.809137898545
10317.000009221	178.965517241	5.51339932902	135.0	0.957442	0.779079128657
10317.000009105	143.565217391	5.15721272809	113.0	0.945306	0.756169707058
10317.000014563	267.230769231	4.65887786423	117.0	0.899884	0.678112160617
10317.000002035	140.076923077	3.030298002	77.0	0.67518	0.483548942081
10317.000003732	244.555555556	5.10827903331	129.0	0.936652	0.728585573853
10317.000014667	151.807692308	4.44642264776	112.0	0.862022	0.65317920083
10317.000013814	110.75	3.98215586084	72.0	0.874518	0.645413981516
10317.000018426	183.769230769	4.94482758556	111.0	0.930444	0.727778175906
10317.000015599	359.714285714	5.83244303602	169.0	0.964168	0.788074320929
10317.000002132	236.0	4.73850924534	159.0	0.843298	0.6479673303
10317.000003225	164.0	3.94357426036	86.0	0.85173	0.613665077754
10317.000009392	179.0	2.73516782381	68.0	0.660916	0.449311625408
10317.000009149	188.714285714	5.25465249678	128.0	0.943274	0.750664642398
10317.000013912	108.588235294	3.9901750063	83.0	0.84022	0.625905933488
10317.000012212	268.24137931	5.6004429685	162.0	0.951602	0.763018721949
10317.000007677	148.142857143	4.74918411192	101.0	0.927454	0.713282256688
10317.000017208	218.5	5.18508471101	127.0	0.945828	0.74192569037
10317.000013117	332.083333333	3.7617157093	125.0	0.715944	0.540027591378
10317.000012055	185.5	4.86785646964	115.0	0.905666	0.711104162509
10317.000005026	128.125	3.79402387845	70.0	0.857946	0.618999623277
10317.000009033	157.052631579	5.36327997687	116.0	0.94826	0.782049407935
10317.000013524	342.59375	5.96873905093	191.0	0.96089	0.787699783975
10317.000006092	252.0	5.42227496127	150.0	0.934194	0.75009143173
10317.000002274	118.0	3.64803575063	70.0	0.829138	0.595181482164
10317.000008999	104.230769231	2.97528829004	73.0	0.66098	0.480674090475
10317.000016761	257.105263158	4.79761839977	130.0	0.90498	0.683190987358
10317.000013277	228.272727273	4.17487891573	103.0	0.87084	0.624374274519
10317.000007693	143.0	4.69442503919	104.0	0.912918	0.700614472581
10317.000004025	75.875	2.88927040109	47.0	0.762632	0.520159183379
10317.000010737	253.5	5.80764903181	153.0	0.961336	0.800239584502
10317.000001128	245.476190476	5.3586117543	137.0	0.947258	0.754943298603
10317.000003559	321.235294118	5.31952972745	140.0	0.951062	0.746152132662
10317.000014798	205.772727273	4.82482826642	128.0	0.907998	0.689261180917
10317.000020104	233.875	5.29955778777	154.0	0.931396	0.729284912676
10317.000017117	128.0	2.94227549777	53.0	0.706366	0.513672548547
10317.000009766	140.0	4.69263149896	89.0	0.925246	0.724648651614
10317.000014561	255.615384615	5.92497250891	168.0	0.957952	0.801504071058
10317.000004923	104.0	3.76413017723	75.0	0.822698	0.604308836758
10317.000014172	172.714285714	3.36777343848	102.0	0.70368	0.504730029318
10317.000002056	280.24137931	5.93717305486	174.0	0.962592	0.797691539398
10317.000002243	156.666666667	4.71427619885	102.0	0.90227	0.706531127325
10317.000010274	205.032258065	5.56054000626	146.0	0.958284	0.773390221239
10317.000003507	170.666666667	4.41158522597	108.0	0.87004	0.653095292047
10317.000017766	142.130434783	4.38590101317	101.0	0.882884	0.658720592539
10317.000001275	130.272727273	2.4640311359	73.0	0.566816	0.398077701955
10317.000003189	170.681818182	4.74566873564	115.0	0.908826	0.693254785314
10317.000009693	126.1	3.41922318408	70.0	0.766798	0.557850432853
10317.000022444	190.25	3.15357966421	72.0	0.76932	0.511121231371
10317.000016315	151.909090909	3.02660816427	81.0	0.651354	0.47739428581
10317.000011315	227.0	5.45850857393	128.0	0.95448	0.779786939134
10317.000013913	158.153846154	3.17895245068	82.0	0.742226	0.500027754137
10317.000013498	164.066666667	3.97352391763	92.0	0.869084	0.609103423006
10317.000002589	254.0	5.44566697219	139.0	0.958416	0.764954635325
10317.000004086	281.941176471	6.36666830812	189.0	0.976048	0.841902170146
10317.000013551	140.75	3.07786547866	89.0	0.66839	0.475292182959
10317.000006766	239.047619048	5.42910752317	140.0	0.946788	0.761522233058
10317.000011962	216.5	3.28222341279	89.0	0.714836	0.506849679312
10317.000002199	176.461538462	4.16698653176	86.0	0.892342	0.648430572163
10317.000012052	190.5	4.90791577155	117.0	0.909708	0.71436029554
10317.000010263	261.434782609	5.28925720708	144.0	0.943022	0.737700492825
10317.000010556	184.5625	4.03369190951	108.0	0.800138	0.597151604407
10317.000040007	125.777777778	5.20521222386	105.0	0.950184	0.775249014973
10317.000036451	249.444444444	5.82008864587	160.0	0.959278	0.794884703925
10317.000023129	236.375	5.53937370287	147.0	0.94929	0.769392471984
10317.000028914	159.5	4.58623172718	98.0	0.918906	0.693338307388
10317.000038479	189.769230769	4.65874794321	103.0	0.916972	0.696739336858
10317.000026549	156.05	4.51806902268	102.0	0.9041	0.677125451559
10317.000042999	279.473684211	5.98833890473	156.0	0.971896	0.821964076222
10317.000041554	264.333333333	6.00651715408	167.0	0.971114	0.81348289641
10317.000037489	269.454545455	5.6713941934	150.0	0.963532	0.784553387798
10317.000031493	221.0	5.07987060989	122.0	0.927752	0.732948077885
10317.000023972	333.837837838	6.37277147974	208.0	0.97488	0.827585399407
10317.000039813	145.05	4.525209596	102.0	0.879756	0.67819561315
10317.000012123	400.027777778	5.79512480463	205.0	0.951118	0.754624626868
10317.000009455	131.75	5.09052202909	102.0	0.945034	0.76291929369
10317.000018344	256.666666667	4.50211729642	118.0	0.905212	0.65412622217
10317.000010548	194.272727273	5.03243133905	96.0	0.950528	0.764230827207
10317.000010161	126.615384615	4.9615297575	86.0	0.947878	0.772070549049
10317.000023819	180.2	4.4554766787	105.0	0.860332	0.663585605706
10317.000008950B	126.0	3.47100494424	84.0	0.766474	0.542996336801
10317.000001067	50.4285714286	2.02641599669	31.0	0.63837	0.409030217968
10317.000009526	151.588235294	5.37549340586	108.0	0.95511	0.795793179996
10317.000013166	116.111111111	4.09864300279	71.0	0.879892	0.666473421287
10317.000010876	134.714285714	5.02587937783	97.0	0.943162	0.761506931683
10317.000010993	217.0	4.56547247634	124.0	0.864072	0.656506125592
10317.000015613	117.5	2.98162296772	65.0	0.753844	0.495091475693
10317.000018335	175.05	5.35127100495	121.0	0.954196	0.773432111813
10317.000015525	230.8	5.54147981593	145.0	0.955322	0.771803618466
10317.000001622	127.769230769	4.23518170854	82.0	0.893102	0.666165484051
10317.000012936	153.75	1.58518704852	45.0	0.411462	0.288643381517
10317.000009111	91.2	2.68702899139	45.0	0.708234	0.489275467544
10317.000002271	111.153846154	3.43047697416	73.0	0.789906	0.554212311113
10317.000002465	244.230769231	5.83697901147	154.0	0.96686	0.803240741802
10317.000001747	194.272727273	4.33566951094	96.0	0.879648	0.658419772393
10317.000002038	123.8	3.69125473444	71.0	0.84043	0.600228702532
10317.000013724	167.0	4.63111989575	111.0	0.910728	0.681606776336
10317.000023378	143.136363636	4.3838100808	104.0	0.857652	0.654257073448
10317.000012307	188.0	4.4237447817	104.0	0.860022	0.660217085414
10317.000020347	302.545454545	6.07332105435	173.0	0.967974	0.816896402671
10317.000020368	255.5	5.5050754653	149.0	0.954798	0.762563645618
10317.000010567	224.9375	4.86479548333	118.0	0.922354	0.706820831538
10317.000020063	172.136363636	5.09324776053	123.0	0.927118	0.733631561966
10317.000010178	188.5625	4.62643081679	112.0	0.893942	0.679622389278
10317.000011259	134.882352941	3.65342890557	89.0	0.74927	0.564172219953
10317.000005025	200.25	4.20808400601	94.0	0.873956	0.642005791855
10317.000013165	277.619047619	5.11792408692	149.0	0.911086	0.70893539504
10317.000016738	296.15	5.22284378862	146.0	0.914918	0.726421590103
10317.000001225	62.0909090909	2.2943200226	43.0	0.634866	0.422817559835
10317.000003137	182.894736842	4.64517362472	121.0	0.870144	0.671378153523
10317.000009642	200.111111111	3.33801076468	80.0	0.758904	0.52800517731
10317.000015394	121.125	3.48186436528	63.0	0.84053	0.582516530904
10317.000001086	85.0714285714	2.45243740858	60.0	0.622004	0.415182466796
10317.000001756	123.375	3.5994450772	69.0	0.83352	0.589249515602
10317.000012999	163.875	4.58139551516	102.0	0.90922	0.686616227288
10317.000001248	230.636363636	5.07387684996	139.0	0.911734	0.712729154256
10317.000016739	196.714285714	4.98815761281	126.0	0.89703	0.714914360252
10317.000010559	161.142857143	5.1383941798	114.0	0.943136	0.752008911185
10317.000001654	155.0	3.17126762339	86.0	0.758984	0.493485367385
10317.000011375	92.8	2.66024933048	55.0	0.660964	0.460142503199
10317.000042586	266.0625	6.07423659181	177.0	0.970598	0.813411548196
10317.000041282	136.714285714	4.88454133835	99.0	0.918852	0.736804733593
10317.000001208	115.5	4.06088671354	69.0	0.898988	0.66479012113
10317.000027729	253.625	5.73239149493	153.0	0.962768	0.78986980153
10317.000013573	212.195652174	5.92975502501	175.0	0.952282	0.795810900538
10317.000010544	139.0	2.0662676009	34.0	0.587974	0.406148932262
10317.000005878	111.0	0.784810002123	36.0	0.168908	0.151802976233
10317.000012987	157.0	4.54915447584	92.0	0.91738	0.697342112558
