	chao1	shannon	observed_otus	simpson	equitability
10317.000002503	317.75	5.2577910655	139.0	0.929258	0.738563644759
10317.000013618	414.357142857	6.50427810815	208.0	0.980022	0.844663207066
10317.000031796	322.833333333	6.29719050955	204.0	0.970414	0.820756179288
10317.000026504	367.055555556	5.88309538875	164.0	0.966156	0.799599565868
10317.000007104	272.058823529	5.54829818851	142.0	0.95485	0.776013206589
10317.000007077	285.4	5.62411298802	154.0	0.95832	0.773947735567
10317.000016408	283.525	6.19758504436	190.0	0.972078	0.818719056879
10317.000005802	154.5	4.25867504979	90.0	0.885866	0.656002991226
10317.000006952	211.535714286	5.68685779063	144.0	0.966042	0.793154431808
10317.000013023	281.0	5.71099914919	143.0	0.964842	0.797639912865
10317.000002645	200.8	4.61985795109	130.0	0.888734	0.657877524234
10317.000002027	231.896551724	5.57004291494	151.0	0.955742	0.769512498338
10317.000027353	370.777777778	6.31465038908	222.0	0.958738	0.810150561294
10317.000023798	284.615384615	5.9017778001	175.0	0.955938	0.792056178724
10317.000041962	450.047619048	6.22538578913	195.0	0.973542	0.818340407525
10317.000040352	210.833333333	4.01070355071	119.0	0.765728	0.581698267945
10317.000028811	243.24	4.82894348067	141.0	0.914632	0.676365116283
10317.000027772	388.0	6.75821277056	229.0	0.982148	0.862104488318
10317.000027617	334.928571429	5.26187147251	142.0	0.934408	0.735952109153
10317.000039924	265.0625	5.44769611498	131.0	0.960594	0.774544075309
10317.000039952	82.25	4.43547161497	68.0	0.909104	0.728624014739
10317.000026028	286.161290323	5.86583720621	171.0	0.966766	0.79077296218
10317.000001441	274.0	4.86732550517	140.0	0.898022	0.682723002243
10317.000016347	311.0	5.91987485017	182.0	0.953358	0.788497173121
10317.000001595	255.083333333	6.09271181656	178.0	0.970784	0.814998537979
10317.000002146	265.37037037	5.71751714525	157.0	0.959536	0.783799095534
10317.000012158	388.5625	6.26919900723	208.0	0.971348	0.814135197041
10317.000014313	160.769230769	4.0530532794	88.0	0.868488	0.627462835539
10317.000007749	197.3	5.22223637629	131.0	0.933928	0.742488596967
10317.000018083	181.058823529	4.59874559448	109.0	0.902052	0.679465182065
10317.000017335	283.565217391	5.64721585982	153.0	0.964242	0.778133397612
10317.000002578	251.476190476	5.69981612579	143.0	0.96322	0.796078010022
10317.000007719	267.0	4.98444814223	113.0	0.932584	0.730838321061
10317.000009676	188.083333333	4.24371459954	98.0	0.840622	0.641557180821
10317.000006716	335.2	5.68017235527	175.0	0.95272	0.762315316265
10317.000006802	208.0	5.36038353568	147.0	0.929942	0.74453159518
10317.000002898	260.555555556	5.55974431559	155.0	0.95585	0.764107924208
10317.000001647	230.0	5.57588494415	146.0	0.948328	0.775524478864
10317.000002878	269.333333333	5.37985941044	164.0	0.925508	0.731202362833
10317.000009527	210.954545455	5.13558141685	125.0	0.940796	0.737258176104
10317.000017667	259.0	5.78271580386	154.0	0.96386	0.795773451095
10317.000009213	255.473684211	5.49104649697	146.0	0.94872	0.763724685074
10317.000031434	245.5	5.02278830964	139.0	0.921002	0.705552730151
10317.000027217	235.25	4.43826606632	128.0	0.829596	0.634038009474
10317.000001546	246.652173913	6.15595967473	159.0	0.977148	0.841796554432
10317.000009074	265.541666667	5.76170184959	153.0	0.967564	0.79390849359
10317.000027277	277.774193548	5.36479553441	168.0	0.927642	0.725725807969
10317.000001333	167.166666667	4.17849700453	68.0	0.905778	0.686410268695
10317.000023984	236.375	5.58954776654	167.0	0.946684	0.757011324551
10317.000021327	183.75	4.98152539403	120.0	0.928756	0.721239945105
10317.000028933	356.25	5.86748594364	178.0	0.960084	0.784870942473
10317.000015568	334.166666667	5.88406638081	171.0	0.965524	0.793230435494
10317.000006944	280.681818182	2.90471278396	126.0	0.581984	0.416310197642
10317.000002028	265.772727273	5.24060756129	156.0	0.90682	0.719329887885
10317.000003896	311.791666667	5.84533027229	170.0	0.959714	0.788908335741
10317.000011025	334.913043478	6.06284261674	176.0	0.970858	0.812775413289
10317.000017293	320.0	5.76306722904	179.0	0.960086	0.770070696629
10317.000031284	123.0	3.49044320821	72.0	0.796412	0.565718903778
10317.000020034	342.538461538	5.76387606908	178.0	0.95748	0.771011449552
10317.000037584	208.526315789	5.7033801003	136.0	0.966408	0.804713933328
10317.000031847	223.5	5.21694080506	135.0	0.933868	0.73718761405
10317.000013935	389.0	6.04858273885	191.0	0.967432	0.798236826253
10317.000014019	423.869565217	6.03911802241	191.0	0.967884	0.796987759234
10317.000023052	193.0	5.16872193823	118.0	0.939076	0.750979224283
10317.000015385	270.870967742	6.08723755481	174.0	0.970984	0.81785352236
10317.000017354	329.117647059	6.48716292414	206.0	0.97653	0.843968318378
10317.000023475	323.37037037	6.31254068275	188.0	0.976492	0.835590236172
10317.000003475	295.243243243	5.7239615364	187.0	0.94802	0.758452575006
10317.000017269	264.884615385	5.33092656756	161.0	0.924296	0.727184151205
10317.000014801	271.0625	5.51398151572	137.0	0.95491	0.776832430633
10317.000009716	355.433333333	6.30568998536	197.0	0.97619	0.827295606843
10317.000013155	325.64	5.58505064396	169.0	0.944962	0.754646889203
10317.000015604	234.0	5.52708116346	141.0	0.95417	0.774149647597
10317.000009236	292.884615385	5.53879778962	162.0	0.939264	0.754620024585
10317.000041289	266.260869565	5.42716761986	152.0	0.942608	0.748788893072
10317.000030735	349.260869565	5.89191012377	179.0	0.960244	0.787286900043
10317.000022541	255.352941176	4.99441762624	133.0	0.902784	0.70789761741
10317.000034132	156.714285714	3.28969418862	86.0	0.761286	0.51191388998
10317.000026633	331.272727273	5.6184775163	169.0	0.953366	0.759163497349
10317.000028715	128.1875	4.65323819853	91.0	0.913172	0.715025358943
10317.000026126	186.058823529	4.33692395648	105.0	0.891032	0.645928711583
10317.000033665	174.833333333	4.56568810944	104.0	0.894332	0.681401266409
10317.000028755	329.5	5.85423758009	180.0	0.957372	0.781413824432
10317.000026501	152.5	5.34047831568	110.0	0.942442	0.787523231518
10317.000016485	200.4375	4.30215138568	111.0	0.850472	0.633189294018
10317.000001001	231.071428571	4.42144622974	113.0	0.871544	0.648288887155
10317.000013049	205.0	5.69808944928	146.0	0.960672	0.792521347721
10317.000002334	249.4	5.6019230112	150.0	0.954384	0.774943078676
10317.000006797	191.391304348	4.67881754347	122.0	0.898218	0.675082219336
10317.000013156	373.444444444	6.47448243418	201.0	0.978376	0.846221238009
10317.000001529	318.103448276	6.05854549592	180.0	0.970568	0.808684502755
10317.000002418b	292.885714286	6.11612997863	186.0	0.969848	0.811248327814
10317.000005849	167.6875	4.24602747811	103.0	0.850832	0.635014902167
10317.000003282	177.115384615	4.42903696934	120.0	0.875394	0.6412490408
10317.000011341	273.789473684	5.37059432476	143.0	0.951138	0.750096485279
10317.000013355	366.625	5.95859179353	196.0	0.962736	0.782510682024
10317.000006794	241.75	5.19067258951	144.0	0.92421	0.723950751015
10317.000009593	244.037037037	4.86826131274	152.0	0.861554	0.671676324536
10317.000028723	332.235294118	5.30829895549	151.0	0.940176	0.733352050162
10317.000002774	192.157894737	4.2151544471	114.0	0.832466	0.61689189177
10317.000001531	316.476190476	5.98078400881	166.0	0.966364	0.810949428065
10317.000018027	363.451612903	6.31167081792	194.0	0.977654	0.830492526556
10317.000001399	194.807692308	5.07301353865	129.0	0.936708	0.723555713406
10317.000001948	156.647058824	4.89290949782	101.0	0.931556	0.734868441847
10317.000001032	172.0	5.36070369052	117.0	0.954118	0.780264790782
10317.000016697	442.7	6.77864595947	228.0	0.984142	0.865408035503
10317.000011162	282.0	4.10515975363	136.0	0.768748	0.579214289455
10317.000005999	266.166666667	4.88784521849	132.0	0.92139	0.69386311096
10317.000001362	257.171428571	6.25474800963	180.0	0.974964	0.834873285582
10317.000010947	206.555555556	5.59893686608	130.0	0.962864	0.797300428453
10317.000002851	272.0	5.18400844144	138.0	0.932666	0.729266456487
10317.000035452	241.171428571	6.27305013222	178.0	0.974496	0.839121698245
10317.000005928	376.137931034	5.92670616647	195.0	0.949284	0.77907832604
10317.000027807	347.2	6.13340809695	192.0	0.969984	0.808627346064
10317.000031313	424.107142857	6.23832283021	210.0	0.969024	0.808675691735
10317.000014458	242.0	5.25090396118	124.0	0.944894	0.755069849457
10317.000016759	330.6	5.99146976828	188.0	0.960584	0.793090118591
10317.000014308	276.676470588	5.99364208062	179.0	0.963602	0.800880494523
10317.000010546	204.0	4.51632947199	117.0	0.887178	0.657363860045
10317.000015305	313.837837838	6.49951039368	208.0	0.977276	0.844044058727
10317.000014295	287.0	4.81676288317	119.0	0.908932	0.698606264665
10317.000011055	275.153846154	5.96838664168	190.0	0.95587	0.788441279529
10317.000002818	209.55	3.53099201616	115.0	0.688948	0.515812891391
10317.000009667	175.214285714	4.59945653268	98.0	0.91131	0.695337609822
10317.000012254	261.04	5.21510001828	153.0	0.923688	0.718591886133
10317.000026037	344.24137931	5.97774725533	187.0	0.962964	0.792080409645
10317.000007037	276.0	5.67749003122	168.0	0.934604	0.768025736249
10317.000015594	335.794117647	6.38621060366	196.0	0.979374	0.83866762285
10317.000004286	230.5	5.31906525992	150.0	0.942452	0.735813898184
10317.000001351	177.5625	4.653679105	110.0	0.89704	0.686245723807
10317.000010115	266.260869565	5.41931236401	152.0	0.935398	0.747705099693
10317.000010981	246.037037037	5.67806321488	154.0	0.95733	0.781371956239
10317.000013028	229.375	5.62662832727	148.0	0.95294	0.780451449217
10317.000017095	277.275862069	6.27730046651	179.0	0.977336	0.838783403192
10317.000011048	340.676470588	6.18877256211	198.0	0.971044	0.811178828084
10317.000002079	429.769230769	5.11748142636	142.0	0.941532	0.715756982845
10317.000014937	326.75	6.12348973156	178.0	0.971176	0.819115580847
10317.000013653	263.583333333	4.78691498369	121.0	0.908062	0.69186437418
10317.000021178	208.459459459	5.65289227964	159.0	0.952102	0.773004615855
10317.000006741	273.541666667	5.62332658287	161.0	0.953772	0.767070023622
10317.000014548	222.03030303	5.81514210493	159.0	0.961796	0.795191464227
10317.000013215	310.076923077	5.9690907119	176.0	0.964006	0.80020717624
10317.000010867	245.375	5.405110264	131.0	0.956462	0.768489292173
10317.000026613	302.607142857	5.7205759099	169.0	0.96049	0.772958938076
10317.000006909	279.111111111	5.86593573744	165.0	0.964612	0.796318103774
10317.000011163	212.230769231	4.91579741288	118.0	0.904082	0.714231055952
10317.000012276	347.047619048	5.80443317387	173.0	0.9542	0.780729445528
10317.000015003	287.142857143	5.26186835482	155.0	0.916424	0.72316910236
10317.000001613	311.034482759	5.73145933102	176.0	0.95401	0.768350676572
10317.000006029	315.0	5.63734709271	157.0	0.95685	0.772808797985
10317.000005024	348.2	6.00222359759	188.0	0.959108	0.794513601658
10317.000026632	273.615384615	5.94970214134	164.0	0.969866	0.808652407431
10317.000033799	155.4	5.04940324512	98.0	0.952802	0.76335974882
10317.000029152	162.235294118	3.95388895321	104.0	0.766046	0.590093951969
10317.000022999	210.454545455	5.223117546	130.0	0.935756	0.743782963962
10317.000037575	354.5	6.54562287241	209.0	0.97882	0.849269219227
10317.000027681	293.121212121	6.24421851771	190.0	0.970556	0.824879474694
10317.000021296	364.25	6.13722619804	191.0	0.971842	0.809935182147
10317.000028712	239.774193548	5.3902061572	155.0	0.943474	0.740807311278
10317.000027363	348.285714286	5.61238523716	166.0	0.947826	0.760997319323
10317.000033801	241.789473684	5.3400413632	139.0	0.93741	0.750117371201
10317.000011225	279.035714286	5.84911377678	169.0	0.962254	0.790326856037
10317.000011409	180.04	5.14518506305	127.0	0.937662	0.736216511927
10317.000009475	248.615384615	4.73721807048	117.0	0.902056	0.689514787618
10317.000012928	218.285714286	5.35987885934	134.0	0.947956	0.75853540974
10317.000028841	212.344827586	5.66722793588	145.0	0.962922	0.78931750595
10317.000017357	322.0	5.62447805991	160.0	0.95078	0.768168983227
10317.000014534	214.083333333	5.26766540708	147.0	0.94336	0.731653491267
10317.000016715	355.888888889	6.34864874864	194.0	0.977554	0.835358099556
10317.000008954A	261.5	5.50523100669	155.0	0.939954	0.756615843827
10317.000015912	214.0	5.01057041073	127.0	0.925974	0.716954711123
10317.000016725	285.04	6.22387261018	168.0	0.978988	0.841937954532
10317.000018358	217.0	4.61717487922	124.0	0.869374	0.663940831283
10317.000010102	321.571428571	5.38077663178	139.0	0.952486	0.755839467811
10317.000018415	193.035714286	5.28502711046	134.0	0.944996	0.747942315475
10317.000008949B	231.7	5.68094289632	158.0	0.95529	0.777808520298
10317.000010869	266.5	5.76783713133	160.0	0.951976	0.787748398589
10317.000014571	402.5	6.0805849353	180.0	0.970418	0.8116262902
10317.000011949	230.461538462	4.6927977036	112.0	0.89651	0.689371680679
10317.000010827	239.636363636	5.75223526901	148.0	0.964098	0.797873982573
10317.000014162	250.666666667	5.6315821435	162.0	0.95467	0.767261203061
10317.000010821	261.75	5.12693778224	124.0	0.918418	0.73724375232
10317.000016736	279.21875	5.60427609559	165.0	0.954252	0.760797034475
10317.000001929	272.333333333	5.3962396868	142.0	0.948132	0.754745531081
10317.000003196	273.885714286	5.83995016583	179.0	0.95772	0.780343923426
10317.000028833	104.545454545	3.95531802051	65.0	0.88795	0.656771247342
10317.000004291	400.217391304	6.06478279253	185.0	0.970706	0.805268306264
10317.000035347	386.555555556	6.00214109447	169.0	0.972028	0.811003765992
10317.000031035	226.3125	4.78831410955	123.0	0.885446	0.689708909628
10317.000016765	313.555555556	5.92460624295	175.0	0.96309	0.795119901185
10317.000004918	358.25	6.09643391408	180.0	0.972502	0.813741785336
10317.000001347	276.25	5.83818851667	175.0	0.95655	0.783522091784
10317.000005938	291.730769231	5.39111640184	164.0	0.93773	0.732732354247
10317.000003982	228.545454545	4.87324311213	134.0	0.88831	0.689666232731
10317.000001934	283.037037037	5.45963022907	166.0	0.929804	0.740284886595
10317.000015355	255.285714286	5.80677301781	164.0	0.957992	0.789226228257
10317.000002418a	395.142857143	6.21626178794	178.0	0.977886	0.83152534067
10317.000026083	359.05	5.67421236299	172.0	0.943646	0.764073535003
10317.000016741	394.461538462	5.10014889929	139.0	0.935734	0.716419597689
10317.000009476	212.55	4.55211609088	127.0	0.881322	0.651355196994
10317.000003729	391.0	5.53488415336	181.0	0.944624	0.737999718486
10317.000017219	298.0	6.11377561364	179.0	0.972846	0.816932938436
10317.000003366	225.473684211	4.3048103491	116.0	0.891012	0.627708118782
10317.000004283	86.5454545455	3.04500858495	57.0	0.742942	0.522041145565
10317.000003473	313.666666667	6.30625682406	214.0	0.966986	0.814607468474
10317.000016734	236.037037037	5.3682834337	144.0	0.951466	0.748722397043
10317.000007068	213.8	4.8239604085	101.0	0.931088	0.724512944805
10317.000011342	268.387096774	5.74690815482	169.0	0.94635	0.776516926711
10317.000026056	169.333333333	4.56017641534	104.0	0.91293	0.680578679484
10317.000012209	261.884615385	5.58172444352	158.0	0.950238	0.764223986996
10317.000016355	252.153846154	6.24443253276	181.0	0.975606	0.832608113124
10317.000015185	243.235294118	4.99200683012	132.0	0.91025	0.708649565248
10317.000003028	218.64	4.88059584695	138.0	0.89725	0.686583534548
10317.000012985	331.785714286	5.89858224539	179.0	0.96149	0.788178440109
10317.000016755	316.954545455	5.7182368952	166.0	0.94485	0.775350009777
10317.000014327	264.5	5.28027754704	125.0	0.952232	0.758030586543
10317.000013249	208.071428571	5.17702197837	117.0	0.945772	0.753529425245
10317.000008950A	130.352941176	3.74285173164	89.0	0.809938	0.57798113087
10317.000016716	241.2	5.93487638895	158.0	0.967744	0.812575923837
10317.000022662	300.12	5.80944425617	164.0	0.962218	0.789589289009
10317.000022443	296.052631579	5.04856415447	138.0	0.933392	0.710212672851
10317.000017074	203.1	5.34023678536	138.0	0.950282	0.751244061665
10317.000002511	186.0	4.73874171209	131.0	0.887566	0.673746156182
10317.000013821	160.476190476	4.91200307092	109.0	0.93217	0.725749009663
10317.000004819	173.714285714	4.70114706336	103.0	0.913406	0.703080339895
10317.000003594	278.05	5.28600551255	143.0	0.942886	0.738282193061
10317.000001391	126.0	3.65898101349	85.0	0.819582	0.570878114621
10317.000017075	287.882352941	4.7060282399	129.0	0.895482	0.67121319399
10317.000010834	276.916666667	5.55554035941	155.0	0.943838	0.763530150114
10317.000014303	263.0	5.80210474623	151.0	0.965946	0.801572301519
10317.000015265	248.894736842	5.44966789659	136.0	0.953992	0.768916609321
10317.000003193	215.076923077	4.7699062452	105.0	0.920028	0.710415821503
10317.000014933	152.230769231	3.95506011661	86.0	0.853536	0.615452407826
10317.000013619	317.322580645	6.38178483532	191.0	0.978404	0.842209802315
10317.000005015	317.833333333	5.74554589306	151.0	0.965584	0.793758583552
10317.000022925	176.588235294	5.15339916615	113.0	0.94502	0.755610548426
10317.000003439	224.434782609	5.0802083612	134.0	0.938404	0.718956161502
10317.000016735	272.724137931	5.6584787839	161.0	0.959192	0.771865085633
10317.000011168	267.954545455	5.62038791504	155.0	0.956106	0.772442525991
10317.000004972	260.058823529	6.07843468473	174.0	0.970276	0.816670808817
10317.000009382	219.25	5.71722548517	143.0	0.964112	0.798509528488
10317.000006001	141.130434783	4.31711743926	100.0	0.89343	0.649790922011
10317.000027308	268.555555556	5.19987310616	142.0	0.910772	0.727280702275
10317.000003895	314.588235294	5.72436142217	160.0	0.958922	0.781810658066
10317.000001322	185.666666667	4.83826394597	104.0	0.938022	0.722081557256
10317.000002019	255.130434783	5.40475148843	144.0	0.947486	0.753808650347
10317.000026106	271.037037037	5.47285333352	154.0	0.941744	0.75313253016
10317.000008957B	239.405405405	6.0702268445	176.0	0.967876	0.813765331575
10317.000001047	219.666666667	4.75126934439	117.0	0.906178	0.691559988198
10317.000017071	272.909090909	4.39010794661	112.0	0.844924	0.644906574855
10317.000015262	235.142857143	5.32015912781	133.0	0.951798	0.754067491479
10317.000003981	252.714285714	5.21320080757	141.0	0.940956	0.730186050951
10317.000014334	329.344827586	6.07652757671	185.0	0.969906	0.806827752461
10317.000011378	280.789473684	5.49387873947	150.0	0.953766	0.759996753922
10317.000016718	239.0	5.80336956746	146.0	0.967936	0.807164280566
10317.000016714	320.193548387	6.38020096909	191.0	0.977728	0.842000778084
10317.000007748	217.096774194	5.28629578064	150.0	0.935198	0.731280726073
10317.000007073	271.4	5.3822466047	140.0	0.954052	0.754949213252
10317.000001247	300.714285714	6.40663716453	185.0	0.978596	0.850658965837
10317.000002036	218.666666667	4.75522312887	117.0	0.92011	0.692135472126
10317.000016742	299.391304348	5.47955243677	155.0	0.951022	0.753086688952
10317.000015627	295.0	5.75389709808	162.0	0.958632	0.783925706359
10317.000012112	237.5	5.67154781918	140.0	0.964644	0.795528499247
10317.000002437	231.055555556	4.80256402236	126.0	0.921976	0.688314654853
10317.000003731	262.625	5.20223603011	147.0	0.941068	0.722565664233
10317.000013171	319.769230769	5.30159693705	134.0	0.942126	0.750287293884
10317.000001487	246.647058824	5.5382249004	139.0	0.957496	0.777956278023
10317.000014306	239.884615385	5.22902940113	147.0	0.935806	0.72628713512
10317.000002064	312.0	5.98962622499	177.0	0.965428	0.802081227352
10317.000003492	217.391304348	5.24103990793	143.0	0.92508	0.732001967829
10317.000002336	217.5	5.07150184349	135.0	0.904068	0.716636144314
10317.000006074	258.260869565	5.62720216836	144.0	0.964628	0.784834174308
10317.000012061	200.071428571	4.53659953131	109.0	0.895868	0.670283094198
10317.000016756	245.888888889	5.73452110658	159.0	0.959188	0.784166947788
10317.000011018	303.833333333	5.88121575216	182.0	0.958218	0.783347978203
10317.000015261	252.24	5.60932418368	150.0	0.956038	0.77596692127
10317.000013458	247.176470588	6.06469830354	172.0	0.96828	0.816655277433
10317.000041935	217.545454545	4.0097338146	123.0	0.797456	0.577562180319
10317.000033721	372.25	6.07221456928	172.0	0.971704	0.817667396714
10317.000031491	312.0	6.17370234709	169.0	0.975254	0.834184964131
10317.000017671	188.555555556	4.95956564255	112.0	0.933954	0.728559873745
10317.000036943	277.619047619	5.63964296578	149.0	0.959482	0.78120395026
10317.000036102	264.636363636	5.98733042097	158.0	0.968996	0.819757688163
10317.000028894	212.772727273	4.95435794985	124.0	0.931946	0.712427105696
10317.000040401	287.9375	5.54270567927	137.0	0.959144	0.780879209122
10317.000040358	234.4	5.39933549116	128.0	0.95034	0.771333641595
10317.000031506	266.464285714	5.81145193719	170.0	0.95567	0.784335984872
10317.000016446	311.8	5.66374375574	169.0	0.943614	0.765279829851
10317.000028793	220.25	5.24148747135	114.0	0.94942	0.767096713175
10317.000042026	369.689655172	6.32302608345	199.0	0.973908	0.827987022753
10317.000037582	270.714285714	5.51123699655	149.0	0.951436	0.76341714159
10317.000029202	190.5	4.46554526305	124.0	0.86598	0.642136785293
10317.000022618	279.615384615	6.00033309456	170.0	0.9665	0.809828114926
10317.000021229	307.6	3.05959878214	82.0	0.677304	0.481254228029
10317.000034121	144.0	4.33642627088	78.0	0.90787	0.68992025011
10317.000036071	265.0	4.78260306944	121.0	0.912792	0.691241162808
10317.000036166	325.647058824	5.60857566502	149.0	0.96121	0.776900504418
10317.000031593	184.055555556	4.73501527813	116.0	0.884238	0.690438670141
10317.000012263	159.75	4.52312355336	88.0	0.920568	0.700235534704
10317.000034194	301.75	5.89697783614	188.0	0.953398	0.78058223312
10317.000036131	313.714285714	5.91138717488	167.0	0.962042	0.800599122165
10317.000002347	201.125	4.72673747033	115.0	0.91683	0.690489276174
10317.000016767	289.037037037	5.93361781457	172.0	0.964806	0.799004346137
10317.000036109	191.866666667	3.96308419776	100.0	0.800708	0.596503609434
10317.000004973	271.387096774	5.91614616845	172.0	0.96203	0.796651663234
10317.000040395	227.0	5.22879179103	134.0	0.940402	0.7399838369
10317.000031379	337.136363636	5.77873595982	171.0	0.951588	0.779030851345
10317.000004737	278.724137931	5.39299269323	167.0	0.920418	0.730391207395
10317.000006666	181.111111111	4.64453891453	122.0	0.900496	0.670136334465
10317.000003969	168.066666667	4.92261172358	105.0	0.937656	0.733159326781
10317.000001749	427.230769231	6.16261132535	205.0	0.96585	0.802477673683
10317.000009507	306.483870968	6.12194162488	183.0	0.973588	0.814553768325
10317.000017356	257.230769231	3.96884000726	107.0	0.81277	0.588720528524
10317.000040348	297.677419355	5.8095559097	177.0	0.958744	0.777967699383
10317.000026595	187.384615385	5.77472287704	144.0	0.961066	0.80540910482
10317.000012335	259.551724138	5.40457591672	156.0	0.939772	0.741836312445
10317.000022554	240.888888889	6.019230617	159.0	0.97132	0.823099542794
10317.000003718	305.4	6.03974276496	179.0	0.966268	0.807040545187
10317.000006113	316.526315789	5.07496902787	146.0	0.91487	0.705854362136
10317.000006662	265.285714286	6.12043492331	174.0	0.97282	0.822313769643
10317.000013756	280.227272727	6.30620714397	201.0	0.97029	0.824227491658
10317.000001216	289.714285714	6.03910349761	174.0	0.970452	0.811386449592
10317.000010945	241.428571429	5.14483743364	160.0	0.91433	0.702661562223
10317.000016722	217.0	5.82794345705	140.0	0.970172	0.817465577281
10317.000016358	226.047619048	4.74023235376	127.0	0.915384	0.67827245987
10317.000035392	248.043478261	5.80806249352	149.0	0.967534	0.80453344136
10317.000043118	346.171428571	6.27519881401	199.0	0.974504	0.82172414199
10317.000006685	177.928571429	4.81598543186	104.0	0.926138	0.71875662411
10317.000005992	200.75	4.30861734558	127.0	0.84508	0.61651334102
10317.000012947	251.576923077	5.65537943028	156.0	0.959142	0.776261798647
10317.000012122	273.0	5.43346188136	153.0	0.948672	0.748680103521
10317.000004758	296.791666667	5.54815458641	155.0	0.949228	0.762515080471
10317.000042014	316.4	6.30372916852	200.0	0.975406	0.824679194901
10317.000014612	374.260869565	5.9162654152	176.0	0.96774	0.793125497715
10317.000027267	357.115384615	6.10777274679	189.0	0.967302	0.807666880292
10317.000006625	155.076923077	4.70982112661	117.0	0.905258	0.685527089004
10317.000008951B	134.5	4.04906558705	82.0	0.875844	0.636890674919
10317.000006778	342.5	6.23356928938	193.0	0.973936	0.821021345103
10317.000012971	470.2	6.1966585155	208.0	0.970212	0.804714891918
10317.000017652	357.12195122	6.71213607042	229.0	0.981398	0.85622676127
10317.000015254	253.027027027	5.95663642339	176.0	0.96436	0.798537573359
10317.000001438	266.454545455	5.63183583434	147.0	0.9633	0.782235019122
10317.000006803	284.4	5.59062388752	153.0	0.956862	0.770335554431
10317.000013299	287.65	5.69906434592	183.0	0.954036	0.758287913108
10317.000036039	197.058823529	5.01987880723	116.0	0.933156	0.731976191069
10317.000011026	459.5	5.69690029087	162.0	0.950976	0.776160315078
10317.000012993	317.035714286	5.76869647433	174.0	0.961772	0.775055793121
10317.000009218	228.567567568	5.82986941894	167.0	0.960644	0.789558897271
10317.000009419	278.222222222	5.82460130246	167.0	0.956062	0.788845418471
10317.000010693	481.636363636	5.997109015	194.0	0.96725	0.789102340978
10317.000008951A	111.153846154	3.83895205854	73.0	0.862274	0.620203694309
10317.000001669	253.454545455	4.92724506316	134.0	0.920002	0.69730864278
10317.000036068	299.375	5.60289935941	161.0	0.951402	0.764283574969
10317.000042981	295.5	5.91902814793	171.0	0.964414	0.797943628031
10317.000004075	302.21875	6.13910899584	188.0	0.966786	0.81263310504
10317.000028776	390.527777778	6.39655831469	224.0	0.973466	0.819299030024
10317.000004011	181.6875	4.52177216787	102.0	0.909628	0.677680443934
10317.000004285	375.0	5.9396797129	193.0	0.962516	0.78231324639
10317.000011964	315.848484848	5.89367655999	189.0	0.960938	0.779355676448
10317.000012011	496.25	5.96601655724	191.0	0.96264	0.787340494069
10317.000026116	212.666666667	4.94338303083	124.0	0.907264	0.710848933535
10317.000015607	355.047619048	6.06505294666	181.0	0.96526	0.808690343506
10317.000011031	262.037037037	5.51179169379	162.0	0.93605	0.750940644784
10317.000018035	277.884615385	6.02506069518	174.0	0.956882	0.809499722595
10317.000022498	252.275862069	6.12138364145	169.0	0.970012	0.827115708904
10317.000018398	185.8	5.47792907984	127.0	0.954758	0.783828334709
10317.000023929	316.64	4.96056799243	167.0	0.86033	0.671826470283
10317.000009558	310.454545455	5.21763065409	152.0	0.934024	0.719878978427
10317.000012391	460.64	6.24938093189	203.0	0.973964	0.815278156027
10317.000040145	189.029411765	6.18198131473	153.0	0.97917	0.851819063378
10317.000002051	267.5	5.61728445538	161.0	0.93702	0.76624582556
10317.000016726	303.736842105	6.50849510069	203.0	0.979298	0.849081523759
10317.000005927	422.0	5.53302705087	196.0	0.930004	0.72662349113
10317.000018369	313.0	5.88280097243	181.0	0.953188	0.784389580933
10317.000002191	398.6	6.20872401474	206.0	0.969612	0.807743913212
10317.000013539	313.322580645	5.95101259277	187.0	0.96086	0.788537937611
10317.000026622	374.763157895	6.12656509441	217.0	0.963132	0.789348019607
10317.000004289	270.5	5.72770825353	166.0	0.947964	0.776634254888
10317.000014543	225.055555556	4.33444760395	120.0	0.886228	0.627554113382
10317.000018025	172.230769231	5.36797640368	127.0	0.944488	0.768095377638
10317.000011073	329.0	5.28016102699	159.0	0.942854	0.722035489871
10317.000001111	221.315789474	4.64773078343	125.0	0.874524	0.667222898886
10317.000013053	133.153846154	4.1331850391	90.0	0.867832	0.636672607617
10317.000010225	305.459459459	6.54251663935	202.0	0.980664	0.854313915735
10317.000003226	358.7	6.15550308551	197.0	0.968942	0.807591345653
10317.000013167	282.652173913	5.82521774837	162.0	0.964058	0.793642614778
10317.000018299	160.0	4.60810908277	111.0	0.906744	0.678220052087
10317.000010879	222.235294118	4.89190258856	125.0	0.920244	0.70227592309
10317.000013685	325.533333333	5.80482908908	186.0	0.953612	0.769957131097
10317.000020032	237.965517241	6.01133139353	164.0	0.97003	0.817028733166
10317.000013055	270.0	5.01153398979	150.0	0.912908	0.693271501799
10317.000003579	285.0	5.77448198816	177.0	0.947666	0.77327088977
10317.000001284	271.058823529	4.57472285203	129.0	0.86712	0.652485318956
10317.000013684	256.75	5.87573324315	159.0	0.96652	0.803476997934
10317.000006665	308.763157895	6.53601715311	201.0	0.981278	0.854263886447
10317.000002638	283.714285714	5.42812069096	148.0	0.950384	0.752917095884
10317.000002443	455.65625	6.46411064838	225.0	0.97691	0.827270496855
10317.000017349	362.53125	6.62669801024	214.0	0.979772	0.856000293211
10317.000005814	237.3125	5.98866110718	164.0	0.970458	0.813947506375
10317.000001482	201.65	4.49159160055	119.0	0.884764	0.651444571088
10317.000020071	287.333333333	5.68981697353	148.0	0.96347	0.78921614233
10317.000004026	282.9375	5.77789855467	174.0	0.953022	0.776292142738
10317.000013134	251.055555556	6.0655559338	146.0	0.977048	0.843630589888
10317.000004822	252.888888889	5.93162827187	166.0	0.967134	0.804284279032
10317.000009101	439.956521739	6.35980291809	198.0	0.977536	0.833596230297
10317.000013159	391.115384615	6.08419846486	193.0	0.96701	0.801347763312
10317.000018073	264.107142857	5.64006805821	165.0	0.953458	0.765655899127
10317.000021267	223.652173913	5.0221958853	136.0	0.922782	0.708602781812
10317.000016772	337.217391304	6.17668794589	182.0	0.9733	0.822703369219
10317.000009596	198.6	5.58860246317	137.0	0.957558	0.787345337109
10317.000009003	392.5	5.631622143	170.0	0.939156	0.760065461728
10317.000006635	292.5	5.12434171472	165.0	0.911024	0.695644524592
10317.000017265	250.75	5.55805475307	153.0	0.950228	0.765847833069
10317.000001734	282.181818182	6.16384740432	184.0	0.969874	0.819272498894
10317.000001286	348.142857143	5.52044379459	170.0	0.938562	0.745060402693
10317.000014397	352.12	6.14463724024	181.0	0.973784	0.819301800697
10317.000010746	135.333333333	4.31537920745	92.0	0.900008	0.661506587432
10317.000010873	370.789473684	5.1803587109	160.0	0.919382	0.707512917877
10317.000016731	311.5	6.07481119974	187.0	0.963118	0.804941851516
10317.000016458	318.275	6.4326382021	209.0	0.97033	0.834609895798
10317.000009174	314.117647059	6.05968263767	191.0	0.962512	0.79970168974
10317.000004719	441.5	5.97292989741	189.0	0.965038	0.789835813552
10317.000018345	256.0	5.50050158317	151.0	0.944768	0.759905225151
10317.000013222	340.5625	5.14852638403	148.0	0.92281	0.714135472264
10317.000003809	246.2	5.72853173957	161.0	0.957508	0.78142091021
10317.000004847	251.636363636	5.2475970566	145.0	0.92996	0.730872353787
10317.000002261	305.677419355	6.02217024347	185.0	0.962686	0.799610307224
10317.000014134	204.5	5.22394650658	122.0	0.941472	0.753736038771
10317.000016729	337.035714286	6.39837092138	194.0	0.977916	0.841900565736
10317.000014877	335.5	5.89262035718	176.0	0.960684	0.789955677381
10317.000001652	390.428571429	5.97473124591	159.0	0.971758	0.817014477388
10317.000017083	240.043478261	5.48734854119	141.0	0.957986	0.768584504872
10317.000002606	278.885714286	5.47565949574	172.0	0.928302	0.737336962336
10317.000011357	316.6875	5.87568617274	183.0	0.963898	0.781788296389
10317.000004813	290.0	6.01373434189	179.0	0.963906	0.80356525613
10317.000013453	205.875	5.23046789902	137.0	0.926556	0.736889864386
10317.000016768	297.459459459	6.23170477717	194.0	0.971828	0.819970558423
10317.000013174	135.0	3.81819361282	94.0	0.80514	0.582522214469
10317.000016166	227.5	5.28790456017	136.0	0.932684	0.746092738489
10317.000003595	223.833333333	4.30907197769	141.0	0.85478	0.603549405978
10317.000012184	288.529411765	5.97232779758	186.0	0.961664	0.792174292545
10317.000011358	339.032258065	6.56877826076	204.0	0.980966	0.856154080096
10317.000013471	359.028571429	5.95714145827	206.0	0.956748	0.775013471631
10317.000001436	331.5	5.84165697001	182.0	0.957462	0.77807894994
10317.000009385	379.357142857	6.31805469086	199.0	0.975236	0.827336029306
10317.000006053	308.285714286	5.20966691949	154.0	0.925328	0.716914813765
10317.000002185	208.052631579	5.09714408593	127.0	0.924032	0.729342403383
10317.000016488	182.0	4.07694866933	97.0	0.83479	0.617727652897
10317.000001516	249.1875	4.85182597771	131.0	0.886718	0.689824282807
10317.000011352	444.565217391	6.15645309759	198.0	0.96538	0.80694263018
10317.000004009	254.9	5.43061571952	141.0	0.948962	0.760638232218
10317.000013801	220.791666667	5.4640706903	142.0	0.950296	0.764232720259
10317.000003996	462.214285714	6.28350688008	224.0	0.96232	0.804818910221
10317.000017339	232.5	5.72234869916	161.0	0.948436	0.780577490415
10317.000010183	421.256410256	6.50746691243	232.0	0.975964	0.828134722706
10317.000012318	347.5	4.90943271138	150.0	0.881596	0.679147302149
10317.000007666	289.0	6.12072508696	187.0	0.967242	0.811025663536
10317.000006026	154.0	5.19048027237	109.0	0.954146	0.766894047695
10317.000002349	324.166666667	5.53814174143	153.0	0.951024	0.763104006768
10317.000015908	170.136363636	5.40862096809	121.0	0.9526	0.78172104038
10317.000001423	207.954545455	4.60600297392	122.0	0.894028	0.664576184261
10317.000011036	240.038461538	5.78424875791	155.0	0.962674	0.794962872504
10317.000005845	336.0	6.04142206329	174.0	0.96841	0.811697961521
10317.000009118	260.884615385	5.67242037646	157.0	0.960612	0.777616900416
10317.000005576	291.903225806	5.94830677279	174.0	0.967064	0.799187415047
10317.000013584	237.117647059	5.04557122404	133.0	0.911438	0.715148014295
10317.000002801	297.0	6.22909359718	183.0	0.971476	0.828810853442
10317.000013265	380.533333333	6.10881323722	202.0	0.963842	0.797681449641
10317.000010833	232.625	4.70618586788	122.0	0.909682	0.679031052349
10317.000013238	153.235294118	4.92643707575	95.0	0.946568	0.749854695361
10317.000012983	242.454545455	5.40319636383	165.0	0.91401	0.733499866919
10317.000004915	337.555555556	5.90921431774	162.0	0.966822	0.805086522942
10317.000001099	492.046511628	7.04979609155	269.0	0.986562	0.873422407847
10317.000010881	225.5	4.97135820575	145.0	0.907962	0.692398489093
10317.000015856	386.117647059	6.37158509256	213.0	0.975364	0.823765261452
10317.000017324	298.777777778	4.02632699224	157.0	0.71774	0.551958371907
10317.000003061	232.7	5.76600554729	159.0	0.956326	0.788472286859
10317.000028859	287.34375	6.09342948548	181.0	0.97177	0.812473959762
10317.000014922	354.538461538	6.01058083181	190.0	0.962088	0.794015255086
10317.000012903	414.25	6.48240107302	220.0	0.97746	0.833067909938
10317.000014684	347.037037037	6.21056067239	192.0	0.969366	0.818799126799
10317.000012991	309.857142857	6.57771535855	208.0	0.980384	0.854199967705
10317.000014121	205.869565217	4.89567288112	134.0	0.894488	0.692840516043
10317.000004736	257.6	5.34783901835	170.0	0.896864	0.721764995861
10317.000011248	318.076923077	6.29941831587	206.0	0.970818	0.819543079922
10317.000010962	304.111111111	5.91140501079	175.0	0.961278	0.793348211729
10317.000016773	322.12	5.80516011008	169.0	0.96388	0.784387877152
10317.000002348	282.129032258	5.48719508895	175.0	0.925216	0.73641653774
10317.000016354	385.620689655	6.65156946902	208.0	0.983906	0.863790862923
10317.000004922	155.666666667	4.72189903798	119.0	0.88714	0.684847547836
10317.000003091	207.230769231	4.96161684073	113.0	0.929126	0.727490710739
10317.000001965	263.428571429	6.4051428312	182.0	0.979918	0.853132396151
10317.000005454	252.066666667	5.20593291891	126.0	0.943694	0.746126424049
10317.000014369	465.363636364	6.75630026147	238.0	0.98182	0.855789261263
10317.000003086	293.0	5.81243210336	170.0	0.958564	0.78446827188
10317.000001528	325.576923077	6.33940529659	185.0	0.976132	0.841732068655
10317.000002444	234.161290323	5.55125345124	154.0	0.951646	0.763921359208
10317.000015584	326.136363636	5.33118225983	160.0	0.933246	0.728111802075
10317.000023375	241.0	4.57145157726	146.0	0.843902	0.635822409826
10317.000015624	342.588235294	5.94072503981	197.0	0.958868	0.779412837977
10317.000020431	323.4	6.41724328117	207.0	0.976186	0.834113753181
10317.000006671	298.885714286	6.29826069106	192.0	0.97311	0.830361480424
10317.000009102	320.789473684	5.14900150361	146.0	0.925452	0.716151202501
10317.000015214	379.607142857	6.15454307472	192.0	0.971916	0.811413777475
10317.000002172	276.965517241	5.59754550175	168.0	0.940322	0.757211193948
10317.000016745	302.307692308	5.14979928165	165.0	0.92016	0.699100464501
10317.000001189	187.954545455	5.36952601448	130.0	0.9458	0.764631838925
10317.000007678	181.866666667	2.93254238324	90.0	0.71215	0.451726547062
10317.000003358	268.555555556	5.65427872574	163.0	0.952764	0.769422763649
10317.000009231	313.5	5.01094043388	164.0	0.910948	0.681060824407
10317.000006653	175.125	5.05719928756	122.0	0.9295	0.729676950842
10317.000018318	310.222222222	6.07519849562	178.0	0.968162	0.81265584865
10317.000013859	294.0	5.79681138413	171.0	0.95195	0.781467597597
10317.000015928	297.24137931	6.39244052401	191.0	0.975934	0.843616042999
10317.000013757	315.609756098	6.36500271912	209.0	0.969592	0.825834453805
10317.000012298	334.724137931	5.78801408268	184.0	0.950024	0.769318325081
10317.000001731	344.0	6.31478737144	192.0	0.977912	0.832540354792
10317.000017171	336.652173913	5.86850975733	174.0	0.963192	0.788466251369
10317.000014587	287.352941176	5.17493776659	137.0	0.938664	0.729066550574
10317.000017343	296.6	6.01937263086	167.0	0.972698	0.815223957032
10317.000002171	386.0	6.03181576288	170.0	0.968242	0.814077137361
10317.000016764	350.142857143	5.91079596836	172.0	0.963626	0.795931220283
10317.000016727	247.666666667	5.62232296446	153.0	0.960098	0.774703390025
10317.000002013	318.078947368	5.70180089948	193.0	0.94291	0.750982306715
10317.000013454	334.272727273	6.11437775617	172.0	0.974406	0.823344973299
10317.000016766	295.206896552	5.96116127576	175.0	0.9655	0.800025819467
10317.000001234	291.166666667	4.66207265542	137.0	0.868436	0.656812000978
10317.000001922	312.609756098	6.27590434513	206.0	0.969058	0.816483954295
10317.000026623	488.0	6.26257294651	230.0	0.962456	0.798238593873
10317.000006761	333.5	6.65326599164	216.0	0.981148	0.857944875381
10317.000004076	260.516129032	5.97609892007	171.0	0.968098	0.805637333457
10317.000009532	285.243902439	6.37514828404	194.0	0.978092	0.838844920517
10317.000005846	246.12	5.88083409624	155.0	0.969108	0.808237156031
10317.000004821	399.027027027	6.4548052392	228.0	0.971452	0.824064327155
10317.000002712	341.677419355	5.50537715885	182.0	0.936184	0.733288192164
10317.000010832	232.888888889	5.46463426064	151.0	0.944698	0.754950083263
10317.000013734	428.035714286	6.39252813735	210.0	0.977534	0.828665372746
10317.000009659	214.807692308	5.6878445976	149.0	0.95616	0.787880845485
10317.000001116	311.235294118	5.00788837934	148.0	0.913452	0.694628028696
10317.000017292	325.95	6.69538925434	219.0	0.981626	0.86116689795
10317.000015862	350.5625	5.75204087642	158.0	0.962628	0.787542928073
10317.000002446	207.142857143	4.21664380385	120.0	0.844026	0.610498131609
10317.000006678	264.954545455	5.55977899396	152.0	0.953714	0.767085347314
10317.000014224	307.535714286	6.39828781604	186.0	0.980356	0.848673966997
10317.000017218	316.0	6.34469642893	181.0	0.978676	0.845976907319
10317.000009661	286.129032258	5.9746532409	179.0	0.965202	0.798343173953
10317.000006729	232.0	5.5210840709	136.0	0.96136	0.778993018315
10317.000003476	293.15	6.49571372554	206.0	0.97645	0.845080762379
10317.000001811	212.954545455	4.24360509186	127.0	0.82137	0.607210838957
10317.000016749	333.117647059	6.20261778058	199.0	0.97033	0.812219807675
10317.000003214	196.0	2.74910671168	109.0	0.521174	0.406180827791
10317.000013686	230.0	5.34378622435	134.0	0.951622	0.756257963962
10317.000010845	361.12	6.36215850016	190.0	0.97837	0.840459690296
10317.000001311	228.916666667	4.80937873014	134.0	0.901458	0.680628081604
10317.000003593	267.935483871	5.82399598577	166.0	0.96416	0.789690148776
10317.000001435	173.384615385	5.15420415563	130.0	0.922856	0.733969551704
10317.000017205	319.441176471	6.22075108381	199.0	0.965382	0.814594325755
10317.000014551	295.4	5.54196559247	139.0	0.96004	0.778481734271
10317.000002781	186.125	3.68823003408	100.0	0.772308	0.555133935583
10317.000007675	318.636363636	5.83101530846	175.0	0.95339	0.782559401545
10317.000003216	223.352941176	5.59282935768	136.0	0.957148	0.789115863173
10317.000005238	251.0	5.62015693672	174.0	0.940958	0.755098697155
10317.000022448	315.5	5.62935249397	179.0	0.948274	0.752203509748
10317.000001004	188.833333333	5.15317974078	118.0	0.945224	0.748721051465
10317.000014122	330.789473684	5.58131249164	156.0	0.954916	0.766095312788
10317.000016728	380.375	6.41431412319	213.0	0.974478	0.829289583983
10317.000010773	244.884615385	4.3448625162	141.0	0.85912	0.608562401437
10317.000005553	297.607142857	6.09483418469	179.0	0.967652	0.814401952973
10317.000014054	328.032258065	6.21353716159	193.0	0.973602	0.818382920192
10317.000001779	244.2	6.02066779468	166.0	0.964382	0.816357370116
10317.000026081	268.058823529	5.19977649114	138.0	0.938746	0.731484645337
10317.000016769	229.5	5.4431416064	149.0	0.9455	0.753984560822
10317.000003372	303.535714286	5.96547112169	173.0	0.96956	0.802389970155
10317.000004738	371.666666667	6.09790796279	192.0	0.96856	0.803947015191
10317.000041976	305.512195122	6.49050026022	210.0	0.977034	0.841365528924
10317.000036427	295.7	6.09960257914	185.0	0.969044	0.809891599717
10317.000043092	244.30952381	6.06128106943	180.0	0.962466	0.809049642524
10317.000036069	170.8	5.0679961702	112.0	0.940992	0.744488311279
10317.000028711	236.357142857	5.63982710677	155.0	0.954506	0.775114166916
10317.000027901	405.777777778	6.61045819547	230.0	0.978334	0.842580661316
10317.000031057	302.588235294	5.46514857057	148.0	0.945468	0.758053113516
10317.000021275	305.64	5.0033568089	156.0	0.912064	0.686764664269
10317.000031439	267.0	5.5217316457	152.0	0.94325	0.761835936612
10317.000036437	316.096774194	5.84027257146	184.0	0.960236	0.776264302144
10317.000043117	257.387096774	5.72138054858	163.0	0.95998	0.7785538434
10317.000040144	218.666666667	4.48924597279	116.0	0.856388	0.654601693411
10317.000039994	259.714285714	5.40499250285	148.0	0.935104	0.749709059582
10317.000036067	278.533333333	6.36213599534	181.0	0.979276	0.848302230623
10317.000036877	409.535714286	6.2330420006	207.0	0.968626	0.810171257199
10317.000038417	302.6	5.56812702525	175.0	0.942342	0.747278119178
10317.000031891	307.5	6.01583812202	190.0	0.964446	0.794709758452
10317.000028719	215.12	5.50206877725	137.0	0.955618	0.775154114964
10317.000023341	305.5	5.10558215318	133.0	0.933988	0.723653829574
10317.000036901	234.8	5.27406834484	149.0	0.93727	0.730564514444
10317.000035492	378.533333333	6.05297737803	200.0	0.95949	0.791874837484
10317.000041632	243.375	5.1598715874	154.0	0.896326	0.71006235817
10317.000027775	286.636363636	5.82713888379	181.0	0.954944	0.776967816609
10317.000036094	141.625	4.00136123536	104.0	0.815712	0.597178902233
10317.000039831	315.035714286	5.5281532407	172.0	0.943368	0.744405622921
10317.000043164	238.647058824	5.18312335242	131.0	0.937318	0.736927574423
10317.000036422	274.885714286	6.08106024557	180.0	0.969102	0.811689733819
10317.000036939	264.916666667	5.25249537799	143.0	0.940878	0.733601922566
10317.000020388	342.019230769	6.6905959431	235.0	0.980904	0.849435859593
10317.000036147	309.0	5.90341370003	192.0	0.942092	0.778304928926
10317.000035412	244.24137931	5.95592756333	168.0	0.96141	0.805691533886
10317.000031272	128.8	3.67896270037	76.0	0.821962	0.588829286584
10317.000037565	271.24137931	5.50723205463	165.0	0.934062	0.747623019257
10317.000018298	201.0	5.37660252575	140.0	0.949554	0.754157537717
10317.000001764	245.081081081	6.13428345083	176.0	0.972754	0.8223526623
10317.000014232	310.096774194	5.71456312671	178.0	0.957026	0.764415047631
10317.000009677	191.384615385	5.20030753525	130.0	0.945172	0.740534770282
10317.000036045	235.25	6.03112048418	159.0	0.969154	0.824725422389
10317.000018424	215.444444444	4.74998233986	136.0	0.881686	0.670195025534
10317.000015901	156.0	4.9972707223	111.0	0.936216	0.735496740353
10317.000014978	278.896551724	6.1008952594	178.0	0.969468	0.816093205534
10317.000017133	267.676470588	5.67939656839	170.0	0.954498	0.766513282582
10317.000018401	332.885714286	6.59426501929	208.0	0.9821	0.856349151563
10317.000026136	303.307692308	5.63651156671	166.0	0.955586	0.764268668551
10317.000018408	193.0	5.08982336137	123.0	0.94062	0.733138311408
10317.000013197	342.434782609	6.10194182394	176.0	0.974338	0.818016993238
10317.000001936	249.352941176	4.85167960166	127.0	0.923626	0.694219272883
10317.000009495	193.352941176	4.60362376873	106.0	0.919228	0.684256569295
10317.000033748	196.322580645	4.88344782126	143.0	0.86341	0.682058041487
10317.000006717	258.75	5.90443903257	161.0	0.96621	0.805416175186
10317.000001786	336.303030303	6.42701794697	201.0	0.977006	0.840017582731
10317.000022553	335.6	6.12688379098	193.0	0.970066	0.806969833469
10317.000009178	361.677419355	6.35434298015	202.0	0.976594	0.829742426735
10317.000034127	332.5	5.39318247398	154.0	0.944766	0.742168831268
10317.000005085	308.5	5.47023891231	136.0	0.958672	0.77181906062
10317.000009648	309.076923077	5.88006575857	175.0	0.95928	0.789142284431
10317.000013001	303.15625	5.6910626785	178.0	0.949792	0.7612714834
10317.000034147	367.75	5.45555493719	163.0	0.946888	0.742380834165
10317.000028856	275.166666667	5.13960172433	141.0	0.935002	0.719877408347
10317.000005163	214.4	4.1805982654	108.0	0.869894	0.6188997617
10317.000009628	278.129032258	5.83188892576	171.0	0.960252	0.786196397685
10317.000001789	344.434782609	5.8519636283	178.0	0.951006	0.782794582277
10317.000002346	299.882352941	5.07984382957	141.0	0.932414	0.711507429366
10317.000016762	241.833333333	5.57655570958	159.0	0.945942	0.762565973458
10317.000014291	324.416666667	6.29200011942	203.0	0.968682	0.820838145568
10317.000011191	227.029411765	5.78024036393	156.0	0.966724	0.793400307942
10317.000011969	237.375	5.50619223198	148.0	0.952426	0.763746147279
10317.000013764	312.034482759	5.71984187726	177.0	0.948272	0.765953937832
10317.000016333	326.12	5.86154509501	173.0	0.963478	0.788411325428
10317.000038478	307.714285714	6.14831963669	172.0	0.971956	0.827915491809
10317.000034126	306.166666667	5.64582862044	152.0	0.950614	0.778957655132
10317.000006036	259.40625	6.1801864906	175.0	0.972778	0.829420398623
10317.000013902	322.5	5.91646253118	186.0	0.95971	0.784764279334
10317.000015295	201.65	4.63933802625	119.0	0.89422	0.672873190491
10317.000006795	418.933333333	6.11078870735	208.0	0.964466	0.79356360559
10317.000002141	188.033333333	4.85948653205	131.0	0.909192	0.690913447262
10317.000006017	245.615384615	4.65286606113	114.0	0.891782	0.680951405845
10317.000021323	251.027777778	6.11269441788	176.0	0.972466	0.819458469545
10317.000017174	181.5	5.3804206764	139.0	0.928648	0.755789466641
10317.000014451	245.0	5.19992259812	127.0	0.937764	0.744048820512
10317.000013984	235.666666667	5.89341775548	149.0	0.970498	0.816356861428
10317.000015587	148.0	4.6017968291	105.0	0.88869	0.685378098997
10317.000003508	364.137931034	5.95250483948	190.0	0.958948	0.786343247145
10317.000036114	216.4	5.04879069713	121.0	0.934428	0.729713902991
10317.000010712	236.0	6.06459787546	169.0	0.970784	0.819442868604
10317.000013986	287.24	5.82448464124	164.0	0.960476	0.791633499509
10317.000014259	330.136363636	5.51102184563	164.0	0.945422	0.74902927525
10317.000006899	342.107142857	6.14624283446	186.0	0.974224	0.815242520877
10317.000003879	219.055555556	5.25166609358	124.0	0.947266	0.755179442624
10317.000003287	388.357142857	6.69939582766	235.0	0.981656	0.850553090041
10317.000013952	249.043478261	5.7360271467	150.0	0.959476	0.793494399609
10317.000010169	226.857142857	3.72928387561	79.0	0.843088	0.591594794393
10317.000001805	289.136363636	6.05278500948	163.0	0.972416	0.823650689269
10317.000012959	216.333333333	5.63276543079	144.0	0.963338	0.785610090713
10317.000005009	260.0	5.67917120993	155.0	0.95808	0.780521455325
10317.000033803	207.869565217	5.43602153574	136.0	0.947906	0.766991186762
10317.000014237	372.043478261	5.80253548101	182.0	0.954346	0.772868166898
10317.000017185	294.777777778	6.1486795116	186.0	0.972674	0.815565723664
10317.000002811	239.476190476	5.1519790632	131.0	0.943332	0.732499532884
10317.000035361	184.954545455	5.32984803873	127.0	0.948892	0.76263964932
10317.000044399	194.058823529	5.14847442595	122.0	0.925682	0.742846565263
10317.000005987	278.37037037	6.10036758218	170.0	0.973752	0.823329155495
10317.000003922	361.8	5.83563293573	166.0	0.966498	0.79126803186
10317.000015542	162.476190476	4.77601754649	111.0	0.914652	0.702932767206
10317.000017114	173.0	4.80206456943	83.0	0.941554	0.753260371351
10317.000014222	222.0	5.23775489179	129.0	0.949488	0.747052506069
10317.000001882	301.238095238	6.2543546091	208.0	0.964838	0.812207463213
10317.000012004	390.137931034	6.24853183725	209.0	0.96684	0.810722807925
10317.000001702	362.738095238	6.13085355528	220.0	0.961874	0.787889749477
10317.000001732	308.625	5.93417139708	189.0	0.95933	0.784710548035
10317.000014929	176.0	4.89824991958	123.0	0.929244	0.70554406704
10317.000001151	243.243902439	5.8353909087	170.0	0.966916	0.787566880867
10317.000002262	395.0	6.21056526463	210.0	0.96858	0.80507747004
10317.000016752	254.153846154	4.58667827443	118.0	0.895052	0.66641234211
10317.000027295	373.12	5.88738224022	183.0	0.964938	0.783344514403
10317.000029188	396.142857143	5.6851449477	179.0	0.950824	0.759658590871
10317.000014392	235.65	5.32238516552	138.0	0.948416	0.748732764145
10317.000002512	285.588235294	4.97402333768	131.0	0.92519	0.70719809353
10317.000012242	362.0	5.88615969109	176.0	0.963722	0.789089570361
10317.000031519	231.772727273	5.57426140643	143.0	0.956592	0.778542119576
10317.000016177	269.676470588	5.49601185196	172.0	0.93554	0.740077553589
10317.000015329	235.724137931	6.08598863491	164.0	0.970296	0.827175755073
10317.000014318	276.551724138	6.07225285171	173.0	0.972766	0.816752723309
10317.000013609	186.142857143	4.51053564714	118.0	0.884382	0.655349349776
10317.000014317	247.033333333	5.42686270678	157.0	0.933332	0.743954057872
10317.000029154	267.12	5.66542060793	162.0	0.948858	0.771871442292
10317.000009529	217.363636364	4.85577191574	106.0	0.929574	0.721734442096
10317.000011955	243.043478261	5.31844256798	144.0	0.942758	0.741771018094
10317.000003266	229.12	5.13221508973	138.0	0.924148	0.721980366099
10317.000016405	268.24	6.12800684502	166.0	0.974612	0.830911739803
10317.000010984	226.217391304	5.76607177105	144.0	0.967684	0.804202522327
10317.000010843	273.088235294	5.87264377282	173.0	0.96377	0.789904161043
10317.000008955	207.5	5.66246206442	128.0	0.967682	0.80892315206
10317.000027648	349.909090909	4.44227405198	124.0	0.858996	0.638790430081
10317.000015263	105.833333333	3.5314665009	72.0	0.78939	0.572367816476
10317.000014357	244.043478261	5.30881647675	145.0	0.931814	0.739398843383
10317.000017093	182.035714286	4.92451786402	129.0	0.914234	0.702376015585
10317.000010797	234.6	5.09860684443	138.0	0.933972	0.717252486846
10317.000014954	289.545454545	5.64875393135	160.0	0.956886	0.7714844858
10317.000014379	288.0	5.64801217548	168.0	0.9466	0.764038102325
10317.000005915	233.333333333	4.39295202664	105.0	0.87259	0.654273367734
10317.000001363	205.0	4.85902603162	144.0	0.862692	0.677695517128
10317.000013604	198.25	2.51066727365	58.0	0.557854	0.428589180425
10317.000014095	200.033333333	5.1303400216	137.0	0.930672	0.722783436541
10317.000012275	226.0	5.55346629284	142.0	0.956178	0.776736043949
10317.000006619	215.956521739	5.49709683574	139.0	0.954888	0.772179005217
10317.000011145	156.555555556	4.16013457036	104.0	0.819818	0.620874859765
10317.000011389	310.222222222	6.02615619286	178.0	0.965648	0.806095649143
10317.000023487	216.772727273	4.83946744736	128.0	0.903812	0.69135249248
10317.000002205	224.272727273	3.85106801871	99.0	0.816044	0.580911276827
10317.000011155	307.714285714	5.52958617963	171.0	0.937462	0.745442992906
10317.000006929	161.551724138	5.0684987972	121.0	0.934866	0.732562362252
10317.000013648	217.4	4.95718277933	122.0	0.901488	0.715246089686
10317.000012155	410.5	6.66709788767	232.0	0.98195	0.848449225292
10317.000013119	345.24137931	5.94900497694	188.0	0.96337	0.787469059368
10317.000006654	320.954545455	5.99222491044	170.0	0.968096	0.8087338031
10317.000002071	323.037037037	5.29954682703	168.0	0.929214	0.716899251471
10317.000011049	232.454545455	5.98360301757	152.0	0.969802	0.825560549063
10317.000004159	279.526315789	5.05487735819	145.0	0.904014	0.70403083031
10317.000002568	156.076923077	4.61948031616	93.0	0.906318	0.706433418976
10317.000008957A	340.875	6.24911610126	185.0	0.974598	0.829743671068
10317.000002749	273.583333333	6.20691414055	188.0	0.96799	0.821608463732
10317.000001127	250.130434783	5.58943838837	154.0	0.952634	0.769176080386
10317.000017661	255.5	5.89612065641	163.0	0.968304	0.80233212233
10317.000002201	126.230769231	3.62849247332	75.0	0.817632	0.582533005634
10317.000011298	277.625	4.77553229386	131.0	0.907352	0.678976977897
10317.000001939	245.0625	4.69622027523	123.0	0.875114	0.676443710937
10317.000001726	254.130434783	5.45892774294	158.0	0.931034	0.747411228672
10317.000012381	237.517241379	6.20998913609	168.0	0.974874	0.840059859571
10317.000009447	268.055555556	4.90362932711	130.0	0.915546	0.698287167188
10317.000029245	390.535714286	5.97839371161	188.0	0.96891	0.791359242573
10317.000014958	224.333333333	5.72513390082	152.0	0.957946	0.789899442317
10317.000015364	299.045454545	5.61692301065	159.0	0.953778	0.768085999051
10317.000016484	283.730769231	5.30631979644	156.0	0.94092	0.728349600616
10317.000010908	294.0	5.71429071006	175.0	0.943858	0.766894216832
10317.000003125	207.136363636	5.01441151415	132.0	0.904092	0.71183006362
10317.000001524	314.666666667	5.127528806	163.0	0.924514	0.697743704541
10317.000014949	233.65	5.17968851815	136.0	0.935238	0.730824081081
10317.000015933	273.043478261	5.97779404922	165.0	0.968572	0.811503200018
10317.000014012	223.913043478	5.37846773791	139.0	0.947102	0.755515136728
10317.000004774	250.0	5.31729965421	145.0	0.936262	0.740580359382
10317.000008954B	263.772727273	5.64924213199	154.0	0.95122	0.7774058176
10317.000017636	204.714285714	5.29700465556	126.0	0.949054	0.759179037337
10317.000016703	265.071428571	6.08429759754	186.0	0.96978	0.807026055556
10317.000003365	151.6	4.83036964458	112.0	0.909508	0.709580989956
10317.000017216	329.0	6.61710685689	200.0	0.982942	0.865676524074
10317.000004163	277.315789474	5.18393178466	139.0	0.941186	0.728188607225
10317.000018338	263.516129032	6.2098277728	174.0	0.975652	0.83432418589
10317.000003411	156.1	4.46623153707	82.0	0.92839	0.702508061881
10317.000013697	267.473684211	5.20371162905	144.0	0.917898	0.725769325063
10317.000017161	192.956521739	4.60447559114	116.0	0.900664	0.671403959038
10317.000001072	206.136363636	4.90721997233	131.0	0.913178	0.697700105802
10317.000002773	229.0	3.9576608592	111.0	0.787018	0.582487286184
10317.000010748	219.476190476	5.71419780559	138.0	0.966966	0.803851465988
10317.000011956	286.157894737	5.2633050909	144.0	0.941948	0.734080912959
10317.000007641	281.136363636	5.79422725811	155.0	0.964132	0.79633427569
10317.000005007	217.142857143	4.89411173979	130.0	0.90036	0.696931842663
10317.000012948	181.217391304	4.07131415169	119.0	0.798296	0.590489015294
10317.000017079	197.083333333	4.47480077493	95.0	0.9186	0.681110977424
10317.000009193	235.9375	4.89294501677	129.0	0.897988	0.697872831462
10317.000012984	325.875	5.79621008679	170.0	0.962534	0.782278885909
10317.000015581	207.12	5.03113971428	129.0	0.93048	0.717583317583
10317.000014802	293.869565217	5.47021533339	153.0	0.95373	0.753744384613
10317.000020067	251.625	5.54523059101	151.0	0.946898	0.766084626476
10317.000017353	294.129032258	6.28286679368	187.0	0.974294	0.83251022352
10317.000001059	230.75	5.02214301859	133.0	0.933538	0.711827352697
10317.000017088	290.5	5.35782462203	148.0	0.94476	0.74316655512
10317.000013213	166.84	5.43298721425	129.0	0.947804	0.774898176357
10317.000004602	213.8125	5.27676826925	121.0	0.949742	0.762664051635
10317.000014399	218.454545455	5.3450734139	138.0	0.945576	0.751924460047
10317.000005008	240.615384615	5.56090758426	153.0	0.943424	0.76624092646
10317.000010104	311.391304348	6.18809087928	174.0	0.972882	0.831403715845
10317.000010565	251.894736842	5.33112208099	139.0	0.931208	0.748864476687
10317.000027213	179.5	4.00694645862	100.0	0.852746	0.603105537533
10317.000007746	286.4	5.640562259	160.0	0.953846	0.770365699567
10317.000027194	247.066666667	4.61273727321	121.0	0.90709	0.666690049365
10317.000015224	288.757575758	6.38132029026	193.0	0.973868	0.84048158046
10317.000013933	180.476190476	5.50280006435	129.0	0.954618	0.784855470217
10317.000018033	201.0	5.22501073873	131.0	0.934142	0.742883051054
10317.000006084	172.875	5.29899426415	111.0	0.95454	0.779904316777
10317.000023423	265.541666667	5.62677285738	153.0	0.951588	0.775316543547
10317.000002059	333.652173913	5.99658084557	171.0	0.96954	0.808398499907
10317.000005851	296.375	5.43108952037	158.0	0.946856	0.743599747532
10317.000003047	217.285714286	5.0715065972	133.0	0.925132	0.718824036253
10317.000008982	190.666666667	5.3850765518	128.0	0.950124	0.769296650256
10317.000010765	251.0	5.05377389394	146.0	0.88921	0.702906427347
10317.000012072	230.647058824	4.90019707202	123.0	0.917054	0.705824534936
10317.000002005	252.428571429	5.8097449223	171.0	0.962552	0.783211166661
10317.000017183	284.41025641	5.77298632439	184.0	0.949052	0.767320899078
10317.000008976	187.115384615	5.01090440076	130.0	0.912948	0.713563364122
10317.000012228	247.785714286	6.01847461274	164.0	0.971724	0.817999602172
10317.000011224	321.0	5.2179593707	159.0	0.897498	0.71352972591
10317.000023828	279.714285714	5.6617674503	158.0	0.953876	0.7751831066
10317.000003149	291.5	5.47700221605	167.0	0.941862	0.74176890069
10317.000013029	194.576923077	5.09218382417	131.0	0.932442	0.723997948518
10317.000026111	212.25	4.46318826485	116.0	0.89124	0.650802075425
10317.000003536	266.0	5.99025282229	175.0	0.967816	0.803930090342
10317.000011012	283.142857143	5.81956268337	158.0	0.963476	0.796787702701
10317.000010259	174.4	5.03577908514	118.0	0.934244	0.73166355556
10317.000006637	304.692307692	6.10944423493	195.0	0.968048	0.803099639815
10317.000012113	186.0	4.20721793752	102.0	0.86208	0.630538031059
10317.000013079	197.44	5.25302306193	129.0	0.943848	0.749230180475
10317.000001488	145.235294118	3.12617338869	87.0	0.689262	0.485208878629
10317.000004162	289.4	5.68447160177	142.0	0.964062	0.795059112827
10317.000012906	237.541666667	5.11345988382	134.0	0.942998	0.723661950196
10317.000012976	291.2	5.9812922871	175.0	0.968896	0.802727529435
10317.000009533	164.666666667	3.77932969297	78.0	0.817202	0.601286848697
10317.000014309	238.444444444	5.43674337454	149.0	0.941862	0.753098277056
10317.000013778	346.464285714	6.07280537878	187.0	0.97012	0.804676070542
10317.000010732	262.181818182	5.33854650137	146.0	0.947544	0.742514154226
10317.000002371	308.533333333	5.7841928411	178.0	0.953808	0.773729145711
10317.000006021	164.0	4.83884593976	122.0	0.901738	0.69817188332
10317.000002329	360.161290323	5.74804264376	194.0	0.929844	0.756330074189
10317.000010761	213.823529412	5.81596982454	160.0	0.952064	0.794322171588
10317.000009129	243.434782609	5.80157764035	153.0	0.959036	0.799403003684
10317.000014323	268.1	5.53181437192	168.0	0.943488	0.748319377476
10317.000006894	271.25	5.66294169783	164.0	0.95164	0.769677427257
10317.000014241	207.0	4.77641767283	120.0	0.914268	0.691543844038
10317.000001685	214.913043478	4.84789454013	130.0	0.917674	0.690350415871
10317.000011302	235.275862069	5.23894915956	152.0	0.922394	0.722820302748
10317.000012231	163.115384615	5.08732437637	116.0	0.94307	0.741810801165
10317.000015577	365.75	6.27805560151	196.0	0.973052	0.824464192336
10317.000001579	250.516129032	5.58032216583	161.0	0.954536	0.761203851935
10317.000002202	280.222222222	6.06916292008	169.0	0.972314	0.820059693221
10317.000017662	323.0	5.90001423707	182.0	0.962118	0.78585184063
10317.000003432	189.0	4.5330520294	105.0	0.865332	0.675139450512
10317.000011116	295.538461538	6.10149977394	174.0	0.9733	0.819769729186
10317.000006737	286.923076923	6.07597111619	191.0	0.963246	0.801851294691
10317.000006841	279.527777778	6.01945299136	185.0	0.964322	0.799249516562
10317.000013563	308.307692308	5.09161112903	171.0	0.870206	0.686399617519
10317.000013295	307.103448276	6.03347144705	184.0	0.950616	0.801943478673
10317.000016699	345.25	6.52721360895	199.0	0.980358	0.85472495157
10317.000017217	339.303030303	6.5264970429	204.0	0.98064	0.850643277974
10317.000016702	282.6	6.19107711751	183.0	0.974572	0.823752578033
10317.000006728	149.789473684	4.35004037561	100.0	0.876252	0.654746317704
10317.000002498	308.90625	6.09440723967	192.0	0.957412	0.803485480527
10317.000013286	271.789473684	5.16541503764	141.0	0.931708	0.723492945521
10317.000022964	283.5	5.28773402107	147.0	0.93947	0.734440925616
10317.000002466	351.352941176	5.32842515932	156.0	0.920754	0.731383799994
10317.000017644	289.526315789	5.62906579116	155.0	0.957652	0.773635176864
10317.000017173	254.1875	5.30320579533	136.0	0.944544	0.74825165424
10317.000013332	427.75	6.68025223717	230.0	0.977522	0.851476732975
10317.000002173	208.75	4.51394810207	109.0	0.898852	0.666936342964
10317.000011329	281.607142857	5.65250448057	163.0	0.957638	0.769181327971
10317.000007039	255.285714286	5.88362832734	176.0	0.95792	0.788750219607
10317.000002886	240.161290323	5.75218357178	160.0	0.962694	0.785610497294
10317.000006887	301.75	6.07735598065	188.0	0.965068	0.804458865991
10317.000009126	282.0	4.87957626836	136.0	0.897824	0.688479979036
10317.000022636	184.9	4.79294198661	116.0	0.912812	0.698885282712
10317.000014233	313.176470588	6.42456480105	198.0	0.97723	0.842084742001
10317.000023088	282.5	5.76185325736	175.0	0.961402	0.773277413682
10317.000004974	351.44	6.1059680451	184.0	0.969308	0.81157941953
10317.000002414	90.0	3.68116400854	65.0	0.845922	0.611248618953
10317.000006027	272.129032258	5.65350200369	165.0	0.95672	0.767479596909
10317.000017098	257.033333333	6.03383665671	167.0	0.972152	0.817182868883
10317.000003841	158.5	4.59500724528	109.0	0.91071	0.678912840547
10317.000014559	258.071428571	5.0368331152	123.0	0.9355	0.725505594741
10317.000003761	297.956521739	5.95817889401	164.0	0.969854	0.809804523334
10317.000014799	331.652173913	5.92550216379	169.0	0.968944	0.800648384399
10317.000002208	250.451612903	5.76020271206	168.0	0.959252	0.779214741822
10317.000016313	229.954545455	5.53362532187	144.0	0.946316	0.771782873706
10317.000022899	232.028571429	5.78307477716	165.0	0.957686	0.785069483653
10317.000004793	203.125	5.87260622086	155.0	0.959536	0.80710635137
10317.000003837	224.954545455	5.31114929276	139.0	0.941896	0.746058892539
10317.000010285	175.615384615	4.75069927447	96.0	0.938306	0.721446670949
10317.000005848	185.636363636	4.57501135183	123.0	0.865204	0.658984773933
10317.000005907	208.0	5.48549703737	147.0	0.944594	0.761909261232
10317.000013421	238.416666667	5.85082824034	177.0	0.951214	0.783494548702
10317.000020072	247.071428571	5.17777357904	129.0	0.936572	0.738497468476
10317.000001477	207.461538462	5.10847185605	117.0	0.930242	0.743551771203
10317.000014132	324.6875	5.95583046708	191.0	0.95433	0.785996226721
10317.000003382	331.657894737	6.14928008363	204.0	0.963272	0.801477995489
10317.000003221	153.136363636	4.35871910296	104.0	0.856028	0.650512397142
10317.000014607	188.875	3.80930166479	106.0	0.79224	0.566193029557
10317.000017125	369.75	6.53920441511	231.0	0.974808	0.832834108759
10317.000013826	253.785714286	4.91190215151	152.0	0.892288	0.677697471781
10317.000004872	188.25	5.38924452803	133.0	0.946256	0.763859502053
10317.000001118	310.483870968	5.99254363281	187.0	0.962178	0.79404100119
10317.000014293	206.136363636	5.33832940445	131.0	0.952666	0.75899450428
10317.000016721	264.451612903	6.50789371333	182.0	0.982574	0.866818290219
10317.000016763	244.551724138	6.06911897016	166.0	0.96897	0.822926985903
10317.000012173	166.05	5.13135605895	112.0	0.947032	0.753795874859
10317.000004641	231.12	5.28565699956	140.0	0.936086	0.741400921664
10317.000013509	239.44	5.72543179842	151.0	0.962078	0.790979781403
10317.000012951	283.111111111	5.60121848807	169.0	0.942888	0.756831473381
10317.000023799	289.24	5.75573026233	166.0	0.957586	0.780433828986
10317.000004705	268.75	5.04107110929	170.0	0.860568	0.680362414771
10317.000014605	314.0	5.93362211444	182.0	0.961506	0.79032823869
10317.000015455	201.84	5.53633984091	138.0	0.95935	0.778831088586
10317.000007651	172.4	4.03458680194	94.0	0.864404	0.615536213368
10317.000001827	245.894736842	4.86326071048	133.0	0.886702	0.689307728633
10317.000012872	204.4375	4.95585206834	115.0	0.935496	0.723958698568
10317.000014666	332.837837838	6.36891827096	207.0	0.9731	0.827832464804
10317.000017146	240.576923077	4.94931511379	145.0	0.90362	0.689328381702
10317.000006636	236.607142857	5.87073235126	160.0	0.959344	0.801801421044
10317.000017276	114.090909091	3.1171054487	69.0	0.690664	0.510287790571
10317.000004161	232.2	5.70496368924	149.0	0.959376	0.790252183901
10317.000023299	230.047619048	4.88366462254	131.0	0.920972	0.694351046635
10317.000013733	273.625	5.43504287976	158.0	0.940338	0.74414102328
10317.000010304	294.783783784	6.30059099609	196.0	0.971924	0.827423647791
10317.000012034	238.5	4.64694203138	88.0	0.92654	0.719404168313
10317.000015874	285.4	5.51697974273	159.0	0.94946	0.754419259334
10317.000023823	166.714285714	4.07232125601	106.0	0.858002	0.605286772266
10317.000014391	274.617647059	6.13052315618	184.0	0.969272	0.814843180928
10317.000018411	196.352941176	4.25435291857	109.0	0.839574	0.62858112522
10317.000002963	164.588235294	4.60111083873	101.0	0.916724	0.691043060235
10317.000014646	214.75	5.27140358315	141.0	0.934568	0.738338212439
10317.000001793	301.884615385	5.71118775141	171.0	0.95325	0.769924683721
10317.000013214	162.0	4.58888126731	107.0	0.896988	0.680694762219
10317.000023154	362.058823529	5.43191368289	157.0	0.946294	0.744646482645
10317.000009222	252.285714286	5.70288890009	147.0	0.963146	0.792103949589
10317.000010738	218.535714286	5.69795254183	151.0	0.960846	0.787183467494
10317.000027198	178.75	4.55557256951	115.0	0.89585	0.665485237085
10317.000007734	269.37037037	5.68439357637	161.0	0.95814	0.775400085812
10317.000006818	136.666666667	3.78286640362	78.0	0.809514	0.601849535145
10317.000026639	295.535714286	5.66979356662	174.0	0.943294	0.761767648751
10317.000005041	205.214285714	4.62444455031	103.0	0.925468	0.69160909081
10317.000013312	292.666666667	5.34074684975	161.0	0.930502	0.728523722005
10317.000001285	390.555555556	5.87648730108	196.0	0.950018	0.771728328641
10317.000018306	180.625	4.9388949135	121.0	0.919038	0.713830400186
10317.000017215	295.433333333	6.29798486219	182.0	0.978666	0.838859500561
10317.000016698	319.222222222	6.32482601225	187.0	0.976586	0.838070022824
10317.000009098	240.5	5.06682729398	143.0	0.897818	0.70767015993
10317.000012013	310.75	4.94692593347	132.0	0.919128	0.702250023161
10317.000014909	186.071428571	4.0907933482	95.0	0.85862	0.622661073862
10317.000014979	331.0	5.89714401016	165.0	0.96835	0.800554718982
10317.000014538	224.0	4.09394144693	110.0	0.825072	0.603705100433
10317.000004278	177.615384615	4.11681578466	98.0	0.83272	0.622372845019
10317.000009556	230.2	5.50496823538	152.0	0.947892	0.759523080931
10317.000022663	248.043478261	5.59434709923	149.0	0.94869	0.774929561953
10317.000001141	258.0	5.23420295492	143.0	0.937578	0.731047068965
10317.000002359	229.615384615	5.41689324566	142.0	0.951218	0.757634242878
10317.000004823	180.652173913	4.95272029735	123.0	0.924022	0.713389981907
10317.000014236	246.625	5.36401669122	136.0	0.943014	0.756831719808
10317.000001799	194.714285714	4.91457878213	124.0	0.899552	0.706706938196
10317.000023213	256.588235294	5.53762783128	138.0	0.953958	0.779012278139
10317.000013652	283.619047619	5.49688965162	155.0	0.945372	0.755469442996
10317.000010205	176.260869565	5.26954913532	123.0	0.939446	0.759026017341
10317.000005989	344.588235294	5.68666173068	154.0	0.960606	0.782555218711
10317.000011072	187.875	3.75542937003	75.0	0.880958	0.602911973624
10317.000017111	226.230769231	4.412192377	112.0	0.881808	0.648150776259
10317.000011369	389.9	5.86354695377	176.0	0.956872	0.786058141363
10317.000013178	151.0	3.57317615112	88.0	0.71805	0.55317191389
10317.000013905	186.090909091	4.05428023085	92.0	0.83812	0.621482597721
10317.000012914	337.888888889	5.45132505794	176.0	0.93811	0.730796304147
10317.000003423	143.0	4.23878463861	102.0	0.842402	0.63526894965
10317.000013306	271.652173913	5.44226846747	151.0	0.941734	0.751860204487
10317.000002489	244.0	5.52663862823	132.0	0.963784	0.784544211268
10317.000004759	165.75	3.81836274272	102.0	0.842264	0.572260092399
10317.000004734	361.588235294	6.0389921409	171.0	0.96749	0.814115962643
10317.000002687	248.352941176	4.71377924395	126.0	0.87542	0.675589813742
10317.000004158	218.954545455	5.10080217372	133.0	0.926936	0.722976325944
10317.000004157	241.105263158	5.14615421321	135.0	0.926456	0.72718500894
10317.000001321	241.230769231	5.69365323391	151.0	0.960436	0.786589509561
10317.000003022	319.64	5.83793753779	170.0	0.964282	0.787910583759
10317.000003757	314.913043478	5.52892633574	156.0	0.954744	0.758904748103
10317.000013103	146.894736842	3.35540351093	90.0	0.722926	0.516863746167
10317.000002087	221.913043478	5.2064500558	137.0	0.92467	0.733506131693
10317.000023258	230.130434783	5.2900858835	134.0	0.953158	0.748658238087
10317.000009214	222.0	4.72608753108	138.0	0.88024	0.664847896328
10317.000013829	209.032258065	5.19153074771	150.0	0.921814	0.71817138733
10317.000016757	237.25	5.52615889989	151.0	0.948872	0.763449834446
10317.000003092	266.714285714	5.86097294732	155.0	0.965544	0.805507523081
10317.000014593	312.15	5.75868607222	162.0	0.95539	0.784578168485
10317.000006047	248.5	5.17801159096	142.0	0.932034	0.724223039559
10317.000001065	206.0	5.14051627473	134.0	0.939952	0.727490997661
10317.000010098	320.117647059	5.31828746513	148.0	0.92909	0.737682483736
10317.000009117	212.807692308	5.77711264279	147.0	0.96337	0.802413271895
10317.000006702	164.1	3.82691280558	78.0	0.8464	0.608857265187
10317.000026135	334.272727273	5.97083643054	172.0	0.967824	0.804016100659
10317.000009624	269.181818182	5.64644735313	153.0	0.958066	0.778027504595
10317.000020358	222.055555556	5.06185667596	127.0	0.924208	0.724293182885
10317.000009075	263.954545455	5.60751875272	151.0	0.959828	0.774689859805
10317.000001765	376.384615385	6.12521380636	186.0	0.97352	0.812453213923
10317.000012996	233.689655172	5.51506063222	148.0	0.945682	0.764976254443
10317.000016353	309.8	5.51817280847	167.0	0.940718	0.747344773016
10317.000008949A	275.541666667	5.80200490747	163.0	0.958226	0.789525042389
10317.000005571	103.363636364	3.12090932519	69.0	0.69434	0.510910506665
10317.000004792	219.428571429	5.1677870621	121.0	0.935218	0.746912734777
10317.000011039	307.363636364	5.86995475194	186.0	0.950572	0.778595450634
10317.000006626	225.5	5.30268965378	134.0	0.946058	0.750441936247
10317.000017126	208.65	5.14502439803	126.0	0.937826	0.737396873056
10317.000014608	203.384615385	4.87900649515	133.0	0.898428	0.691539501041
10317.000013258	213.291666667	5.36049708005	142.0	0.934862	0.749746388292
10317.000015264	229.55	5.24444095022	135.0	0.934528	0.741073563144
10317.000007732	246.636363636	5.23390636025	140.0	0.943202	0.734142037538
10317.000027644	321.5	5.43985127422	172.0	0.919448	0.732515127579
10317.000007697	313.96875	6.09613204739	186.0	0.968712	0.808595786364
10317.000004881	172.875	5.03211598881	111.0	0.934482	0.740625255768
10317.000006651	214.954545455	3.94920028404	129.0	0.733498	0.563268047115
10317.000023808	337.24137931	5.92214313315	180.0	0.96651	0.790477743892
10317.000004642	208.272727273	2.99267452455	83.0	0.74199	0.469436237497
10317.000002345	246.285714286	5.39380858484	155.0	0.92687	0.741302413814
10317.000001353	288.730769231	5.58316528362	161.0	0.955512	0.761591677609
10317.000011077	227.647058824	5.15802258071	127.0	0.935952	0.738053412321
10317.000028759	190.526315789	5.11853724458	118.0	0.94142	0.743687738543
10317.000004631	331.954545455	6.04865005807	181.0	0.964404	0.806503246751
10317.000009433	181.5	4.81668034738	99.0	0.926516	0.726568296656
10317.000009061	308.217391304	6.22072408187	207.0	0.96676	0.808570173218
10317.000013995	294.885714286	6.19021083469	188.0	0.973734	0.819397449182
10317.000015155	276.0	5.37918595833	138.0	0.951046	0.756723282171
10317.000022965	320.078947368	5.89835280259	195.0	0.958604	0.77535121512
10317.000016701	422.0	6.32083807942	204.0	0.974568	0.823838329823
10317.000010714	330.526315789	5.81251638666	160.0	0.965824	0.793850514691
10317.000002529	250.473684211	5.37480078617	141.0	0.94299	0.75282052343
10317.000021223	288.315789474	5.60236284338	150.0	0.956392	0.775003922943
10317.000012401	393.935483871	6.44819981343	211.0	0.976234	0.835140134304
10317.000022638	163.875	4.3362216608	102.0	0.870636	0.64987188894
10317.000013972	221.791666667	5.53388619437	143.0	0.953894	0.772903022146
10317.000017163	270.4	5.25474380941	136.0	0.942472	0.741413948419
10317.000001126	206.136363636	5.18549617547	131.0	0.934998	0.737264938329
10317.000009472	298.428571429	5.74221822955	184.0	0.942096	0.763231334185
10317.000001026	327.0	6.28285663762	195.0	0.972132	0.825895074684
10317.000010919	337.588235294	4.9415795154	147.0	0.889924	0.686361722967
10317.000014311	229.8	5.08323681862	129.0	0.932782	0.725013843289
10317.000005039	228.117647059	4.90171146904	124.0	0.922038	0.704856643422
10317.000001025	192.84	4.83727446667	129.0	0.883478	0.689932630971
10317.000004249	200.107142857	5.43446876855	139.0	0.950256	0.763381619967
10317.000017176	218.235294118	4.97143118443	121.0	0.923914	0.718532945939
10317.000002258	232.6	5.00658504976	136.0	0.91742	0.706400183239
10317.000013118	186.964285714	5.96922388351	150.0	0.969256	0.825753714276
10317.000013431	459.64	6.48366343691	211.0	0.979068	0.839733213944
10317.000021159	311.681818182	5.53409815187	157.0	0.954694	0.758654677519
10317.000014197	381.357142857	6.35048745259	201.0	0.97479	0.830014971655
10317.000015541	196.4	4.4105489956	108.0	0.886554	0.652941887513
10317.000022661	273.7	5.74094066765	171.0	0.95567	0.773935671561
10317.000014258	279.965517241	5.92729613304	171.0	0.96742	0.799058234326
10317.000014324	201.0	5.064665164	125.0	0.935104	0.727077520209
10317.000002369	171.323529412	3.82407383527	121.0	0.75924	0.55270261951
10317.000010757	224.454545455	5.75952391709	144.0	0.965026	0.803289283491
10317.000010305	424.882352941	6.28099142651	184.0	0.976918	0.834842786328
10317.000002372	272.111111111	5.0948554025	158.0	0.894762	0.697564121673
10317.000013056	244.285714286	5.62556070615	153.0	0.957464	0.775149520473
10317.000013852	302.375	5.71450296174	164.0	0.960672	0.776685364664
10317.000012017	243.137931034	5.58230599628	155.0	0.949696	0.767208706909
10317.000021237	97.8	1.98018829662	60.0	0.42338	0.335233616498
10317.000016489	186.291666667	4.14827915144	115.0	0.818666	0.605987171198
10317.000012355	302.884615385	5.91875925091	172.0	0.964846	0.797003533595
10317.000018409	314.157894737	5.33035934892	152.0	0.927796	0.73543220997
10317.000004077	127.666666667	4.50169919715	76.0	0.926732	0.720510791373
10317.000004294	223.216216216	5.91095163067	167.0	0.962952	0.800540134942
10317.000022993	351.538461538	6.10886951759	187.0	0.970848	0.809454743281
10317.000010847	229.64	5.61318273782	149.0	0.959074	0.777538676637
10317.000008963	169.2	3.89896476106	94.0	0.809686	0.59484505425
10317.000013372	254.1	4.67042537872	111.0	0.915026	0.687391745015
10317.000016407	337.045454545	5.77176243115	167.0	0.960144	0.781689271743
10317.000006657	209.956521739	5.34661850133	133.0	0.9504	0.757817784079
10317.000017327	267.7	5.58957043677	165.0	0.94061	0.758800697851
10317.000010764	239.230769231	4.99838913505	125.0	0.905188	0.717563009531
10317.000005805	259.777777778	5.53156792459	157.0	0.945748	0.758307815444
10317.000018032	290.375	5.81000055327	162.0	0.962336	0.791569385067
10317.000012988	125.461538462	3.67235524282	77.0	0.810152	0.58600292494
10317.000013732	218.2	4.20522764455	108.0	0.882694	0.622545918522
10317.000011093	378.90625	6.45095179182	205.0	0.97854	0.840024547005
10317.000003078	275.146341463	6.56765299822	200.0	0.981656	0.859206771446
10317.000004979	392.214285714	5.47589437679	155.0	0.93676	0.752583940541
10317.000014188	213.136363636	5.44900940737	138.0	0.940698	0.766545777608
10317.000012921	209.75	5.47823347899	140.0	0.958446	0.76841296186
10317.000011223	406.025641026	6.45984985786	226.0	0.974132	0.82604885245
10317.000013608	151.785714286	4.82101429411	118.0	0.91111	0.7004597303
10317.000009594	225.785714286	4.77978062563	142.0	0.897146	0.668524431108
10317.000022994	503.954545455	6.31752809938	206.0	0.976316	0.821899130435
10317.000002494	224.0	4.51678067151	114.0	0.853166	0.661035178694
10317.000005887	190.576923077	4.84439161249	127.0	0.910158	0.69317644587
10317.000009427	161.230769231	4.30264564362	95.0	0.87231	0.654907185199
10317.000004078	275.789473684	5.21863796946	145.0	0.931094	0.726839003675
10317.000014803	204.384615385	5.25158699037	134.0	0.936962	0.743209836278
10317.000002244	236.0	5.63762866383	163.0	0.948994	0.767157057046
10317.000002506	269.214285714	3.97279951084	116.0	0.835546	0.579295788901
10317.000028817	250.620689655	5.71773627678	160.0	0.956148	0.780905821894
10317.000027879	368.0	5.76006149061	182.0	0.945364	0.767210847746
10317.000002325	203.352941176	4.29796315652	116.0	0.858068	0.626709691902
10317.000026127	268.142857143	5.46981711393	143.0	0.953646	0.763954665753
10317.000031851	322.724137931	5.35118719842	172.0	0.93258	0.72057587161
10317.000036428	164.807692308	5.19677993769	125.0	0.939258	0.746043765543
10317.000042001	207.0	5.40361340328	130.0	0.949794	0.769485955044
10317.000026648	159.15	4.55626105113	114.0	0.8565	0.666813170077
10317.000027761	342.5	6.38918164682	205.0	0.974842	0.831981014864
10317.000030744	177.368421053	5.20068850412	118.0	0.938956	0.755623743208
10317.000039842	195.115384615	5.68520776758	138.0	0.965378	0.799773258451
10317.000041636	163.136363636	4.82785345391	114.0	0.910404	0.70656097843
10317.000021239	166.454545455	4.91133043844	113.0	0.935836	0.720117531447
10317.000036165	265.785714286	5.77444171572	164.0	0.962296	0.784831926719
10317.000027762	127.0	4.38694244047	92.0	0.866232	0.672476550391
10317.000023342	328.25	5.16135917904	127.0	0.935768	0.738530840977
10317.000041617	288.538461538	6.12052228787	176.0	0.968054	0.820507861829
10317.000029227	197.333333333	5.29854000253	124.0	0.94713	0.761919820213
10317.000030751	202.0	4.20880445664	115.0	0.850978	0.61482880339
10317.000042989	226.047619048	5.2068106731	136.0	0.93511	0.73465086022
10317.000011074	257.076923077	5.79657551009	156.0	0.965526	0.795642482865
10317.000026658	319.032258065	6.14830406264	184.0	0.972382	0.817206543729
10317.000036106	129.214285714	3.70559103982	79.0	0.845854	0.58783628236
10317.000014136	246.130434783	5.87047492322	150.0	0.970378	0.812093258189
10317.000031222	250.0	5.40768185755	138.0	0.94249	0.760731976155
10317.000005898	245.0	6.25267288974	176.0	0.976806	0.838223769506
10317.000030756	241.0	4.0880951045	115.0	0.83951	0.597195390552
10317.000038402	253.066666667	5.29780817248	127.0	0.950018	0.758055114792
10317.000033785	451.142857143	6.24071590531	201.0	0.971734	0.815667722191
10317.000028955	364.7	6.14505847666	193.0	0.969176	0.809363615295
10317.000035491	277.28125	5.88973606169	181.0	0.957624	0.785314278502
10317.000031319	198.045454545	5.48886606923	133.0	0.951384	0.77797963716
10317.000036399	150.235294118	4.11237798513	92.0	0.882374	0.630388430865
10317.000002326	172.681818182	4.7658306506	117.0	0.895888	0.693679425346
10317.000036934	182.428571429	4.34464420452	82.0	0.891024	0.683383195508
10317.000036101	250.689655172	5.5433225433	155.0	0.950532	0.761850984747
10317.000039907	255.028571429	6.55165778716	188.0	0.981948	0.867242137963
10317.000040048	241.130434783	5.51539678337	145.0	0.95096	0.768170838129
10317.000043083	311.7	4.79336411084	166.0	0.879036	0.649944201039
10317.000036085	188.037037037	4.73463004788	131.0	0.896386	0.673161566829
10317.000042009	225.0	5.56432804831	158.0	0.944322	0.761842152737
10317.000040002	165.0	5.14918861375	118.0	0.943578	0.748141168563
10317.000036124	230.333333333	3.35904126393	102.0	0.677688	0.503421333589
10317.000040003	241.848484848	5.7223583391	160.0	0.957866	0.781537084896
10317.000037487	310.8	5.36765491299	168.0	0.907658	0.726112612055
10317.000033728	248.275862069	4.81686923365	150.0	0.894518	0.66634251596
10317.000036081	237.047619048	5.3231699614	138.0	0.935786	0.748843166224
10317.000037612	176.3	4.42894294904	110.0	0.870946	0.653105444356
10317.000043003	189.12	5.44180539506	134.0	0.940774	0.770129734905
10317.000028718	246.0	4.89007168188	120.0	0.929624	0.707999006816
10317.000030771	126.214285714	3.64549149161	76.0	0.825516	0.583472116757
10317.000034241	260.5	5.61102154141	151.0	0.957278	0.775173777024
10317.000009144	102.083333333	4.20230441415	75.0	0.881884	0.674655118885
10317.000004765	265.130434783	5.73295740069	154.0	0.963456	0.788926077377
10317.000009566	202.352941176	4.38652964723	115.0	0.86616	0.640791179972
10317.000006675	297.529411765	6.39927081319	195.0	0.976688	0.841197969493
10317.000031829	146.4	3.69426553826	89.0	0.75881	0.570478321513
10317.000033666	166.066666667	4.75987027399	103.0	0.9233	0.711862693294
10317.000031926	344.1	5.40869018662	123.0	0.961816	0.779067898592
10317.000027821	171.041666667	5.02006387365	120.0	0.929032	0.726819659897
10317.000013063	291.333333333	4.80203250229	118.0	0.909708	0.697701808426
10317.000010852	166.0	4.33813651852	88.0	0.900086	0.671597251064
10317.000016754	242.27027027	5.9418797432	177.0	0.949518	0.795687413235
10317.000014234	135.476190476	4.73525606874	102.0	0.912032	0.709675391789
10317.000022526	192.44	4.99069000259	124.0	0.934452	0.717651584718
10317.000033713	201.25	3.66479496295	95.0	0.747648	0.557819711944
10317.000009621	210.5	4.79035647589	122.0	0.898724	0.691175591078
10317.000001325	148.913043478	4.28006220886	115.0	0.79172	0.625238248396
10317.000014018	237.315789474	5.56727244686	141.0	0.957544	0.779779032612
10317.000013201	254.55	5.4383207555	144.0	0.945636	0.758490605467
10317.000010207	197.0	5.34699174838	136.0	0.947722	0.754429598877
10317.000006777	201.0	5.27611660884	142.0	0.942856	0.737944506379
10317.000014165	190.0	5.27875614103	121.0	0.942958	0.76295136354
10317.000002125	269.769230769	5.22107079873	129.0	0.944924	0.74467288087
10317.000014678	182.8	2.27585322408	70.0	0.599908	0.37130822933
10317.000002711	120.583333333	3.32019362558	71.0	0.733796	0.53989108187
10317.000021226	153.0	4.99603653789	110.0	0.93626	0.736730795732
10317.000013755	326.0	4.70963444962	118.0	0.91044	0.684277016234
10317.000016381	137.315789474	3.90708158448	92.0	0.828196	0.598918445291
10317.000001221	255.476190476	5.16303632797	147.0	0.920738	0.717121013386
10317.000009497	172.058823529	4.21006608249	100.0	0.887762	0.633678087279
10317.000002161	281.0	5.36195261495	139.0	0.95235	0.753195251959
10317.000043152	197.807692308	5.12620273923	132.0	0.931536	0.727699593801
10317.000039986	291.625	6.22421138296	176.0	0.973652	0.834408263414
10317.000006736	228.538461538	5.65607011029	151.0	0.958372	0.781397326342
10317.000023343	149.333333333	4.10530025357	81.0	0.893992	0.64753901933
10317.000036151	291.565217391	5.7881379198	161.0	0.962876	0.789551704928
10317.000038424	307.476190476	5.53916725157	157.0	0.942042	0.759349586805
10317.000036191	220.64	5.39392471507	140.0	0.949774	0.756587261615
10317.000005799	62.0	1.85949903258	38.0	0.448682	0.354330167064
10317.000016719	208.222222222	5.82971035431	147.0	0.964092	0.809718842065
10317.000016723	245.647058824	5.43021831932	138.0	0.949696	0.763902319298
10317.000004927	106.461538462	3.42376985026	73.0	0.802336	0.553128738576
10317.000016717	298.571428571	5.88392054514	150.0	0.968296	0.813953260838
10317.000009694	299.666666667	5.87322794915	168.0	0.959318	0.794504295913
10317.000002382	300.565217391	5.97717839268	170.0	0.967402	0.806703066986
10317.000001575	306.476190476	5.31861526586	156.0	0.926068	0.730037286355
10317.000001305	231.375	5.10517906579	142.0	0.919326	0.714036312119
10317.000012154	248.153846154	4.85499416935	112.0	0.929532	0.713198331061
10317.000010555	202.25	5.1151813878	128.0	0.914418	0.730740198257
10317.000001404	297.4	5.66019171668	141.0	0.961706	0.79279375374
10317.000001155	150.05	4.70097158629	107.0	0.8926	0.697321754415
10317.000006034	286.5	5.47659236105	150.0	0.952904	0.757605439496
10317.000013758	171.875	5.21189606621	110.0	0.951502	0.76856210058
10317.000001782	464.55	5.55539480584	181.0	0.94518	0.740734528346
10317.000015538	194.076923077	4.86167013035	126.0	0.921172	0.696785879836
10317.000014556	195.875	3.61626979794	83.0	0.806124	0.567254498876
10317.000010979	188.5	4.61838869442	122.0	0.89651	0.666363255377
10317.000013061	239.483870968	5.94994862832	166.0	0.968058	0.806768381878
10317.000005228	82.5	0.814751284192	30.0	0.188212	0.166042276329
10317.000002067	171.25	4.35032886805	110.0	0.86688	0.641512772044
10317.000010822	224.5	5.19282959842	114.0	0.947374	0.759975586853
10317.000012156	413.391304348	5.7943881979	185.0	0.961762	0.769365916238
10317.000008991	249.368421053	5.16289513418	133.0	0.939856	0.7317772437
10317.000001405	136.3125	4.77461943587	90.0	0.934924	0.735478663029
10317.000010776	341.64	6.26188566722	185.0	0.975438	0.8314391855
10317.000013965	258.0	5.21561655042	132.0	0.937674	0.740392496792
10317.000003281	128.8	4.35220613755	76.0	0.913672	0.696583967754
10317.000018434	229.117647059	4.74820629092	125.0	0.895064	0.681647047466
10317.000002882	176.217391304	4.59414343214	114.0	0.90716	0.672357292832
10317.000002184	200.555555556	3.57461007077	115.0	0.678518	0.522184685708
10317.000002272	248.105263158	4.49750844347	121.0	0.888506	0.650035748538
10317.000002126	280.0	4.5639962861	134.0	0.885454	0.64590131303
10317.000012202	183.571428571	4.73271881505	103.0	0.928972	0.707802055172
10317.000001794	200.03125	4.67657655693	133.0	0.894314	0.662847532992
10317.000013182	290.730769231	5.81414774028	163.0	0.965852	0.791177414412
10317.000002276	263.555555556	4.97872792982	158.0	0.867072	0.681664483296
10317.000006839	143.130434783	4.28523205031	102.0	0.873386	0.642230048398
10317.000009198	243.307692308	4.9304307839	145.0	0.902618	0.686698218889
10317.000002793	177.041666667	5.40324363555	126.0	0.947976	0.774405455248
10317.000002922	188.24	4.99947046858	131.0	0.922524	0.710816122887
10317.000023223	339.4	4.74738118822	148.0	0.902118	0.658493917285
10317.000002709	133.230769231	2.89221337318	82.0	0.608784	0.454925633496
10317.000012211	212.235294118	4.35778059512	115.0	0.860304	0.636591473026
10317.000014897	160.4	4.35062428649	104.0	0.884094	0.649304294867
10317.000014594	157.363636364	3.86677285055	90.0	0.78306	0.595634681373
10317.000003838	178.0	4.33860877843	103.0	0.884776	0.648860904264
10317.000016737	364.454545455	5.74669136878	170.0	0.956682	0.775595648591
10317.000011192	335.2	5.05220130493	135.0	0.937572	0.71390885288
10317.000003578	298.055555556	5.81834109007	148.0	0.970258	0.807043307585
10317.000013798	167.3	5.26771301662	120.0	0.94379	0.762675033534
10317.000015605	173.75	5.31312840877	122.0	0.949638	0.766603631041
10317.000009219	196.384615385	4.46223023848	126.0	0.850692	0.639537224736
10317.000007005	104.857142857	3.29660658611	62.0	0.759566	0.55366105084
10317.000004636	144.954545455	5.42602399364	113.0	0.959396	0.795583814375
10317.000003088	192.954545455	5.37519169469	135.0	0.931018	0.75954949242
10317.000006703	137.2	2.77657338705	77.0	0.6612	0.443061746083
10317.000007865	163.666666667	4.42665501903	101.0	0.902606	0.664841456373
10317.000017746	143.583333333	4.87769163619	94.0	0.93475	0.744164393308
10317.000002805	150.166666667	4.11090997192	100.0	0.811246	0.618753605511
10317.000010918	245.888888889	6.149002577	164.0	0.97416	0.835740280618
10317.000014668	211.0	5.45281898831	127.0	0.957418	0.780235370847
10317.000026105	154.3	4.22000302585	84.0	0.894442	0.660167940161
10317.000001301	150.1	3.1021953692	76.0	0.678572	0.496515902677
10317.000026638	194.545454545	3.95479902006	92.0	0.852954	0.606233074309
10317.000003491	276.7	6.04150748892	174.0	0.968004	0.811709438919
10317.000004703	217.037037037	5.2657149432	140.0	0.936278	0.738603718029
10317.000009097	153.714285714	4.07589317975	98.0	0.825888	0.616186238823
10317.000018414	145.25	4.61125922821	104.0	0.91823	0.688202479566
10317.000012201	300.2	4.66502738556	154.0	0.865274	0.641965655581
10317.000005017	276.34375	5.74690537985	170.0	0.96062	0.775624532351
10317.000009019	167.153846154	4.25930606555	91.0	0.882828	0.654493004318
10317.000005885	230.884615385	5.05450687822	138.0	0.926228	0.711048672471
10317.000016414	135.882352941	4.33740026487	90.0	0.89996	0.668129762105
10317.000004864	180.222222222	5.65364425797	133.0	0.965654	0.801334930196
10317.000009221	226.217391304	5.57728704567	144.0	0.959132	0.77787243863
10317.000009105	195.315789474	5.09816605391	120.0	0.94119	0.738127524006
10317.000014563	194.071428571	4.49481439715	103.0	0.893014	0.672222245236
10317.000002035	125.230769231	2.88665395893	74.0	0.643674	0.464880527956
10317.000003732	244.894736842	5.15647842246	132.0	0.939064	0.731997434427
10317.000014667	175.954545455	4.67457482877	118.0	0.886814	0.67918309801
10317.000013814	141.909090909	3.93374077513	78.0	0.870174	0.62585346779
10317.000018426	242.090909091	4.81848269767	112.0	0.924186	0.70783479822
10317.000015599	210.333333333	5.51930408596	138.0	0.95865	0.776434563814
10317.000002132	233.25	4.78635409773	147.0	0.861658	0.664801656032
10317.000003225	169.0	3.86860442119	87.0	0.847806	0.60044053214
10317.000009392	94.1	2.61288669831	59.0	0.645798	0.444168833021
10317.000009149	176.434782609	5.09470931496	121.0	0.936956	0.736350631634
10317.000013912	120.714285714	3.87943139793	83.0	0.833676	0.608534494525
10317.000012212	221.538461538	5.40328497325	144.0	0.946506	0.753604113316
10317.000007677	215.4	4.74789895005	109.0	0.924578	0.701502607231
10317.000017208	192.526315789	5.12622564645	120.0	0.94435	0.742190074607
10317.000013117	193.5	3.72289629389	111.0	0.720612	0.547934710962
10317.000012055	192.0	4.81718481988	114.0	0.904902	0.704999613618
10317.000005026	103.625	3.75386604112	63.0	0.854262	0.628022459909
10317.000009033	209.25	5.53564645509	123.0	0.955482	0.797354683354
10317.000013524	368.1	5.92230640756	193.0	0.95996	0.780025014101
10317.000006092	203.576923077	5.34149696363	140.0	0.936578	0.749233401302
10317.000002274	105.833333333	3.73913771849	72.0	0.832316	0.606026445641
10317.000008999	136.666666667	3.10495917599	82.0	0.681004	0.488389111679
10317.000016761	313.272727273	5.10305468941	151.0	0.924312	0.70499714691
10317.000013277	266.5	4.40719888356	114.0	0.884156	0.644997779041
10317.000007693	155.5	4.71447568394	106.0	0.913826	0.700732970281
10317.000004025	88.3333333333	2.7983807298	43.0	0.752322	0.515710319401
10317.000010737	229.052631579	5.64748416499	139.0	0.955958	0.793303962948
10317.000001128	237.105263158	5.24906997858	131.0	0.940912	0.746303752445
10317.000003559	321.647058824	5.52483654685	145.0	0.959124	0.769485585065
10317.000014798	260.75	5.02205387153	140.0	0.915188	0.704426217839
10317.000020104	292.0	5.35143312168	157.0	0.936222	0.733613618295
10317.000017117	92.5	2.9263103926	55.0	0.714066	0.506163002754
10317.000009766	158.4375	4.77942623002	102.0	0.925156	0.716295197783
10317.000014561	276.615384615	5.78571713178	167.0	0.953906	0.78357920396
10317.000004923	162.666666667	3.55411349119	76.0	0.791664	0.568846786962
10317.000014172	186.714285714	3.47817035655	108.0	0.712702	0.514911662916
10317.000002056	256.75	5.91214912095	159.0	0.964904	0.808456686248
10317.000002243	179.214285714	4.62977712439	102.0	0.891842	0.693867205267
10317.000010274	263.333333333	5.5029260481	145.0	0.956582	0.766433944931
10317.000003507	190.769230769	4.21360225959	104.0	0.849164	0.628854588181
10317.000017766	163.434782609	4.40317578246	108.0	0.879786	0.651850349994
10317.000001275	124.5	2.43419293685	72.0	0.560534	0.394525530906
10317.000003189	162.454545455	4.50344097373	109.0	0.88237	0.665383913562
10317.000009693	101.0	3.20593159107	62.0	0.736936	0.53843229614
10317.000022444	123.272727273	3.06499589847	66.0	0.758726	0.507080749195
10317.000016315	149.894736842	3.26403969204	93.0	0.685592	0.499152840041
10317.000011315	208.052631579	5.36019345218	127.0	0.94894	0.766981727237
10317.000013913	133.235294118	3.32331764275	85.0	0.756376	0.518507558029
10317.000013498	146.4375	4.02566561344	90.0	0.870888	0.620110398942
10317.000002589	247.0625	5.32338139788	125.0	0.956754	0.764218525917
10317.000004086	338.142857143	6.24674897099	180.0	0.97329	0.833805587305
10317.000013551	182.461538462	3.07003667332	92.0	0.67055	0.470607421835
10317.000006766	252.1875	5.35990508945	134.0	0.94526	0.758539121851
10317.000011962	166.214285714	3.25542969031	89.0	0.720536	0.502712121339
10317.000002199	106.05	4.05776747255	78.0	0.882028	0.645585967493
10317.000012052	233.545454545	4.7924232356	113.0	0.897932	0.702682915215
10317.000010263	228.047619048	5.08078699209	129.0	0.936886	0.724664428493
10317.000010556	155.05	3.79817114724	101.0	0.773426	0.57044915997
10317.000040007	157.117647059	5.11504912517	104.0	0.947864	0.763390066971
10317.000036451	224.032258065	5.72239976469	159.0	0.954538	0.78250941519
10317.000023129	257.730769231	5.46625358654	151.0	0.94788	0.755173796353
10317.000028914	158.2	4.46535802721	98.0	0.907994	0.675064837678
10317.000038479	111.714285714	4.48372225753	91.0	0.907468	0.688977219693
10317.000026549	171.833333333	4.43108663017	93.0	0.902416	0.677623339357
10317.000042999	208.181818182	5.79571603297	149.0	0.968236	0.802823208315
10317.000041554	303.111111111	6.01800183565	174.0	0.970086	0.808551326368
10317.000037489	260.12	5.74277097616	155.0	0.965432	0.789262340264
10317.000031493	240.142857143	5.15604894106	138.0	0.920504	0.725333221037
10317.000023972	309.95	6.32882484812	203.0	0.974	0.82564220492
10317.000039813	185.0	4.53558734038	110.0	0.875068	0.668831551781
10317.000012123	401.076923077	5.99100241201	218.0	0.956382	0.771222999034
10317.000009455	216.25	5.01535411338	98.0	0.941132	0.758212262
10317.000018344	219.117647059	4.45859229675	115.0	0.894296	0.651318205646
10317.000010548	233.428571429	4.99424520154	92.0	0.948088	0.765570287396
10317.000010161	167.0	4.94785582432	89.0	0.946954	0.764061071548
10317.000023819	190.0	4.43155885237	114.0	0.85446	0.648562883813
10317.000008950B	166.928571429	3.59585782842	93.0	0.77814	0.549896084847
10317.000001067	71.0	2.01185921572	33.0	0.64062	0.398830695642
10317.000009526	157.545454545	5.24728881132	97.0	0.954378	0.795054258562
10317.000013166	107.833333333	4.07385962919	74.0	0.873198	0.656073794151
10317.000010876	162.2	4.96772390508	102.0	0.93967	0.744515472332
10317.000010993	239.464285714	4.57239943184	143.0	0.848132	0.638614748334
10317.000015613	108.583333333	2.75188961767	59.0	0.716816	0.467798163951
10317.000018335	185.454545455	5.47919754163	132.0	0.953704	0.777809624048
10317.000015525	239.636363636	5.62464223682	148.0	0.95789	0.780175965024
10317.000001622	150.571428571	4.27826274276	92.0	0.888914	0.655816986422
10317.000012936	237.25	1.63572023711	52.0	0.418126	0.286946326598
10317.000009111	90.8571428571	2.74196226717	48.0	0.715464	0.490954463314
10317.000002271	92.2	3.38673201641	67.0	0.784364	0.558305674393
10317.000002465	262.5	5.82541104684	156.0	0.965736	0.799600471167
10317.000001747	124.375	4.10717780427	85.0	0.85783	0.640806255258
10317.000002038	119.583333333	3.68115705729	70.0	0.840626	0.600585263743
10317.000013724	267.5	4.71344774654	120.0	0.914578	0.682426872309
10317.000023378	166.894736842	4.33665243759	105.0	0.861628	0.645888272357
10317.000012307	154.5	4.37840636032	105.0	0.848004	0.65210697893
10317.000020347	259.277777778	6.01702746268	178.0	0.966764	0.80487453415
10317.000020368	232.260869565	5.38984047864	139.0	0.952386	0.757112669368
10317.000010567	196.384615385	4.95975253015	126.0	0.929348	0.710843277686
10317.000020063	139.391304348	4.98427522225	112.0	0.921328	0.732189709413
10317.000010178	140.05	4.53241881013	103.0	0.890268	0.677846175545
10317.000011259	141.0	3.49941175333	84.0	0.736226	0.54744023519
10317.000005025	162.769230769	4.2290806503	90.0	0.877682	0.651444292954
10317.000013165	290.75	5.15673080925	152.0	0.913818	0.711476597922
10317.000016738	267.34375	5.18979958447	161.0	0.901228	0.707933219098
10317.000001225	58.0	2.16168177186	39.0	0.61151	0.408990968396
10317.000003137	209.052631579	4.7336745269	128.0	0.871738	0.676239218128
10317.000009642	194.0	3.38865431866	84.0	0.750354	0.530113587067
10317.000015394	104.6	3.37365774654	64.0	0.824056	0.56227629109
10317.000001086	91.25	2.45968265375	62.0	0.620128	0.41310069832
10317.000001756	123.0	3.67394008001	78.0	0.833726	0.584519486912
10317.000012999	178.3	4.61183074218	112.0	0.906932	0.677477639257
10317.000001248	203.214285714	5.07184964052	140.0	0.90834	0.71141089903
10317.000016739	213.476190476	5.08968771333	132.0	0.904802	0.722516035742
10317.000010559	188.5	5.07055416263	121.0	0.937614	0.732859429179
10317.000001654	190.545454545	3.28840084278	88.0	0.77227	0.509085169862
10317.000011375	69.0	2.52704484372	48.0	0.64113	0.452473019003
10317.000042586	340.0	5.95312551744	174.0	0.967178	0.799834839638
10317.000041282	125.789473684	4.83912381692	98.0	0.917266	0.731570081071
10317.000001208	125.142857143	3.90791786538	63.0	0.88976	0.653795357653
10317.000027729	245.884615385	5.6912522751	153.0	0.959844	0.784201202755
10317.000013573	242.085714286	5.98979181675	177.0	0.956386	0.802103402031
10317.000010544	104.0	2.0608365474	39.0	0.577438	0.389911015674
10317.000005878	77.2	0.685475004029	31.0	0.148972	0.138362503438
10317.000012987	176.0	4.56455979727	94.0	0.918768	0.696391474822
