	chao1	shannon	observed_otus	simpson	equitability
10317.000002503	243.105263158	5.24322194927	137.0	0.929666	0.738686707526
10317.000013618	311.15625	6.28710876059	186.0	0.97692	0.833927088965
10317.000031796	390.025641026	6.16763099751	219.0	0.96323	0.793286163367
10317.000026504	347.5	5.78480600149	163.0	0.96302	0.787184650198
10317.000007104	297.157894737	5.74096059749	155.0	0.962078	0.789013529418
10317.000007077	275.434782609	5.74357205814	158.0	0.962052	0.786383416503
10317.000016408	353.538461538	6.21820166601	189.0	0.97373	0.822269548791
10317.000005802	191.272727273	4.31468075141	93.0	0.887444	0.659821985678
10317.000006952	238.125	5.58445005277	146.0	0.96231	0.77671576087
10317.000013023	215.8	5.82977552192	145.0	0.968044	0.811956732158
10317.000002645	231.047619048	4.58086880596	132.0	0.883642	0.650285706385
10317.000002027	363.176470588	5.72932784825	163.0	0.95966	0.779635295796
10317.000027353	370.896551724	6.23939003385	207.0	0.961606	0.810996375027
10317.000023798	280.181818182	5.84292945219	182.0	0.94874	0.778248438084
10317.000041962	288.78125	6.157926135	185.0	0.97021	0.817635671129
10317.000040352	323.333333333	4.24574408064	120.0	0.799148	0.614711355546
10317.000028811	231.774193548	4.97533817875	147.0	0.920772	0.691050639592
10317.000027772	379.115384615	6.68609986421	211.0	0.981614	0.86595181603
10317.000027617	301.05	5.20148368428	147.0	0.93019	0.722461167001
10317.000039924	252.894736842	5.48237232493	133.0	0.96133	0.777059228323
10317.000039952	91.0	4.4567060713	72.0	0.9039	0.722327430278
10317.000026028	317.25	5.90289283132	172.0	0.965906	0.794867005998
10317.000001441	192.5	4.74324590873	125.0	0.89576	0.68093494069
10317.000016347	231.0	6.07589264869	179.0	0.960376	0.811870953204
10317.000001595	256.037037037	5.97260679856	164.0	0.969532	0.811765488686
10317.000002146	230.0	5.67384471467	146.0	0.960362	0.789149257845
10317.000012158	491.888888889	6.46397275603	223.0	0.974808	0.828618856665
10317.000014313	152.909090909	3.83474401084	82.0	0.842088	0.60317933822
10317.000007749	175.384615385	5.39706075846	132.0	0.942168	0.766149745034
10317.000018083	206.588235294	4.62171635706	116.0	0.89799	0.673917930123
10317.000017335	308.954545455	5.7617744682	158.0	0.967074	0.788875606601
10317.000002578	287.0	5.71489187249	143.0	0.963238	0.798183599073
10317.000007719	190.666666667	4.87824721845	109.0	0.928142	0.72076157864
10317.000009676	171.333333333	4.09746933093	89.0	0.819836	0.632742124829
10317.000006716	295.363636364	5.76283513002	182.0	0.953588	0.767580282386
10317.000006802	258.571428571	5.53796045701	166.0	0.942614	0.750905877665
10317.000002898	295.391304348	5.56562661611	158.0	0.956888	0.762019946655
10317.000001647	241.5	5.5257401133	144.0	0.945856	0.770683112053
10317.000002878	245.551724138	5.52847496257	167.0	0.932862	0.748740028525
10317.000009527	239.105263158	5.29727833742	133.0	0.944268	0.75082441927
10317.000017667	257.24	5.71308243188	155.0	0.961918	0.785182071343
10317.000009213	288.315789474	5.44116240077	150.0	0.945896	0.752704229243
10317.000031434	301.25	5.1181586266	137.0	0.926678	0.721067271433
10317.000027217	228.774193548	4.56418237713	144.0	0.836048	0.636573238382
10317.000001546	274.555555556	6.11592899846	169.0	0.974108	0.826378682577
10317.000009074	263.04	5.82483598442	155.0	0.968868	0.800541010568
10317.000027277	239.451612903	5.27777329687	157.0	0.92513	0.72351579041
10317.000001333	112.2	4.15200565817	57.0	0.908496	0.711826495629
10317.000023984	266.228571429	5.62121415455	169.0	0.949468	0.759533269383
10317.000021327	173.434782609	4.85307079239	118.0	0.923568	0.705117315773
10317.000028933	292.545454545	5.86195448483	163.0	0.962924	0.797682859102
10317.000015568	250.5	5.75829723175	150.0	0.96426	0.796575136035
10317.000006944	235.454545455	2.75955430666	116.0	0.55559	0.402385820057
10317.000002028	328.875	5.31158857532	173.0	0.903388	0.714439029456
10317.000003896	271.260869565	5.68572208989	157.0	0.955254	0.779440396645
10317.000011025	268.777777778	6.01739173455	166.0	0.972164	0.815913160949
10317.000017293	369.576923077	5.80169173834	183.0	0.95809	0.771942981116
10317.000031284	129.090909091	3.71801130643	75.0	0.823428	0.596904724825
10317.000020034	297.206896552	5.85526944025	177.0	0.961536	0.784089277477
10317.000037584	244.526315789	5.76914768332	145.0	0.96712	0.803512636579
10317.000031847	221.12	5.26831040061	143.0	0.932828	0.7358107643
10317.000013935	376.6875	5.78805016285	164.0	0.961796	0.786681515702
10317.000014019	414.517241379	6.07681169803	204.0	0.965698	0.792032692034
10317.000023052	294.882352941	5.18087232728	136.0	0.935844	0.730991109699
10317.000015385	358.37037037	6.25930759742	193.0	0.974928	0.824411329125
10317.000017354	392.0	6.43344455988	202.0	0.97638	0.840071415417
10317.000023475	281.896551724	6.24379741404	181.0	0.974896	0.832523428887
10317.000003475	287.0	5.65572490666	185.0	0.944036	0.750954514296
10317.000017269	258.307692308	5.50856068365	160.0	0.939658	0.75233744613
10317.000014801	218.25	5.29093913563	122.0	0.946588	0.763402056367
10317.000009716	286.023255814	6.31856526147	197.0	0.976902	0.828984820773
10317.000013155	316.681818182	5.55072801448	162.0	0.94565	0.756245429034
10317.000015604	227.333333333	5.40082948726	129.0	0.954114	0.770311571785
10317.000009236	203.807692308	5.46123309548	138.0	0.940936	0.768265359244
10317.000041289	302.0	5.30643662214	148.0	0.942034	0.736038691565
10317.000030735	319.307692308	5.98261745222	182.0	0.962092	0.796854168092
10317.000022541	266.142857143	4.96206322702	141.0	0.897506	0.695010510059
10317.000034132	156.0	3.30999926246	87.0	0.772232	0.513740228297
10317.000026633	258.333333333	5.61826542467	161.0	0.95252	0.766379638193
10317.000028715	242.666666667	4.67203097038	101.0	0.9098	0.701694589077
10317.000026126	148.105263158	4.19134750937	96.0	0.883364	0.636502866784
10317.000033665	234.0	4.68804040102	116.0	0.896468	0.683589004453
10317.000028755	346.37037037	5.78267146018	181.0	0.952486	0.77103870496
10317.000026501	149.3	5.33812307169	116.0	0.940988	0.778381140963
10317.000016485	216.55	4.29028693185	122.0	0.841032	0.61902316058
10317.000001001	171.368421053	4.45388078297	112.0	0.871006	0.654274800413
10317.000013049	245.260869565	5.73867908092	152.0	0.960564	0.791768277245
10317.000002334	238.230769231	5.55368137492	148.0	0.954304	0.770333212973
10317.000006797	189.25	4.56830966074	115.0	0.89835	0.667345891491
10317.000013156	374.714285714	6.30295301325	184.0	0.975554	0.837761827452
10317.000001529	298.5	5.92745071428	171.0	0.96686	0.79907907341
10317.000002418b	383.384615385	6.12819972146	193.0	0.968462	0.807143154236
10317.000005849	261.545454545	4.0400178499	106.0	0.821252	0.600485376899
10317.000003282	216.0	4.26634296756	123.0	0.860692	0.614524170498
10317.000011341	283.714285714	5.47701620418	148.0	0.955628	0.75969923466
10317.000013355	408.045454545	6.033017734	192.0	0.964894	0.795391899885
10317.000006794	264.714285714	5.06228671203	143.0	0.916368	0.707035989045
10317.000009593	293.0	4.79066870362	158.0	0.84804	0.655916280731
10317.000028723	289.0	5.47215297906	166.0	0.942274	0.741982877515
10317.000002774	247.882352941	4.60390599235	133.0	0.863342	0.652547369215
10317.000001531	321.956521739	6.10582476576	174.0	0.969032	0.820350815395
10317.000018027	307.730769231	6.27323010687	180.0	0.976842	0.837340244958
10317.000001399	207.375	5.06820943948	126.0	0.939348	0.726387574391
10317.000001948	208.0	4.8094235174	109.0	0.921514	0.71059286902
10317.000001032	209.352941176	5.34074900037	122.0	0.952956	0.770588862375
10317.000016697	429.052631579	6.84091235025	238.0	0.984858	0.866506682655
10317.000011162	305.315789474	3.87448961134	139.0	0.730166	0.544250833341
10317.000005999	218.047619048	4.72143811805	128.0	0.910154	0.674491159722
10317.000001362	290.129032258	6.24077898157	183.0	0.974918	0.830365650019
10317.000010947	213.052631579	5.58610392162	132.0	0.961944	0.792985717007
10317.000002851	193.875	5.23058225796	132.0	0.935064	0.742516981494
10317.000035452	263.25	6.34094247463	177.0	0.97615	0.849126595145
10317.000005928	362.15625	5.96230863495	198.0	0.951978	0.781495600724
10317.000027807	361.384615385	6.10862227398	186.0	0.971262	0.810252499918
10317.000031313	363.433333333	6.26451048169	205.0	0.970752	0.81574669125
10317.000014458	219.055555556	5.21949256355	124.0	0.944586	0.750552951138
10317.000016759	354.12	5.9191799437	183.0	0.959888	0.787575351739
10317.000014308	320.884615385	5.85944054761	177.0	0.957276	0.784647837693
10317.000010546	157.05	4.35975187068	103.0	0.882116	0.652022960733
10317.000015305	352.552631579	6.51415459234	217.0	0.975786	0.839285137372
10317.000014295	209.352941176	5.0122587978	122.0	0.922304	0.723192721594
10317.000011055	343.7	5.99867995165	198.0	0.955676	0.786262885635
10317.000002818	225.625	3.49918288341	115.0	0.674456	0.511166163032
10317.000009667	180.315789474	4.55840402806	105.0	0.904946	0.678915302705
10317.000012254	158.137931034	4.96693836242	124.0	0.915608	0.714236144729
10317.000026037	291.5	6.08273273936	194.0	0.964908	0.800368749704
10317.000007037	232.964285714	5.56291491962	154.0	0.932774	0.765526121961
10317.000015594	321.322580645	6.39150639799	195.0	0.97829	0.840177320346
10317.000004286	243.857142857	5.31179193804	150.0	0.942552	0.734807741827
10317.000001351	242.0	4.80337645523	124.0	0.901766	0.690716258335
10317.000010115	251.541666667	5.22870692947	148.0	0.92373	0.725257056852
10317.000010981	267.730769231	5.86287670239	161.0	0.964124	0.799746716525
10317.000013028	254.884615385	5.80889258889	162.0	0.960544	0.791418433157
10317.000017095	285.724137931	6.11634481243	174.0	0.97333	0.821764240967
10317.000011048	303.103448276	6.08353145642	180.0	0.969362	0.812019586903
10317.000002079	259.789473684	5.13505664414	129.0	0.946932	0.732404821163
10317.000014937	337.615384615	6.15074296273	187.0	0.969888	0.81500317719
10317.000013653	175.041666667	4.94961840342	124.0	0.91621	0.711745568071
10317.000021178	324.217391304	5.58725609022	169.0	0.943674	0.754944887067
10317.000006741	300.076923077	5.6101492509	166.0	0.951906	0.760694136367
10317.000014548	235.181818182	5.76791071976	162.0	0.960494	0.785834958138
10317.000013215	243.2	5.88640402123	165.0	0.963178	0.79909673376
10317.000010867	196.032258065	5.44716967844	137.0	0.957392	0.767419703768
10317.000026613	380.652173913	5.63940818929	174.0	0.955688	0.757685207799
10317.000006909	283.75	5.86471061958	165.0	0.963236	0.796151790406
10317.000011163	208.357142857	5.16861614779	143.0	0.917118	0.721886735763
10317.000012276	338.444444444	5.87971507345	180.0	0.955938	0.784814517563
10317.000015003	251.033333333	5.43138099121	161.0	0.93071	0.740886997017
10317.000001613	379.789473684	5.7037534959	169.0	0.956386	0.77068590902
10317.000006029	274.121212121	5.77099580413	171.0	0.958894	0.777987401683
10317.000005024	313.375	5.92086588766	175.0	0.959154	0.794617921677
10317.000026632	253.12	6.03520745007	162.0	0.971882	0.822252150616
10317.000033799	194.083333333	5.08347109521	104.0	0.952438	0.758677237472
10317.000029152	196.176470588	4.05284190334	112.0	0.77943	0.595362214802
10317.000022999	306.555555556	5.26937424181	144.0	0.93804	0.734927386375
10317.000037575	376.15625	6.44916981673	212.0	0.976492	0.834528493745
10317.000027681	273.333333333	6.19509157759	176.0	0.970602	0.830504506819
10317.000021296	404.12	6.12796096658	194.0	0.969426	0.806319900481
10317.000028712	304.25	5.44531078757	159.0	0.946224	0.744618889823
10317.000027363	239.75	5.51169055965	151.0	0.950212	0.761451004488
10317.000033801	235.125	5.37983942629	143.0	0.937986	0.751387723779
10317.000011225	289.125	5.80548447793	164.0	0.961786	0.789051096654
10317.000011409	203.391304348	5.09544479376	129.0	0.936202	0.726755047031
10317.000009475	194.0	4.71531576461	118.0	0.899	0.685102471651
10317.000012928	247.5	5.3229590266	139.0	0.94402	0.747717809746
10317.000028841	398.0	5.76320582995	160.0	0.964078	0.787115873751
10317.000017357	353.894736842	5.54883067318	157.0	0.94964	0.760674319364
10317.000014534	227.0	5.43913949111	143.0	0.953646	0.759670004567
10317.000016715	381.12	6.23033724118	191.0	0.974416	0.822223129055
10317.000008954A	275.111111111	5.42010007396	161.0	0.930126	0.739348183055
10317.000015912	155.047619048	4.92259236763	110.0	0.925504	0.725900494235
10317.000016725	260.037037037	6.07893589083	160.0	0.975368	0.830237037573
10317.000018358	246.75	4.50289500032	109.0	0.87522	0.66530324593
10317.000010102	255.166666667	5.38852317038	136.0	0.953056	0.760289442228
10317.000018415	261.894736842	5.34017139969	142.0	0.945962	0.746903535248
10317.000008949B	288.607142857	5.66835145493	170.0	0.952006	0.765022591436
10317.000010869	238.166666667	5.95582524388	173.0	0.958884	0.801092544446
10317.000014571	325.2	6.12315061645	179.0	0.972574	0.818185642016
10317.000011949	289.166666667	4.92031618276	135.0	0.910594	0.695272628668
10317.000010827	243.130434783	5.74886862054	147.0	0.963618	0.798490312501
10317.000014162	285.903225806	5.7237971015	168.0	0.959284	0.774289951871
10317.000010821	157.136363636	5.22418673312	118.0	0.928772	0.759037871883
10317.000016736	411.052631579	5.60433702857	166.0	0.95566	0.759906042637
10317.000001929	230.142857143	5.51578442617	143.0	0.952666	0.770374796797
10317.000003196	324.027777778	5.89978109415	192.0	0.958128	0.777826006865
10317.000028833	199.2	3.83737907996	66.0	0.877268	0.634865795344
10317.000004291	331.166666667	5.89601852672	160.0	0.968214	0.805254906947
10317.000035347	361.6	6.09390904668	183.0	0.972192	0.810823899012
10317.000031035	209.272727273	4.79363366895	111.0	0.895092	0.705525502595
10317.000016765	299.375	5.89706637317	177.0	0.96172	0.789686377195
10317.000004918	268.84375	5.9911191205	175.0	0.968354	0.804046353081
10317.000001347	365.714285714	5.67203309678	175.0	0.946286	0.761222975924
10317.000005938	278.428571429	5.51888094376	174.0	0.941752	0.741491715856
10317.000003982	281.615384615	5.02866199301	157.0	0.887716	0.689365789684
10317.000001934	249.625	5.16924042519	149.0	0.914254	0.716043739738
10317.000015355	252.037037037	5.65255421835	160.0	0.951646	0.772003513978
10317.000002418a	343.2	6.27928361326	183.0	0.977782	0.835488876401
10317.000026083	247.84	5.4674841864	154.0	0.938332	0.752393668891
10317.000016741	225.65	5.11599535983	128.0	0.937098	0.730856479976
10317.000009476	171.681818182	4.53129131661	116.0	0.887608	0.660732556685
10317.000003729	326.965517241	5.42426468087	173.0	0.940256	0.729594609816
10317.000017219	247.256410256	6.18832210707	178.0	0.97497	0.827787957424
10317.000003366	199.285714286	4.34902755152	115.0	0.893164	0.63531281459
10317.000004283	129.2	3.09677348235	59.0	0.75246	0.52642552954
10317.000003473	273.20754717	6.26586546765	209.0	0.967258	0.812971779344
10317.000016734	260.260869565	5.35460724388	146.0	0.950444	0.74474796986
10317.000007068	162.882352941	4.75994255407	102.0	0.923702	0.713375168715
10317.000011342	284.0	5.95478294671	182.0	0.957678	0.793146753752
10317.000026056	166.652173913	4.5628575234	109.0	0.906604	0.674162715501
10317.000012209	205.3125	5.58739592966	150.0	0.948736	0.772933472105
10317.000016355	278.615384615	6.06732943429	169.0	0.971892	0.819811954313
10317.000015185	221.157894737	4.97075875624	128.0	0.911496	0.710108393749
10317.000003028	289.956521739	5.27289685361	156.0	0.92665	0.723761941373
10317.000012985	290.451612903	5.91799807338	178.0	0.96004	0.791627755059
10317.000016755	391.555555556	5.83387185214	174.0	0.943694	0.783812460137
10317.000014327	249.043478261	5.42922172591	141.0	0.95433	0.760442982749
10317.000013249	171.05	5.16515545806	117.0	0.946506	0.751802221407
10317.000008950A	152.235294118	3.77123610024	94.0	0.811492	0.57535814764
10317.000016716	229.64	5.88602179238	154.0	0.967086	0.809989637018
10317.000022662	289.666666667	5.64039302063	158.0	0.954662	0.772256618195
10317.000022443	326.894736842	4.9949814866	139.0	0.93187	0.701646696548
10317.000017074	286.4	5.15880401803	130.0	0.944226	0.73462458182
10317.000002511	264.333333333	4.67966456777	134.0	0.884174	0.662270803783
10317.000013821	158.105263158	4.74158115823	106.0	0.924464	0.704761774496
10317.000004819	165.875	4.71783928651	104.0	0.914644	0.704108907022
10317.000003594	298.05	5.29011952733	144.0	0.941352	0.7378207619
10317.000001391	137.647058824	3.75340104932	87.0	0.822726	0.582559982365
10317.000017075	222.043478261	4.66446050768	123.0	0.897742	0.671869033055
10317.000010834	307.25	5.40274439286	143.0	0.938634	0.754586798943
10317.000014303	194.344827586	5.82388904433	145.0	0.968064	0.811136878102
10317.000015265	208.25	5.40229837448	132.0	0.955226	0.766893260505
10317.000003193	231.0	4.88867338953	113.0	0.926608	0.716795470687
10317.000014933	135.235294118	3.98647950523	87.0	0.86154	0.61873575452
10317.000013619	372.730769231	6.47552573529	201.0	0.97878	0.846357598493
10317.000005015	270.916666667	5.68140583584	149.0	0.96553	0.786988947514
10317.000022925	200.5	5.08697019396	113.0	0.942298	0.745870485509
10317.000003439	257.058823529	4.9382247196	127.0	0.934518	0.706602878929
10317.000016735	275.538461538	5.86861930061	163.0	0.965658	0.798589793696
10317.000011168	238.46875	5.76021140867	163.0	0.960064	0.783837867965
10317.000004972	306.84	6.12812505378	174.0	0.972066	0.823346980559
10317.000009382	261.5	5.79095994095	155.0	0.967316	0.795885229333
10317.000006001	150.105263158	4.27366662102	98.0	0.891906	0.646085273841
10317.000027308	220.7	5.25687727829	147.0	0.912554	0.730155071857
10317.000003895	217.384615385	5.68140590944	147.0	0.961126	0.789120065098
10317.000001322	168.333333333	4.81666008192	110.0	0.9296	0.71027939608
10317.000002019	247.588235294	5.28618802873	129.0	0.942468	0.753960446031
10317.000026106	223.7	5.45375262727	150.0	0.93975	0.754445900607
10317.000008957B	283.5	6.01176160157	179.0	0.963196	0.803301655264
10317.000001047	218.833333333	4.64802285982	104.0	0.907246	0.693689228668
10317.000017071	151.15	4.36556919519	106.0	0.84392	0.648873485452
10317.000015262	266.105263158	5.38005278558	139.0	0.9505	0.755737788896
10317.000003981	252.368421053	5.19731713259	136.0	0.944264	0.733311376582
10317.000014334	297.87804878	6.23185303898	198.0	0.9717	0.816825500407
10317.000011378	369.260869565	5.60074494486	171.0	0.955598	0.755035899356
10317.000016718	287.625	5.67665307895	141.0	0.964888	0.79509941154
10317.000016714	288.333333333	6.34630084056	183.0	0.977958	0.844405840722
10317.000007748	283.058823529	5.06330986279	141.0	0.924158	0.709191602227
10317.000007073	414.055555556	5.60040287943	166.0	0.956368	0.759372601539
10317.000001247	580.066666667	6.47224269031	202.0	0.97895	0.8451376284
10317.000002036	174.2	4.68832505707	99.0	0.92281	0.707206645494
10317.000016742	292.333333333	5.45685499726	153.0	0.948224	0.751903455561
10317.000015627	322.913043478	5.71449458724	164.0	0.957358	0.776684226445
10317.000012112	261.833333333	5.57954081902	139.0	0.958756	0.783759938736
10317.000002437	189.55	4.82753791827	118.0	0.92511	0.701407567361
10317.000003731	257.730769231	5.30390613114	151.0	0.945118	0.732745172748
10317.000013171	198.956521739	5.24160837163	132.0	0.934152	0.744082213859
10317.000001487	340.0	5.69469545095	166.0	0.960078	0.772157966607
10317.000014306	254.894736842	5.05070076533	135.0	0.927788	0.71369681689
10317.000002064	316.714285714	5.95695378606	170.0	0.966386	0.803973476013
10317.000003492	207.033333333	5.18705534063	144.0	0.916546	0.723446247986
10317.000002336	227.444444444	5.1048165368	148.0	0.900542	0.708072620477
10317.000006074	200.545454545	5.44617414377	128.0	0.959858	0.778024877681
10317.000012061	154.045454545	4.44457356753	107.0	0.889718	0.65928878336
10317.000016756	307.391304348	5.76599681552	163.0	0.96241	0.784625134378
10317.000011018	253.279069767	5.98775225088	187.0	0.959966	0.793406119922
10317.000015261	280.217391304	5.69125123848	153.0	0.960704	0.784201059919
10317.000013458	240.085714286	6.11426132734	175.0	0.968816	0.82057282173
10317.000041935	167.260869565	4.15475398558	114.0	0.816306	0.608052226358
10317.000033721	279.75	6.00051335353	161.0	0.97095	0.818521537387
10317.000031491	233.09375	6.23314518182	164.0	0.978082	0.847176503531
10317.000017671	158.041666667	5.11005984339	113.0	0.943916	0.749255975767
10317.000036943	267.0	5.76469321648	156.0	0.962924	0.791266294338
10317.000036102	278.3	5.95827958491	161.0	0.964386	0.812760488759
10317.000028894	205.0	5.10691983935	138.0	0.934182	0.718421927139
10317.000040401	212.535714286	5.68201355894	145.0	0.962494	0.791376811002
10317.000040358	210.8	5.3648870656	131.0	0.94188	0.762770426921
10317.000031506	313.607142857	5.86659962581	180.0	0.954516	0.783063889585
10317.000016446	290.4	5.45965364457	164.0	0.932826	0.742047577936
10317.000028793	368.5	5.27248933566	127.0	0.950476	0.754432281892
10317.000042026	285.25	6.14761213486	178.0	0.968412	0.822342341608
10317.000037582	198.619047619	5.53491058341	133.0	0.954812	0.784505883926
10317.000029202	169.652173913	4.35627714418	112.0	0.862028	0.639936832156
10317.000022618	384.230769231	6.04379170298	190.0	0.966728	0.798402508012
10317.000021229	168.5	3.33312680176	86.0	0.714378	0.518672499343
10317.000034121	164.0	4.43688536092	86.0	0.91345	0.690429904506
10317.000036071	205.352941176	4.74378078276	118.0	0.905466	0.689238240127
10317.000036166	200.033333333	5.59394414274	143.0	0.960914	0.781291154495
10317.000031593	209.230769231	4.69868496714	115.0	0.884008	0.686391322195
10317.000012263	133.333333333	4.51099262778	90.0	0.918856	0.694869794624
10317.000034194	318.103448276	5.74739948049	180.0	0.947332	0.767153253886
10317.000036131	306.272727273	5.75584953212	159.0	0.960856	0.787083502815
10317.000002347	227.047619048	4.78938417135	128.0	0.917714	0.684197738765
10317.000016767	302.0	6.02749272499	183.0	0.966126	0.801986888072
10317.000036109	136.076923077	3.85186043846	82.0	0.802958	0.605871636703
10317.000004973	280.04	6.05084301809	172.0	0.965014	0.814789563523
10317.000040395	218.954545455	5.16494997538	133.0	0.93804	0.73206849231
10317.000031379	324.0	5.66343529604	166.0	0.946194	0.767919324196
10317.000004737	245.65625	5.46906901011	168.0	0.920814	0.739831462493
10317.000006666	216.0	4.73241573543	123.0	0.916492	0.681657306124
10317.000003969	199.6	4.96804084791	105.0	0.93966	0.739925407082
10317.000001749	284.724137931	5.93478803325	173.0	0.962778	0.798262919346
10317.000009507	367.0	6.19914909631	185.0	0.975238	0.823109163812
10317.000017356	172.4	3.90697194805	94.0	0.815856	0.596066669697
10317.000040348	303.15625	5.70001258041	178.0	0.954268	0.762468677227
10317.000026595	251.375	5.86185535305	162.0	0.962126	0.798634216059
10317.000012335	312.4	5.24804028457	142.0	0.935512	0.734017608854
10317.000022554	537.882352941	6.30436839747	198.0	0.975288	0.826330280705
10317.000003718	301.65	6.13860714118	197.0	0.967496	0.805374627015
10317.000006113	293.0	4.92909816282	139.0	0.909436	0.692392044331
10317.000006662	340.15	5.98139095512	170.0	0.969	0.807271610672
10317.000013756	310.885714286	6.37520994433	204.0	0.972162	0.830924989189
10317.000001216	264.941176471	5.9504596121	172.0	0.968292	0.801272215393
10317.000010945	289.730769231	5.22503095373	162.0	0.918144	0.71187162567
10317.000016722	272.3	6.00617552122	155.0	0.973056	0.825463555415
10317.000016358	199.037037037	4.79037266236	129.0	0.918394	0.683243102505
10317.000035392	275.652173913	5.77702778228	155.0	0.964678	0.79397045192
10317.000043118	308.0	6.38043471569	203.0	0.973348	0.832375095446
10317.000006685	226.071428571	4.79033864308	108.0	0.923974	0.709166309808
10317.000005992	242.954545455	4.18433635985	130.0	0.822924	0.595858330303
10317.000012947	213.0	5.73777687585	152.0	0.963494	0.791643799584
10317.000012122	239.6	5.50488852618	152.0	0.951238	0.759512083415
10317.000004758	221.3125	5.54927625614	148.0	0.952398	0.769722193169
10317.000042014	436.0	6.47242942763	226.0	0.976494	0.827657456272
10317.000014612	258.275862069	5.84304327493	160.0	0.967458	0.798019756436
10317.000027267	327.0	6.00809554413	186.0	0.964788	0.796918554796
10317.000006625	152.0	4.72597572779	111.0	0.9132	0.695567627998
10317.000008951B	105.105263158	3.9799710674	79.0	0.869842	0.631362546762
10317.000006778	378.533333333	6.23645468582	200.0	0.97436	0.815878076587
10317.000012971	311.902439024	6.13006873772	203.0	0.967052	0.799712994179
10317.000017652	333.0	6.52301736321	213.0	0.977348	0.843343536279
10317.000015254	290.41025641	6.01604703746	190.0	0.963092	0.794737356792
10317.000001438	379.25	5.6351117467	148.0	0.961892	0.781628156937
10317.000006803	230.0	5.58579869899	146.0	0.957694	0.776903337939
10317.000013299	319.941176471	5.70272591602	183.0	0.955262	0.758775102615
10317.000036039	196.555555556	5.09792260901	120.0	0.932052	0.738092277334
10317.000011026	230.64	5.56270796159	150.0	0.944212	0.769518257375
10317.000012993	323.666666667	5.70002566585	172.0	0.959924	0.767549482025
10317.000009218	304.607142857	5.75485920265	171.0	0.95767	0.775812027956
10317.000009419	351.105263158	5.88281324764	172.0	0.956686	0.792163145532
10317.000010693	347.2	6.02853077273	192.0	0.96725	0.794800339771
10317.000008951A	113.615384615	3.80126156389	73.0	0.854284	0.614114588827
10317.000001669	215.047619048	4.92185201054	125.0	0.917306	0.706575427749
10317.000036068	301.636363636	5.57937756948	158.0	0.952746	0.763902663818
10317.000042981	393.272727273	6.09629649162	186.0	0.967778	0.808617598377
10317.000004075	271.870967742	5.97455666046	175.0	0.9583	0.80182356543
10317.000028776	344.285714286	6.40449582367	214.0	0.974108	0.827297440514
10317.000004011	156.4	4.76428025834	99.0	0.926878	0.718664047112
10317.000004285	293.052631579	5.96090735325	190.0	0.961176	0.787453243717
10317.000011964	290.136363636	6.03552989205	195.0	0.966496	0.793383439805
10317.000012011	318.75	5.91444637729	170.0	0.963676	0.798236512051
10317.000026116	241.214285714	4.87037557633	119.0	0.909798	0.706382060198
10317.000015607	240.538461538	6.01608618097	163.0	0.967366	0.81865678723
10317.000011031	251.884615385	5.62127586992	159.0	0.944018	0.768681230685
10317.000018035	311.111111111	5.90068895459	182.0	0.945696	0.785941709566
10317.000022498	287.7	6.1454022205	177.0	0.970662	0.822941460858
10317.000018398	201.789473684	5.54636468325	132.0	0.956888	0.787344459902
10317.000023929	249.026315789	5.08673367339	170.0	0.868924	0.686525210672
10317.000009558	241.12	5.32408959009	150.0	0.93518	0.736508939847
10317.000012391	294.5625	6.1400514835	183.0	0.971504	0.816963372089
10317.000040145	177.567567568	6.17817186603	152.0	0.978792	0.852405305457
10317.000002051	256.857142857	5.57041284827	163.0	0.938616	0.758010465397
10317.000016726	325.533333333	6.46338131205	195.0	0.978904	0.849625433034
10317.000005927	322.75	5.57116165796	199.0	0.929018	0.729531950932
10317.000018369	222.535714286	5.63310688872	155.0	0.94546	0.774190568352
10317.000002191	338.25	6.33844075291	212.0	0.973192	0.820200051253
10317.000013539	255.125	5.88910667813	173.0	0.96043	0.792118515924
10317.000026622	450.322580645	6.15026895312	220.0	0.964262	0.790384865827
10317.000004289	268.0	5.92797201311	173.0	0.958124	0.797346125671
10317.000014543	242.954545455	4.45602411336	130.0	0.892198	0.634547239906
10317.000018025	172.555555556	5.39218389319	129.0	0.942892	0.76907846469
10317.000011073	311.230769231	5.3024445359	164.0	0.942154	0.720680537843
10317.000001111	202.181818182	4.55344002863	119.0	0.878532	0.660414848506
10317.000013053	209.363636364	4.03244378578	98.0	0.857798	0.609617637176
10317.000010225	446.44	6.64384408508	211.0	0.983264	0.860479048734
10317.000003226	327.035714286	6.09040203387	184.0	0.968188	0.809510451225
10317.000013167	293.111111111	5.71399494931	164.0	0.959828	0.776616318271
10317.000018299	193.8	4.75924891846	123.0	0.912598	0.685522358621
10317.000010879	231.65	4.97704958848	134.0	0.921924	0.704357028949
10317.000013685	282.34375	5.81465703799	176.0	0.955124	0.779504033989
10317.000020032	282.222222222	6.02866453296	171.0	0.970872	0.812723698788
10317.000013055	259.37037037	5.17011754508	151.0	0.926436	0.714262013699
10317.000003579	299.535714286	5.77684590431	178.0	0.947814	0.772746374339
10317.000001284	216.5	4.60408438324	134.0	0.862226	0.651574620577
10317.000013684	268.12	5.76958710255	163.0	0.961936	0.785113693345
10317.000006665	404.896551724	6.65423097626	213.0	0.98292	0.860307794731
10317.000002638	220.322580645	5.53721331773	149.0	0.953916	0.767015384394
10317.000002443	400.870967742	6.32033290955	211.0	0.97331	0.8185794218
10317.000017349	341.15625	6.72331086007	216.0	0.98225	0.86697722671
10317.000005814	257.5	5.83831205197	165.0	0.965068	0.792568106874
10317.000001482	243.714285714	4.25333027126	113.0	0.868776	0.623639100191
10317.000020071	299.166666667	5.62723150968	145.0	0.96007	0.783746902521
10317.000004026	284.517241379	5.7940554633	170.0	0.952822	0.781988089606
10317.000013134	263.533333333	6.08221789389	166.0	0.975466	0.824703101659
10317.000004822	245.3125	5.95247307472	172.0	0.96449	0.801543342628
10317.000009101	386.130434783	6.39718998705	192.0	0.979072	0.843404299816
10317.000013159	381.041666667	6.04215139716	183.0	0.96909	0.803937294885
10317.000018073	252.0	5.71115537569	173.0	0.956206	0.768183048409
10317.000021267	284.058823529	5.19289645148	142.0	0.933708	0.726304911864
10317.000016772	290.538461538	5.94162228904	169.0	0.969078	0.802826520847
10317.000009596	241.5	5.51608773246	141.0	0.954972	0.772609854625
10317.000009003	257.941176471	5.51465552775	165.0	0.937806	0.748630777661
10317.000006635	295.0	5.10116967709	160.0	0.905664	0.696697592626
10317.000017265	309.44	5.62830362549	170.0	0.94726	0.759617581796
10317.000001734	314.12	5.98254489863	178.0	0.962954	0.800261934681
10317.000001286	271.454545455	5.37703892033	152.0	0.935026	0.741872612599
10317.000014397	352.130434783	6.10835660742	178.0	0.973516	0.817091281253
10317.000010746	239.428571429	4.56322263408	113.0	0.909186	0.669076670748
10317.000010873	248.714285714	4.97392029149	137.0	0.914474	0.700746380596
10317.000016731	331.303030303	6.11427073539	196.0	0.961644	0.802955182871
10317.000016458	315.076923077	6.16327060941	181.0	0.968508	0.821786300972
10317.000009174	389.041666667	6.09286430242	191.0	0.965482	0.804080703455
10317.000004719	294.903225806	5.85539991742	177.0	0.960196	0.784106749901
10317.000018345	244.576923077	5.44259719199	149.0	0.944266	0.753909148479
10317.000013222	252.636363636	5.14085793311	146.0	0.922152	0.715018550315
10317.000003809	281.538461538	5.86497276234	169.0	0.96123	0.79246970753
10317.000004847	316.230769231	5.35093541384	141.0	0.935662	0.749477824267
10317.000002261	284.0	5.91148742334	182.0	0.959722	0.787380010595
10317.000014134	239.071428571	5.12725161825	121.0	0.93595	0.741054049258
10317.000016729	338.25	6.31666572775	192.0	0.975374	0.832787996929
10317.000014877	228.176470588	5.89499754507	167.0	0.959584	0.798379419268
10317.000001652	226.03030303	6.11366090556	163.0	0.974358	0.831934557553
10317.000017083	210.384615385	5.51799910883	140.0	0.95774	0.773990749941
10317.000002606	268.625	5.3668505827	153.0	0.92658	0.739501691108
10317.000011357	313.15625	5.95586817305	188.0	0.964144	0.788377539795
10317.000004813	310.103448276	6.04147558336	187.0	0.964218	0.800524721191
10317.000013453	205.555555556	5.24493279832	140.0	0.925126	0.73568867807
10317.000016768	360.37037037	6.26487847729	195.0	0.972572	0.82353180668
10317.000013174	158.055555556	3.96298407643	98.0	0.817762	0.599116842586
10317.000016166	292.9375	5.26328887878	142.0	0.930248	0.736150354804
10317.000003595	264.04	4.41637604021	147.0	0.860858	0.613413476153
10317.000012184	339.5	5.99310881097	197.0	0.96171	0.786285498043
10317.000011358	368.433333333	6.59768365656	210.0	0.98179	0.855259745292
10317.000013471	369.666666667	6.14417217583	219.0	0.963352	0.790268868939
10317.000001436	309.0	5.8065524245	177.0	0.957518	0.777565497475
10317.000009385	305.692307692	6.36739578413	203.0	0.975422	0.830674069985
10317.000006053	307.15	5.37161267977	157.0	0.934078	0.736379979807
10317.000002185	235.117647059	5.09499412109	131.0	0.928628	0.724397511707
10317.000016488	123.1875	3.99443319248	86.0	0.82875	0.621579306946
10317.000001516	165.0	4.74835436046	120.0	0.87861	0.687480754868
10317.000011352	332.303030303	6.1801581392	197.0	0.968004	0.810826046003
10317.000004009	244.473684211	5.39702316869	135.0	0.950142	0.762634421468
10317.000013801	285.217391304	5.55248788781	158.0	0.95099	0.760221052528
10317.000003996	429.451612903	6.20292052734	218.0	0.959182	0.798503262539
10317.000017339	309.055555556	5.75970767889	159.0	0.954392	0.787611085
10317.000010183	460.0	6.54532211105	226.0	0.977442	0.836978557973
10317.000012318	295.0	4.92944211845	149.0	0.887646	0.682826852494
10317.000007666	275.785714286	6.05306503105	174.0	0.9671	0.813262257658
10317.000006026	197.0	5.3306806567	120.0	0.957402	0.771791674258
10317.000002349	208.535714286	5.39378484913	141.0	0.946608	0.755479522858
10317.000015908	201.666666667	5.34707376741	120.0	0.950232	0.774165117197
10317.000001423	206.076923077	4.60108686982	108.0	0.898862	0.681149296468
10317.000011036	239.0	5.68219326152	146.0	0.959518	0.790310419258
10317.000005845	271.757575758	6.03627748281	176.0	0.968454	0.809214132042
10317.000009118	280.913043478	5.60148225426	157.0	0.957064	0.767892183444
10317.000005576	389.913043478	5.83908603576	179.0	0.96359	0.780228456919
10317.000013584	287.9375	5.01695901494	137.0	0.91086	0.706809853253
10317.000002801	292.870967742	6.43220548627	196.0	0.975202	0.844707890117
10317.000013265	301.071428571	6.13547008043	197.0	0.966758	0.804963050077
10317.000010833	163.75	4.67686200291	112.0	0.908758	0.687030727274
10317.000013238	182.0	4.77657273963	92.0	0.939046	0.732203169342
10317.000012983	257.416666667	5.60003226835	174.0	0.92754	0.752394838343
10317.000004915	274.181818182	5.83770580638	158.0	0.963242	0.799271775489
10317.000001099	400.872340426	7.04524578739	254.0	0.986928	0.88190309965
10317.000010881	310.454545455	4.95967620535	152.0	0.903892	0.684288880669
10317.000015856	247.0	5.99521028815	176.0	0.964896	0.803708726704
10317.000017324	303.44	4.29657749303	164.0	0.7458	0.583968348486
10317.000003061	268.5	5.73071008496	159.0	0.955404	0.783645809731
10317.000028859	301.0	6.07677880935	185.0	0.969508	0.806861110569
10317.000014922	321.576923077	5.8940608583	181.0	0.958688	0.7858909299
10317.000012903	292.724137931	6.14467080934	181.0	0.972626	0.819306276669
10317.000014684	367.714285714	6.05617550965	177.0	0.967566	0.810992957385
10317.000012991	358.096774194	6.60594210968	211.0	0.979246	0.855570165365
10317.000014121	209.391304348	5.05853962253	135.0	0.909014	0.714804498317
10317.000004736	281.538461538	5.33453428134	169.0	0.898536	0.720797349459
10317.000011248	315.666666667	6.31783955063	197.0	0.972758	0.828889608767
10317.000010962	299.0	5.9313242721	180.0	0.95946	0.791703226937
10317.000016773	323.333333333	5.87737556678	175.0	0.965196	0.788781243554
10317.000002348	337.464285714	5.46465513031	178.0	0.93219	0.730985819756
10317.000016354	339.206896552	6.55483412274	198.0	0.982034	0.859159487379
10317.000004922	169.714285714	4.68025924473	116.0	0.888622	0.682454391176
10317.000003091	171.25	4.90869966568	116.0	0.926746	0.715764547783
10317.000001965	223.157894737	6.45079903314	175.0	0.980752	0.8657383258
10317.000005454	236.647058824	5.21570237406	129.0	0.942216	0.743907191144
10317.000014369	434.024390244	6.74679066616	245.0	0.981138	0.85008169933
10317.000003086	260.405405405	5.75454405663	175.0	0.955514	0.772296472381
10317.000001528	307.730769231	6.26111699479	180.0	0.9741	0.835723407052
10317.000002444	249.333333333	5.48286697465	152.0	0.948174	0.756473759496
10317.000015584	436.1875	5.38450116863	163.0	0.935552	0.732711981669
10317.000023375	290.076923077	4.67614159929	156.0	0.849212	0.641850848974
10317.000015624	322.0	5.87698020299	184.0	0.95907	0.781143325105
10317.000020431	266.695652174	6.48448999568	198.0	0.978892	0.849939296141
10317.000006671	460.375	6.32684585984	206.0	0.973414	0.823111354441
10317.000009102	235.125	5.14941241838	143.0	0.921164	0.719204602453
10317.000015214	307.375	6.02207358229	169.0	0.971618	0.813697025351
10317.000002172	264.516129032	5.50675680644	160.0	0.939312	0.75209107971
10317.000016745	358.0	5.24457560861	163.0	0.930454	0.713671195688
10317.000001189	371.111111111	5.58261065333	140.0	0.953738	0.783053588988
10317.000007678	128.807692308	2.85566227802	89.0	0.69664	0.440978973033
10317.000003358	273.0	5.6940517551	162.0	0.955252	0.775772223255
10317.000009231	368.3	4.86669433153	159.0	0.896088	0.665495996761
10317.000006653	204.4	4.96330095225	116.0	0.928356	0.723726262259
10317.000018318	378.137931034	6.20637271593	197.0	0.969878	0.814265353076
10317.000013859	232.083333333	5.73225817777	165.0	0.946284	0.778170980179
10317.000015928	227.333333333	6.23527393543	174.0	0.973886	0.837743016443
10317.000013757	319.117647059	6.22156818245	196.0	0.968128	0.817045995162
10317.000012298	286.545454545	5.4823062774	157.0	0.939206	0.751554668313
10317.000001731	288.129032258	6.24787230816	181.0	0.977086	0.833066759268
10317.000017171	328.533333333	5.98260049326	189.0	0.964154	0.791114613584
10317.000014587	166.37037037	5.08475536279	121.0	0.93875	0.734911962907
10317.000017343	307.6	6.04516693661	180.0	0.971188	0.806898755072
10317.000002171	247.303030303	6.06119092238	172.0	0.969112	0.816182983316
10317.000016764	312.052631579	5.92714144356	166.0	0.967048	0.803675898785
10317.000016727	260.689655172	5.90891572316	165.0	0.968282	0.802152763794
10317.000002013	323.59375	5.58722809169	187.0	0.93352	0.740334732569
10317.000013454	247.875	6.10046115944	168.0	0.97402	0.825243399402
10317.000016766	347.37037037	5.90116983298	182.0	0.962094	0.786005760118
10317.000001234	247.352941176	4.46209948959	125.0	0.849028	0.640573883319
10317.000001922	324.636363636	6.09309060847	195.0	0.963572	0.800949920297
10317.000026623	399.578947368	6.20738665715	221.0	0.963044	0.797054997776
10317.000006761	327.857142857	6.59406484578	217.0	0.98001	0.849580792332
10317.000004076	288.433333333	5.9684194571	175.0	0.967974	0.800999913641
10317.000009532	284.541666667	6.26738876708	172.0	0.977208	0.84394900722
10317.000005846	301.666666667	6.04559360506	170.0	0.972516	0.815936648122
10317.000004821	360.022222222	6.52160512117	234.0	0.970886	0.828628069159
10317.000002712	277.527777778	5.59084606756	176.0	0.941338	0.74950027742
10317.000010832	284.714285714	5.31871436611	149.0	0.940074	0.736748886113
10317.000013734	322.0	6.47024368328	208.0	0.97894	0.840243404288
10317.000009659	286.142857143	5.46657661288	154.0	0.947764	0.752268775513
10317.000001116	267.772727273	4.98965901589	145.0	0.915246	0.694947380717
10317.000017292	364.083333333	6.70139588278	221.0	0.982582	0.860487895383
10317.000015862	253.142857143	5.79026454401	151.0	0.96476	0.799936554052
10317.000002446	280.714285714	4.23582268592	134.0	0.827944	0.599457857345
10317.000006678	270.260869565	5.57724707643	156.0	0.953056	0.76553729072
10317.000014224	291.5	6.34136100771	176.0	0.980222	0.850113163028
10317.000017218	340.5	6.22337002389	183.0	0.975848	0.828049304496
10317.000009661	267.935483871	6.01811263029	176.0	0.967302	0.806778979682
10317.000006729	249.375	5.50820614858	135.0	0.95906	0.778345298538
10317.000003476	349.923076923	6.60536346222	223.0	0.977148	0.846743779175
10317.000001811	158.896551724	4.19766590447	120.0	0.81942	0.607750455341
10317.000016749	342.5	6.11436849215	185.0	0.969902	0.811852184649
10317.000003214	191.4375	2.64929215611	102.0	0.511102	0.397050850377
10317.000013686	223.5	5.4328188073	135.0	0.954144	0.767692577657
10317.000010845	297.451612903	6.31275926908	185.0	0.97748	0.838194068668
10317.000001311	225.666666667	5.03612635186	139.0	0.913298	0.70742632934
10317.000003593	336.0	5.87276965181	166.0	0.966128	0.796303491863
10317.000001435	267.176470588	5.21522570973	141.0	0.926442	0.730469668515
10317.000017205	327.454545455	6.14102326098	195.0	0.964272	0.807250770994
10317.000014551	192.625	5.59740306415	133.0	0.962776	0.793363428796
10317.000002781	228.894736842	3.72556441308	116.0	0.756866	0.5432450769
10317.000007675	228.75	5.79828733484	159.0	0.957834	0.792886659104
10317.000003216	225.055555556	5.3667080441	130.0	0.948268	0.764230553994
10317.000005238	321.230769231	5.51896657864	174.0	0.937728	0.741503221369
10317.000022448	311.714285714	5.62656166756	175.0	0.950406	0.75512042044
10317.000001004	228.5	5.07847916819	118.0	0.941252	0.737867579616
10317.000014122	272.75	5.49562304725	154.0	0.950774	0.756265925313
10317.000016728	358.5	6.57475489321	222.0	0.9769	0.843521183107
10317.000010773	166.041666667	4.10779708152	115.0	0.841134	0.600073486478
10317.000005553	263.857142857	6.02247917771	170.0	0.966526	0.812817035788
10317.000014054	351.5	6.11409629404	200.0	0.970442	0.799870659815
10317.000001779	229.344827586	6.05786939623	162.0	0.966594	0.825339672316
10317.000026081	288.0	5.3065817568	142.0	0.945474	0.742205516936
10317.000016769	273.04	5.46641856414	156.0	0.946084	0.750324882543
10317.000003372	272.615384615	5.88275485816	163.0	0.96907	0.800513331654
10317.000004738	303.25	6.08471010578	192.0	0.967618	0.802207012256
10317.000041976	326.277777778	6.49321603903	210.0	0.976208	0.84171757616
10317.000036427	293.2	6.0254066213	177.0	0.969678	0.806872642227
10317.000043092	396.954545455	6.21933734165	194.0	0.969924	0.818343245613
10317.000036069	184.4	4.89792016028	106.0	0.93032	0.727999118503
10317.000028711	208.076923077	5.40316379606	140.0	0.947636	0.757883195719
10317.000027901	433.0	6.49558763423	229.0	0.975742	0.828602981861
10317.000031057	331.769230769	5.45458231692	146.0	0.947404	0.758653048103
10317.000021275	347.041666667	5.09131120584	161.0	0.918094	0.694498558706
10317.000031439	302.4	5.48366719075	146.0	0.944256	0.762698330931
10317.000036437	311.483870968	5.99892792985	188.0	0.965524	0.794077354523
10317.000043117	306.034482759	5.87107758224	180.0	0.960954	0.783661599707
10317.000040144	199.4	4.49640398443	111.0	0.860902	0.661779330685
10317.000039994	215.076923077	5.44294059319	147.0	0.939286	0.755998374995
10317.000036067	284.04	6.34812773878	176.0	0.978644	0.851020300652
10317.000036877	447.555555556	6.28475800111	209.0	0.972502	0.815423012397
10317.000038417	308.193548387	5.70031990298	179.0	0.94864	0.761686293816
10317.000031891	332.615384615	5.96820041814	182.0	0.961996	0.794933892596
10317.000028719	439.272727273	5.69739736753	152.0	0.961896	0.786072619651
10317.000023341	400.461538462	5.18660486469	145.0	0.931806	0.722377511981
10317.000036901	279.21875	5.23237775702	165.0	0.932794	0.710310736462
10317.000035492	309.176470588	6.03757219159	194.0	0.958644	0.794426504219
10317.000041632	268.0	5.00111163365	154.0	0.886326	0.688215018515
10317.000027775	297.607142857	5.80139787716	179.0	0.953242	0.775192502036
10317.000036094	204.0	3.9074752103	105.0	0.804374	0.581967877109
10317.000039831	304.15625	5.50722630259	179.0	0.93692	0.735884803488
10317.000043164	185.0	5.10085824784	130.0	0.935322	0.726372981828
10317.000036422	312.375	5.97872578491	174.0	0.966146	0.803274375016
10317.000036939	233.84	5.28634985507	140.0	0.941912	0.741498106121
10317.000020388	397.428571429	6.60218462803	223.0	0.981142	0.846336283342
10317.000036147	383.041666667	5.79800757469	185.0	0.940494	0.769846488998
10317.000035412	319.777777778	5.93618424967	178.0	0.963726	0.794060449652
10317.000031272	95.0	3.80395652871	75.0	0.826382	0.610702721932
10317.000037565	278.121212121	5.67398737342	175.0	0.943452	0.761485252298
10317.000018298	215.476190476	5.4275460351	134.0	0.952768	0.768111736041
10317.000001764	253.6	5.92099830147	166.0	0.965778	0.802842934819
10317.000014232	324.303030303	5.90697965905	189.0	0.962962	0.781114823842
10317.000009677	261.25	5.16150197476	137.0	0.942202	0.727173660873
10317.000036045	274.533333333	6.12869968792	177.0	0.970366	0.820704795776
10317.000018424	259.555555556	4.72872695525	133.0	0.885132	0.67023921416
10317.000015901	215.833333333	5.15215406696	124.0	0.941828	0.740869805367
10317.000014978	352.857142857	6.07902753611	190.0	0.967422	0.803057264318
10317.000017133	358.368421053	5.67024287895	166.0	0.954856	0.76884238135
10317.000018401	329.857142857	6.64706943684	219.0	0.981712	0.854951960212
10317.000026136	447.1875	5.85865105109	174.0	0.962394	0.787141680487
10317.000018408	179.416666667	5.09188993519	122.0	0.939666	0.734682283744
10317.000013197	317.027777778	6.15586031707	193.0	0.972916	0.810786322116
10317.000001936	183.833333333	4.65948785312	113.0	0.91439	0.683191435121
10317.000009495	215.333333333	4.73297625668	117.0	0.92397	0.68889738025
10317.000033748	263.833333333	4.91955277207	141.0	0.880804	0.689056290689
10317.000006717	271.7	5.7827911491	169.0	0.95915	0.781365403786
10317.000001786	402.75	6.34603070405	204.0	0.975086	0.827121857978
10317.000022553	318.135135135	6.2292422715	200.0	0.972858	0.814934519547
10317.000009178	304.6	6.05810457202	175.0	0.96892	0.813036227412
10317.000034127	205.0	5.29537151157	142.0	0.940618	0.740637595018
10317.000005085	250.0	5.58626200693	145.0	0.960666	0.778040771394
10317.000009648	256.516129032	5.74007365383	167.0	0.950102	0.777397553647
10317.000013001	316.75	5.63830970988	168.0	0.947772	0.762725595699
10317.000034147	332.5	5.3362872962	154.0	0.941924	0.734339348805
10317.000028856	252.954545455	5.190664512	140.0	0.938568	0.728076652262
10317.000005163	182.0	4.28373599743	107.0	0.87754	0.635430835169
10317.000009628	298.535714286	5.76614440911	168.0	0.95947	0.780018508316
10317.000001789	253.75	5.82562703811	165.0	0.951972	0.790846078773
10317.000002346	229.434782609	5.04751871375	139.0	0.931288	0.709026618171
10317.000016762	239.454545455	5.69998800092	162.0	0.9528	0.77658099262
10317.000014291	350.0	6.13368926231	203.0	0.961048	0.800185318502
10317.000011191	271.555555556	5.86572666087	166.0	0.967448	0.795348515146
10317.000011969	268.434782609	5.42295082091	151.0	0.949004	0.749191433223
10317.000013764	295.75	5.6423108859	157.0	0.950552	0.773489271084
10317.000016333	367.833333333	5.7502007433	160.0	0.964648	0.785339690418
10317.000038478	285.0	6.19515789842	170.0	0.974038	0.836122422453
10317.000034126	306.375	5.87829574286	168.0	0.958502	0.795189844628
10317.000006036	333.681818182	6.2509199245	179.0	0.97429	0.835258390979
10317.000013902	265.363636364	5.86135557313	179.0	0.958196	0.783204149805
10317.000015295	242.9	4.6197613293	129.0	0.885484	0.658909084102
10317.000006795	326.533333333	5.94375670323	187.0	0.959776	0.78757649717
10317.000002141	215.55	4.84175270617	130.0	0.90435	0.689475805752
10317.000006017	207.352941176	4.7269129917	120.0	0.888194	0.684376410234
10317.000021323	274.785714286	6.14965142744	173.0	0.97447	0.827163274228
10317.000017174	279.142857143	5.49357617005	154.0	0.93429	0.755984249611
10317.000014451	201.333333333	5.1016837399	128.0	0.934196	0.728811962843
10317.000013984	258.24	5.89636714582	156.0	0.970264	0.809339960745
10317.000015587	159.04	4.61602162259	112.0	0.88424	0.67809327932
10317.000003508	325.75	5.82314028449	177.0	0.954248	0.779786806553
10317.000036114	207.25	5.06273066261	131.0	0.932046	0.719810348603
10317.000010712	338.64	6.17588033731	182.0	0.973814	0.822595799869
10317.000013986	220.565217391	5.62219329132	141.0	0.959082	0.787471510998
10317.000014259	241.526315789	5.4974312648	142.0	0.949074	0.7688986999
10317.000006899	295.5625	6.21375365298	184.0	0.97603	0.82590582616
10317.000003879	225.647058824	5.15212887998	125.0	0.941488	0.739633710926
10317.000003287	386.774193548	6.47934680779	214.0	0.97769	0.836966277732
10317.000013952	313.0	5.8736500261	152.0	0.966542	0.810390282629
10317.000010169	148.461538462	3.78076612789	79.0	0.84949	0.599761679367
10317.000001805	269.0	5.94459480365	154.0	0.9696	0.818050010187
10317.000012959	275.652173913	5.72768101328	155.0	0.965362	0.787188439099
10317.000005009	325.8125	5.65951071334	157.0	0.956258	0.775847149313
10317.000033803	252.555555556	5.39629960439	137.0	0.946558	0.760252918178
10317.000014237	285.783783784	5.90717865866	187.0	0.956782	0.782729729435
10317.000017185	351.181818182	6.05517169702	192.0	0.969364	0.798312674116
10317.000002811	264.136363636	5.17318527183	138.0	0.94167	0.72774389443
10317.000035361	197.555555556	5.20149133118	121.0	0.947394	0.75178409412
10317.000044399	198.142857143	5.16102945661	130.0	0.921328	0.734941488971
10317.000005987	308.84	6.07574405307	176.0	0.97214	0.814504960122
10317.000003922	377.714285714	5.92753501317	174.0	0.96726	0.796396615999
10317.000015542	197.157894737	4.82961464604	119.0	0.91364	0.700470238929
10317.000017114	117.333333333	4.84662256203	88.0	0.943986	0.750317187049
10317.000014222	161.043478261	5.21781021602	118.0	0.949702	0.758111408451
10317.000001882	342.64	5.95307837251	186.0	0.95727	0.789621033549
10317.000012004	346.833333333	6.1342434009	198.0	0.963194	0.80403154635
10317.000001702	341.659574468	6.11278036585	221.0	0.960324	0.784907145311
10317.000001732	314.441176471	6.0961761358	194.0	0.96454	0.802137637942
10317.000014929	210.0	4.92263227322	126.0	0.928096	0.705523116056
10317.000001151	269.37037037	5.79233598447	161.0	0.967926	0.79012435699
10317.000002262	429.84	6.2123128893	203.0	0.969594	0.810442354571
10317.000016752	161.789473684	4.65372138052	112.0	0.903618	0.683631371334
10317.000027295	283.517241379	5.80031558958	169.0	0.962318	0.783733290012
10317.000029188	303.076923077	5.56024656278	169.0	0.947834	0.751295384644
10317.000014392	225.652173913	5.32551406208	138.0	0.948472	0.749172925332
10317.000002512	200.0	5.21108409126	139.0	0.932088	0.732002700687
10317.000012242	290.885714286	6.0178526795	184.0	0.967424	0.79986749822
10317.000031519	194.24	5.47654086566	137.0	0.952406	0.771557637618
10317.000016177	320.285714286	5.7325017667	190.0	0.943696	0.75728019969
10317.000015329	366.0	6.17139428967	184.0	0.970348	0.820275598941
10317.000014318	287.111111111	6.12553154629	173.0	0.974438	0.823919012321
10317.000013609	189.555555556	4.49644232059	124.0	0.87706	0.646579722501
10317.000014317	294.6	5.41840556544	165.0	0.92937	0.735564560964
10317.000029154	242.44	5.63308619692	154.0	0.951598	0.775182560459
10317.000009529	202.052631579	5.03031876149	121.0	0.932842	0.727044109556
10317.000011955	222.772727273	5.274134116	134.0	0.945786	0.746400728018
10317.000003266	224.357142857	5.16855935928	143.0	0.922346	0.721878804264
10317.000016405	220.44	6.05746892876	152.0	0.974454	0.835751863898
10317.000010984	324.461538462	5.78919791754	144.0	0.969204	0.807427960039
10317.000010843	279.222222222	5.81142911258	168.0	0.961462	0.786144422677
10317.000008955	220.913043478	5.63819954811	136.0	0.96542	0.795517334538
10317.000027648	199.285714286	4.37078428061	115.0	0.862508	0.638491071945
10317.000015263	115.5	3.45193232557	69.0	0.782232	0.56510084391
10317.000014357	195.217391304	5.19621645499	133.0	0.921396	0.73650013341
10317.000017093	228.047619048	4.83426543864	129.0	0.908824	0.689503458172
10317.000010797	249.1875	5.11776048671	131.0	0.935496	0.72763439446
10317.000014954	289.75	5.61998911464	151.0	0.958084	0.776412665087
10317.000014379	317.576923077	5.84001025767	177.0	0.954176	0.782045893895
10317.000005915	134.0	4.20404558132	92.0	0.847228	0.644440201478
10317.000001363	288.545454545	5.01127077072	159.0	0.866298	0.685266098385
10317.000013604	134.25	2.51948260149	53.0	0.565206	0.439859914515
10317.000014095	226.444444444	5.26793304694	147.0	0.935476	0.731690665162
10317.000012275	221.965517241	5.60956635972	148.0	0.957396	0.778084838785
10317.000006619	236.545454545	5.56453434457	142.0	0.958882	0.778284077962
10317.000011145	220.3125	4.15009438832	117.0	0.809156	0.604057361976
10317.000011389	288.433333333	6.00872316586	175.0	0.967636	0.806408928116
10317.000023487	159.807692308	4.86195413245	120.0	0.90239	0.703928065045
10317.000002205	174.5	3.77660998902	92.0	0.807606	0.578918390668
10317.000011155	244.916666667	5.33796051627	150.0	0.929728	0.738427777043
10317.000006929	154.785714286	5.09335593203	121.0	0.92994	0.736155023933
10317.000013648	178.928571429	4.82388442466	105.0	0.904256	0.718455172955
10317.000012155	370.551724138	6.60601321662	210.0	0.981926	0.856339508704
10317.000013119	280.127659574	6.03057039712	193.0	0.966106	0.794284428285
10317.000006654	251.888888889	6.06520817893	165.0	0.971352	0.823369926339
10317.000002071	366.105263158	5.17314789158	160.0	0.923904	0.706528092674
10317.000011049	237.652173913	5.95033558604	150.0	0.970586	0.823140798076
10317.000004159	202.545454545	4.92524307271	130.0	0.89649	0.701365010185
10317.000002568	169.6875	4.81050549815	105.0	0.910788	0.71646255495
10317.000008957A	297.714285714	6.19950367116	182.0	0.971856	0.825742307597
10317.000002749	348.464285714	6.01075482109	189.0	0.960758	0.794837626712
10317.000001127	263.12	5.62557258819	158.0	0.953056	0.770227472888
10317.000017661	296.5	5.98309979839	169.0	0.970848	0.808430923636
10317.000002201	114.4	3.73083443986	77.0	0.83219	0.595334533198
10317.000011298	258.25	4.88367078259	134.0	0.916292	0.691141967071
10317.000001939	197.157894737	4.73038165677	119.0	0.88225	0.686077836886
10317.000001726	238.37037037	5.37067305393	154.0	0.929868	0.739071255754
10317.000012381	303.0	6.22569478289	180.0	0.974526	0.83099530955
10317.000009447	262.714285714	5.07267723132	141.0	0.924272	0.710503641047
10317.000029245	284.108108108	5.94843684667	183.0	0.966908	0.79146812335
10317.000014958	344.5	5.72622990893	160.0	0.95609	0.782065848602
10317.000015364	440.055555556	5.79425050113	176.0	0.957796	0.776768364852
10317.000016484	277.375	5.20566461676	135.0	0.942702	0.735594215417
10317.000010908	245.384615385	5.93106257676	178.0	0.956848	0.79337534324
10317.000003125	234.4	4.98219289462	128.0	0.896558	0.711741842088
10317.000001524	330.107142857	5.36919651583	174.0	0.934864	0.72138079764
10317.000014949	203.5	5.24918459075	137.0	0.936396	0.73952674902
10317.000015933	345.555555556	5.94036992562	170.0	0.967278	0.801735254195
10317.000014012	353.714285714	5.56947486601	163.0	0.95473	0.757882826677
10317.000004774	264.181818182	5.30589477884	148.0	0.929458	0.735963534231
10317.000008954B	279.772727273	5.5599629562	157.0	0.94329	0.762200414195
10317.000017636	250.0	5.28872910338	128.0	0.94707	0.755532729054
10317.000016703	383.043478261	6.21603042563	193.0	0.972974	0.818711307173
10317.000003365	222.071428571	4.79622132212	116.0	0.904946	0.699363460693
10317.000017216	314.206896552	6.58067007324	194.0	0.982984	0.86588757133
10317.000004163	281.5	5.27764968661	145.0	0.944678	0.735058009849
10317.000018338	223.783783784	6.19702501151	171.0	0.974798	0.83542035907
10317.000003411	208.909090909	4.4823539643	93.0	0.92572	0.685463389678
10317.000013697	291.5	5.34108343515	155.0	0.925396	0.734056090531
10317.000017161	191.052631579	4.55366580565	110.0	0.897342	0.671497457445
10317.000001072	217.5	4.91925480651	135.0	0.916786	0.695122649312
10317.000002773	137.555555556	3.93825467197	92.0	0.801144	0.603696983105
10317.000010748	212.096774194	5.65693840428	145.0	0.963984	0.787884405409
10317.000011956	260.434782609	5.18389692307	143.0	0.938706	0.724020960606
10317.000007641	257.107142857	5.73789568142	158.0	0.961384	0.785606233162
10317.000005007	235.0	5.00587779592	139.0	0.900716	0.703177304711
10317.000012948	195.136363636	4.05913725748	120.0	0.796432	0.587693869085
10317.000017079	128.05	4.45313656909	91.0	0.916108	0.684277365113
10317.000009193	236.0	4.89153026359	126.0	0.898996	0.701065503638
10317.000012984	270.757575758	5.91436295352	175.0	0.963988	0.793745186487
10317.000015581	173.714285714	4.8485042539	113.0	0.925894	0.710905722653
10317.000014802	208.103448276	5.44923903483	145.0	0.95185	0.758956550356
10317.000020067	233.652173913	5.35148854544	146.0	0.938402	0.744314204278
10317.000017353	365.75	6.31753590636	196.0	0.975512	0.829648934193
10317.000001059	216.8	5.02442874151	131.0	0.935488	0.714364647258
10317.000017088	258.454545455	5.13241753869	139.0	0.934638	0.720952384107
10317.000013213	172.576923077	5.42652410394	131.0	0.946928	0.77153387515
10317.000004602	178.681818182	5.25691393838	123.0	0.946648	0.757206043191
10317.000014399	226.375	5.20190131294	137.0	0.94078	0.732865286059
10317.000005008	404.75	5.40428007884	148.0	0.93678	0.749610241548
10317.000010104	539.571428571	6.19437617165	186.0	0.972974	0.821626964871
10317.000010565	203.0	5.45213634386	133.0	0.943048	0.772773647788
10317.000027213	169.105263158	4.10637830987	102.0	0.858244	0.615425141446
10317.000007746	201.783783784	5.56707990833	149.0	0.954858	0.771152507737
10317.000027194	230.545454545	4.62030519343	127.0	0.908506	0.661112269405
10317.000015224	354.913043478	6.44713981285	196.0	0.975604	0.846669137082
10317.000013933	216.956521739	5.53265793244	140.0	0.95407	0.776046892695
10317.000018033	216.181818182	5.15415957277	133.0	0.931558	0.730539084705
10317.000006084	171.4	5.22703061849	115.0	0.949784	0.763572889537
10317.000023423	293.333333333	5.6203161839	154.0	0.951684	0.773425248207
10317.000002059	230.088235294	6.03625068216	167.0	0.968414	0.8175098085
10317.000005851	343.588235294	5.4710677042	153.0	0.9495	0.753861833319
10317.000003047	277.4	4.95602689505	130.0	0.922894	0.705748691468
10317.000008982	219.181818182	5.44707496248	136.0	0.95258	0.768550761321
10317.000010765	221.285714286	5.10060770439	137.0	0.899106	0.718594625211
10317.000012072	307.461538462	4.98024847611	127.0	0.921852	0.712615992754
10317.000002005	224.0	5.88221006532	169.0	0.964998	0.794798796003
10317.000017183	223.535714286	5.64688140617	156.0	0.946814	0.775095353219
10317.000008976	242.055555556	5.10729365213	137.0	0.915794	0.719536569071
10317.000012228	284.454545455	6.00202896676	165.0	0.97061	0.814793161661
10317.000011224	223.55	5.05750345809	138.0	0.890134	0.711470219852
10317.000023828	224.454545455	5.54468885118	144.0	0.952406	0.773325920433
10317.000003149	297.375	5.5373363822	175.0	0.941198	0.743145818725
10317.000013029	210.12	5.06517586701	132.0	0.930666	0.71903641125
10317.000026111	170.055555556	4.19716570509	102.0	0.876178	0.629031497541
10317.000003536	241.0	6.01313603763	172.0	0.96726	0.809712047207
10317.000011012	246.5	5.96709175245	166.0	0.968568	0.809092860858
10317.000010259	169.714285714	5.00196761049	116.0	0.93564	0.729364460772
10317.000006637	374.527777778	6.1901953387	208.0	0.971028	0.803875566237
10317.000012113	195.545454545	4.09810710966	93.0	0.87106	0.626702490036
10317.000013079	227.315789474	5.34579263016	131.0	0.949352	0.760055612892
10317.000001488	172.666666667	3.07699878816	91.0	0.665756	0.472817437901
10317.000004162	175.04	5.55717900623	128.0	0.961888	0.793882715176
10317.000012906	239.0	5.09178403558	134.0	0.939432	0.720594362501
10317.000012976	394.315789474	5.88914536261	174.0	0.965406	0.791238757341
10317.000009533	130.461538462	3.8835477976	82.0	0.82866	0.610855844321
10317.000014309	237.44	5.46008341595	149.0	0.940914	0.756331342103
10317.000013778	329.25	6.08544042237	183.0	0.97085	0.809697107829
10317.000010732	246.333333333	5.38936124462	149.0	0.9498	0.746534899324
10317.000002371	309.576923077	5.65800541083	169.0	0.949948	0.764504469981
10317.000006021	209.4375	4.9129404531	120.0	0.910342	0.711310014991
10317.000002329	370.0	5.89147019583	184.0	0.943898	0.783069273602
10317.000010761	256.363636364	5.78022478662	170.0	0.949246	0.780121448097
10317.000009129	228.4375	5.72979419164	139.0	0.959456	0.804866079535
10317.000014323	296.730769231	5.5070939627	169.0	0.942854	0.744113454369
10317.000006894	235.5	5.62071615967	153.0	0.95086	0.77448198739
10317.000014241	155.166666667	4.63686505093	105.0	0.911088	0.690601056922
10317.000001685	216.434782609	4.87998063985	126.0	0.925708	0.699410184679
10317.000011302	207.2	5.00689703902	140.0	0.912102	0.702300221092
10317.000012231	171.954545455	5.09261553795	114.0	0.943548	0.745309163091
10317.000015577	354.322580645	6.38040757486	201.0	0.975834	0.833925561138
10317.000001579	260.130434783	5.38468264803	149.0	0.94352	0.745886819621
10317.000002202	273.885714286	6.08263502539	179.0	0.970716	0.812771880872
10317.000017662	250.444444444	5.84329338728	161.0	0.9638	0.797075384216
10317.000003432	174.954545455	4.70506226971	117.0	0.880406	0.684834424626
10317.000011116	317.535714286	6.23256440805	187.0	0.975218	0.825844914246
10317.000006737	318.6	6.14780617911	191.0	0.966264	0.811331431629
10317.000006841	261.033333333	5.94958727504	171.0	0.964174	0.802063301084
10317.000013563	304.535714286	5.08015644175	174.0	0.862732	0.682546689302
10317.000013295	266.516129032	6.01085797156	177.0	0.95028	0.804924407328
10317.000016699	310.243243243	6.4855305378	202.0	0.97867	0.846872739465
10317.000017217	347.5	6.44641753284	198.0	0.978878	0.844949037495
10317.000016702	393.34375	6.24330857349	206.0	0.973096	0.812243302581
10317.000006728	170.153846154	4.14707075984	94.0	0.851976	0.632697313849
10317.000002498	293.724137931	6.0094262237	182.0	0.954948	0.800424959885
10317.000013286	231.5	5.33415810705	149.0	0.937218	0.738888154769
10317.000022964	357.833333333	5.39804943719	150.0	0.949352	0.746740189278
10317.000002466	313.777777778	5.49364070901	172.0	0.926814	0.739758262124
10317.000017644	291.375	5.68443037759	163.0	0.95753	0.773525739188
10317.000017173	228.055555556	5.26872796996	133.0	0.936202	0.746777753849
10317.000013332	365.317073171	6.58572832794	227.0	0.974854	0.841460107049
10317.000002173	187.769230769	4.57916303386	101.0	0.907934	0.687746708815
10317.000011329	263.541666667	5.61065871273	151.0	0.956356	0.775123651521
10317.000007039	280.25	5.95925444998	179.0	0.963766	0.796285561716
10317.000002886	231.551724138	5.68030600388	153.0	0.960412	0.782692909213
10317.000006887	320.034482759	6.03808403456	185.0	0.963424	0.801723304843
10317.000009126	317.647058824	5.00623974388	141.0	0.910384	0.701198086095
10317.000022636	304.75	4.82448907842	126.0	0.909634	0.691457004924
10317.000014233	298.517241379	6.36129028433	184.0	0.978542	0.84551577052
10317.000023088	250.774193548	5.687619828	166.0	0.957566	0.771198565234
10317.000004974	256.516129032	5.86954708558	167.0	0.962812	0.794932577617
10317.000002414	111.25	3.78747415846	75.0	0.850072	0.608056574875
10317.000006027	248.625	5.45845554806	148.0	0.947248	0.757124745973
10317.000017098	309.076923077	6.05242513093	175.0	0.97126	0.812274010237
10317.000003841	167.894736842	4.56445569243	111.0	0.909254	0.671795159763
10317.000014559	189.033333333	5.14799386562	132.0	0.937442	0.730792993463
10317.000003761	237.888888889	5.91323010191	156.0	0.969054	0.811654583271
10317.000014799	259.464285714	5.90285866763	163.0	0.967218	0.803249017211
10317.000002208	285.333333333	5.90491193248	180.0	0.962806	0.788177752094
10317.000016313	186.454545455	5.57633607697	133.0	0.952988	0.790377441009
10317.000022899	355.0	5.86760242097	177.0	0.961402	0.785740808297
10317.000004793	315.045454545	6.08788071568	175.0	0.966148	0.817032375584
10317.000003837	252.954545455	5.25940737802	140.0	0.943006	0.737718977563
10317.000010285	175.2	4.75533366566	100.0	0.93708	0.715749036378
10317.000005848	186.565217391	4.42646209329	122.0	0.850746	0.63867116552
10317.000005907	241.444444444	5.5388352427	152.0	0.94676	0.76419572801
10317.000013421	232.926829268	5.84387803356	179.0	0.951172	0.780868771692
10317.000020072	174.04	4.99208700199	121.0	0.927624	0.721518381097
10317.000001477	162.05	5.07249143682	119.0	0.923566	0.735696230264
10317.000014132	316.636363636	5.89066618209	187.0	0.950866	0.780541746463
10317.000003382	320.5	5.93386207324	184.0	0.962558	0.788703822458
10317.000003221	147.4	4.19677081137	90.0	0.855418	0.646467310504
10317.000014607	238.615384615	3.72506250516	107.0	0.776564	0.552559630222
10317.000017125	368.75	6.63109910823	230.0	0.978	0.845211588463
10317.000013826	251.107142857	4.80080221513	152.0	0.884404	0.662368960813
10317.000004872	159.730769231	5.3082805469	125.0	0.94528	0.762050665076
10317.000001118	299.692307692	6.09308908943	197.0	0.964328	0.799402737446
10317.000014293	220.142857143	5.38709149287	133.0	0.954244	0.763554335651
10317.000016721	306.375	6.39449108692	178.0	0.980894	0.855366385917
10317.000016763	252.037037037	5.94744819322	160.0	0.966054	0.812278967527
10317.000012173	210.052631579	5.14509589538	120.0	0.94861	0.744922164925
10317.000004641	261.260869565	5.38395493619	147.0	0.944136	0.747805549797
10317.000013509	296.176470588	5.66571907719	150.0	0.96014	0.783768319524
10317.000012951	258.285714286	5.63300377617	167.0	0.944002	0.762896718645
10317.000023799	256.4	5.65655477265	157.0	0.95367	0.775441927328
10317.000004705	297.034482759	5.12474666762	171.0	0.878806	0.69086661636
10317.000014605	321.454545455	5.89627221731	189.0	0.957378	0.779698915553
10317.000015455	266.222222222	5.6178902997	155.0	0.960428	0.772099264221
10317.000007651	151.333333333	3.92872878975	83.0	0.861414	0.616267370902
10317.000001827	196.035714286	5.05937659737	137.0	0.898476	0.712785817004
10317.000012872	171.055555556	5.05676013124	111.0	0.941278	0.744252372935
10317.000014666	309.75	6.27554535444	196.0	0.971834	0.824134534724
10317.000017146	225.37037037	4.8794028908	141.0	0.898566	0.683432704656
10317.000006636	286.625	5.93536402051	171.0	0.955138	0.800145865477
10317.000017276	112.714285714	3.22810302188	75.0	0.715268	0.518252847334
10317.000004161	272.105263158	5.57538916188	145.0	0.95589	0.776526428397
10317.000023299	300.545454545	4.95069320346	123.0	0.930946	0.713097999241
10317.000013733	243.260869565	5.42557424921	150.0	0.939894	0.750547839351
10317.000010304	324.96875	6.31234636496	197.0	0.972018	0.828168912319
10317.000012034	152.125	4.62922486665	82.0	0.925594	0.728145811987
10317.000015874	365.473684211	5.52570054838	164.0	0.950106	0.751024327781
10317.000023823	220.647058824	4.05982329791	113.0	0.851126	0.595266388211
10317.000014391	362.529411765	6.28422074237	205.0	0.972218	0.81831330519
10317.000018411	186.0	4.14708425588	100.0	0.82073	0.624198377784
10317.000002963	144.0	4.48622945202	99.0	0.906324	0.676721695501
10317.000014646	325.875	5.5294469222	170.0	0.93985	0.746275499547
10317.000001793	240.636363636	5.59310955827	161.0	0.948716	0.762948162046
10317.000013214	209.142857143	4.63578120308	122.0	0.894958	0.668872729883
10317.000023154	257.954545455	5.30322208776	145.0	0.94173	0.738619670706
10317.000009222	254.75	5.80145116617	157.0	0.96556	0.795305385417
10317.000010738	236.0	5.78117060694	165.0	0.962448	0.784810986921
10317.000027198	181.142857143	4.43854441924	113.0	0.892712	0.650795887277
10317.000007734	334.5	5.82464870806	177.0	0.960892	0.779988802167
10317.000006818	109.066666667	3.64012727542	76.0	0.797082	0.582613557469
10317.000026639	348.464285714	5.84472540072	189.0	0.94959	0.772882575412
10317.000005041	146.928571429	4.69314264727	94.0	0.929656	0.716008700694
10317.000013312	319.230769231	5.28228027875	144.0	0.930924	0.736727410354
10317.000001285	264.617647059	5.65829870724	174.0	0.94219	0.760223251781
10317.000018306	197.0	4.90162438633	119.0	0.904368	0.710914277156
10317.000017215	337.263157895	6.55742716323	207.0	0.982206	0.85233486447
10317.000016698	283.551724138	6.22749734974	180.0	0.972958	0.831235913154
10317.000009098	253.25	5.12062565966	146.0	0.897988	0.712204535413
10317.000012013	249.9	4.98489275792	136.0	0.92099	0.703339526368
10317.000014909	181.555555556	4.32807782344	105.0	0.876666	0.64461119452
10317.000014979	256.0	5.87422439826	161.0	0.968172	0.801294639664
10317.000014538	207.047619048	4.13715714811	117.0	0.833234	0.602174311986
10317.000004278	171.875	4.14709515655	84.0	0.859464	0.648762394335
10317.000009556	272.772727273	5.53244056984	150.0	0.955216	0.765331212016
10317.000022663	280.111111111	5.82540837007	166.0	0.957458	0.789881657488
10317.000001141	240.473684211	5.02080588986	131.0	0.929606	0.713849556434
10317.000002359	260.555555556	5.3407298929	134.0	0.95127	0.755825428883
10317.000004823	148.454545455	4.75943683718	113.0	0.908612	0.69784632682
10317.000014236	204.391304348	5.43225327665	135.0	0.947946	0.767612664504
10317.000001799	271.1875	4.85646341506	133.0	0.884666	0.688344295137
10317.000023213	203.666666667	5.40302828399	122.0	0.950698	0.779574815901
10317.000013652	225.115384615	5.61185541969	150.0	0.953624	0.776317080282
10317.000010205	159.3	5.02187555178	112.0	0.92475	0.737713195401
10317.000005989	195.107142857	5.55038022112	134.0	0.96175	0.785495352736
10317.000011072	101.909090909	3.72545794743	65.0	0.880504	0.618603523247
10317.000017111	174.142857143	4.50589208131	111.0	0.895064	0.663175785814
10317.000011369	279.25	6.00426941115	178.0	0.962312	0.803167938851
10317.000013178	130.75	3.53687813686	84.0	0.714022	0.553301393366
10317.000013905	187.5	3.94318942468	85.0	0.833156	0.615220613624
10317.000012914	323.027777778	5.63294669347	191.0	0.941074	0.743384968873
10317.000003423	472.5	4.25756905734	115.0	0.83001	0.62195241329
10317.000013306	217.12	5.32026500552	139.0	0.934184	0.747339379716
10317.000002489	231.125	5.58783650477	139.0	0.965262	0.784925236449
10317.000004759	141.714285714	3.82200807226	86.0	0.85187	0.594747994075
10317.000004734	276.333333333	5.94708384287	171.0	0.96254	0.801725813628
10317.000002687	204.476190476	4.52730653622	123.0	0.857624	0.652113370846
10317.000004158	252.772727273	5.12692875599	143.0	0.924328	0.716064369712
10317.000004157	202.333333333	5.00884516208	129.0	0.918086	0.714403481673
10317.000001321	219.333333333	5.55751503665	147.0	0.953394	0.771912216344
10317.000003022	271.615384615	5.85651936538	162.0	0.96621	0.797907227407
10317.000003757	197.384615385	5.48401159947	136.0	0.956904	0.773762307091
10317.000013103	176.55	3.52791743132	105.0	0.725858	0.525437656702
10317.000002087	254.5	5.37167719326	148.0	0.932746	0.745088000551
10317.000023258	248.5	5.284228227	139.0	0.952294	0.742277281553
10317.000009214	310.833333333	4.68371947329	144.0	0.87722	0.653245253242
10317.000013829	237.451612903	5.22455685837	155.0	0.923788	0.718041166886
10317.000016757	274.12	5.52635508906	154.0	0.948476	0.760495035614
10317.000003092	233.1875	5.87644784953	162.0	0.965854	0.800622335227
10317.000014593	263.4375	5.94162795073	172.0	0.961112	0.800082968624
10317.000006047	273.0	5.00600155589	130.0	0.921364	0.712865188662
10317.000001065	220.5	5.184682983	129.0	0.943936	0.739482945585
10317.000010098	237.12	5.2750259293	146.0	0.925344	0.733679366735
10317.000009117	252.307692308	5.73673560767	154.0	0.9619	0.78944600554
10317.000006702	149.333333333	3.89902469273	81.0	0.851368	0.615002672138
10317.000026135	317.681818182	5.78916602269	163.0	0.962298	0.787777953027
10317.000009624	400.076923077	5.73229138956	157.0	0.961346	0.785824457075
10317.000020358	184.272727273	5.11308683057	124.0	0.930876	0.735252012218
10317.000009075	234.451612903	5.59702019205	152.0	0.959662	0.772223533096
10317.000001765	305.222222222	6.1042633607	173.0	0.9747	0.82105831977
10317.000012996	241.375	5.32403399244	127.0	0.941004	0.761807726497
10317.000016353	264.7	5.42180059982	162.0	0.933956	0.738680027206
10317.000008949A	346.5	5.75506995103	168.0	0.95545	0.778520404615
10317.000005571	97.375	3.24692844742	72.0	0.719714	0.526250877711
10317.000004792	237.117647059	5.34272422656	133.0	0.944476	0.757265818258
10317.000011039	260.27027027	5.78776209183	177.0	0.945146	0.775049251466
10317.000006626	297.272727273	5.38858067856	150.0	0.947692	0.745430326762
10317.000017126	280.176470588	5.2015997486	134.0	0.939352	0.736135591895
10317.000014608	432.272727273	5.15620632822	145.0	0.916784	0.718143678921
10317.000013258	217.555555556	5.30130377779	132.0	0.936994	0.752556385683
10317.000015264	300.75	5.26617614266	141.0	0.934902	0.73760603191
10317.000007732	268.0	5.06696090315	125.0	0.938746	0.727407093887
10317.000027644	311.15	5.46820411116	161.0	0.924012	0.745909986715
10317.000007697	260.6	6.08975277689	173.0	0.970648	0.819106563291
10317.000004881	227.9375	5.02713216898	121.0	0.930674	0.726583543651
10317.000006651	198.730769231	3.89854842886	126.0	0.740488	0.558749035671
10317.000023808	318.6	5.9304829698	176.0	0.968874	0.79503148135
10317.000004642	149.25	2.91643683045	74.0	0.74078	0.469676903701
10317.000002345	330.555555556	5.29314496858	155.0	0.91771	0.727467628885
10317.000001353	257.884615385	5.48147055346	154.0	0.95261	0.754318366552
10317.000011077	337.25	5.18635752828	136.0	0.934576	0.731765039824
10317.000028759	217.235294118	5.17305670559	120.0	0.94288	0.748970413529
10317.000004631	312.730769231	6.12700474544	185.0	0.96802	0.813529998123
10317.000009433	153.125	4.74981177837	94.0	0.926446	0.724654419346
10317.000009061	335.037037037	6.20485223555	190.0	0.968562	0.819679074027
10317.000013995	317.454545455	6.14612827491	185.0	0.973936	0.816069177632
10317.000015155	243.636363636	5.30568939488	137.0	0.94884	0.747487378596
10317.000022965	327.25	5.85914861613	181.0	0.96208	0.781235868622
10317.000016701	282.15	6.23410859265	195.0	0.971852	0.819487038887
10317.000010714	235.888888889	5.77538912923	154.0	0.964008	0.794765209751
10317.000002529	216.285714286	5.50382493624	155.0	0.945084	0.756422599406
10317.000021223	233.666666667	5.63765858186	147.0	0.959104	0.78304377086
10317.000012401	395.5	6.42542650153	210.0	0.97588	0.832929997732
10317.000022638	170.352941176	4.28486741425	104.0	0.86578	0.639490480401
10317.000013972	273.772727273	5.50616415101	151.0	0.950964	0.760687520152
10317.000017163	309.555555556	5.29337935721	147.0	0.9405	0.735225035763
10317.000001126	232.157894737	5.40490554861	139.0	0.942518	0.759228864714
10317.000009472	280.25	5.76185086175	179.0	0.941938	0.769908163595
10317.000001026	318.884615385	6.31407720659	188.0	0.973806	0.835793625644
10317.000010919	232.375	5.03640119849	143.0	0.90158	0.703420628891
10317.000014311	330.75	5.24580829242	148.0	0.940206	0.727629131694
10317.000005039	230.260869565	4.98005043797	137.0	0.92145	0.701610020885
10317.000001025	194.0	4.63443194405	124.0	0.858978	0.666422363879
10317.000004249	219.55	5.39179160538	134.0	0.950208	0.763051733434
10317.000017176	162.041666667	5.02303172273	117.0	0.928292	0.731115730786
10317.000002258	165.75	4.86485856688	126.0	0.90701	0.697242853981
10317.000013118	271.12	6.02071552758	166.0	0.968722	0.81636384234
10317.000013431	281.28125	6.33021224978	185.0	0.975362	0.840511436444
10317.000021159	299.869565217	5.58141905116	159.0	0.952268	0.763231010983
10317.000014197	287.783783784	6.29242765161	189.0	0.975446	0.832084889457
10317.000015541	353.25	4.50779784546	122.0	0.890466	0.65040667766
10317.000022661	287.433333333	5.69486864849	174.0	0.951754	0.765136622583
10317.000014258	378.357142857	6.23520370909	198.0	0.974046	0.817264681623
10317.000014324	214.483870968	5.16076776157	141.0	0.936966	0.722842025618
10317.000002369	185.333333333	3.75272852228	112.0	0.755846	0.551275578436
10317.000010757	243.142857143	5.68201123358	141.0	0.964384	0.795849900522
10317.000010305	314.034482759	6.25811025181	188.0	0.974122	0.828385286702
10317.000002372	216.333333333	4.90866922823	147.0	0.870492	0.681790641729
10317.000013056	301.052631579	5.61955176134	155.0	0.953486	0.772327608536
10317.000013852	239.161290323	5.74589140908	159.0	0.961898	0.785721779524
10317.000012017	307.869565217	5.72905688963	167.0	0.953598	0.77590551608
10317.000021237	112.0	2.08916814709	67.0	0.44786	0.344401158884
10317.000016489	215.65	4.28403708721	118.0	0.837128	0.622440689789
10317.000012355	250.884615385	5.81358609925	158.0	0.962284	0.795969416347
10317.000018409	212.75	5.40288890636	139.0	0.93791	0.758945586312
10317.000004077	175.142857143	4.54739113784	80.0	0.927724	0.719304470027
10317.000004294	220.1	5.72077612266	155.0	0.959102	0.786239459913
10317.000022993	285.529411765	6.09429938802	183.0	0.970298	0.810875835803
10317.000010847	250.625	5.53543788878	150.0	0.957094	0.765745846698
10317.000008963	103.25	3.83344883412	80.0	0.812322	0.60637336847
10317.000013372	194.769230769	4.73500882105	108.0	0.922052	0.700975230089
10317.000016407	293.058823529	5.7443887086	151.0	0.961114	0.793598716219
10317.000006657	238.8	5.47725683497	138.0	0.954448	0.770519517556
10317.000017327	305.076923077	5.66887456437	171.0	0.944662	0.764220446955
10317.000010764	253.0	4.98109078408	138.0	0.89785	0.700720777479
10317.000005805	236.2	5.65441894681	153.0	0.953152	0.779125915463
10317.000018032	250.6	5.86659977018	163.0	0.96484	0.798314980097
10317.000012988	131.157894737	3.79625518531	88.0	0.823462	0.587707310711
10317.000013732	135.0	4.1676600956	96.0	0.88293	0.632905668809
10317.000011093	404.794117647	6.41327320749	212.0	0.976722	0.829883439562
10317.000003078	299.636363636	6.56378462355	199.0	0.981296	0.859513849338
10317.000004979	263.1	5.41326345497	163.0	0.923862	0.736625895169
10317.000014188	182.130434783	5.311417571	131.0	0.930602	0.755168226032
10317.000012921	248.0	5.48832858159	143.0	0.958202	0.766540112725
10317.000011223	378.894736842	6.49067262052	224.0	0.974812	0.831353599947
10317.000013608	190.333333333	4.95803150691	125.0	0.91503	0.711769314739
10317.000009594	202.2	4.65266327078	129.0	0.88746	0.663601834783
10317.000022994	378.21875	6.31905197416	201.0	0.977142	0.82590632363
10317.000002494	400.0	4.32680319928	112.0	0.834552	0.635607111547
10317.000005887	223.333333333	4.89130732564	125.0	0.917918	0.702190467828
10317.000009427	157.076923077	4.329677724	94.0	0.877842	0.660556721707
10317.000004078	261.730769231	5.19888212715	155.0	0.923134	0.714512539585
10317.000014803	220.588235294	5.23992631028	130.0	0.935012	0.746176567477
10317.000002244	209.028571429	5.61928821235	155.0	0.949288	0.77229138747
10317.000002506	157.0	3.94653521893	108.0	0.83416	0.584248844658
10317.000028817	267.676470588	5.63028686943	170.0	0.948306	0.759885248053
10317.000027879	250.84	5.63970903096	157.0	0.944468	0.773132589767
10317.000002325	270.176470588	4.20242662465	124.0	0.846946	0.604300833207
10317.000026127	249.0	5.44617009374	137.0	0.951486	0.767278878157
10317.000031851	291.794117647	5.38427731446	174.0	0.931202	0.723406985081
10317.000036428	216.476190476	5.29153947415	135.0	0.943062	0.747728890428
10317.000042001	165.777777778	5.3156004192	124.0	0.94765	0.764373075183
10317.000026648	188.833333333	4.51702978705	110.0	0.859218	0.666094998329
10317.000027761	263.243902439	6.27533105676	190.0	0.972528	0.828989531828
10317.000030744	227.434782609	5.20942844401	137.0	0.930326	0.733925739293
10317.000039842	198.0	5.66859713165	141.0	0.964454	0.793971056703
10317.000041636	193.0	5.02698380565	123.0	0.924168	0.724086899895
10317.000021239	151.0	4.9651796035	108.0	0.93969	0.735049932647
10317.000036165	246.636363636	5.83260783662	155.0	0.96553	0.801609141316
10317.000027762	192.090909091	4.46260979121	98.0	0.88115	0.674649364277
10317.000023342	232.105263158	5.10108005279	126.0	0.932652	0.731098667206
10317.000041617	313.375	6.20664483583	191.0	0.970068	0.819096421318
10317.000029227	254.894736842	5.43072933921	135.0	0.952914	0.767397322246
10317.000030751	257.5	4.33946361644	118.0	0.86349	0.630493777655
10317.000042989	227.772727273	5.24257586046	139.0	0.93625	0.73642635989
10317.000011074	233.677419355	5.84204967001	158.0	0.966588	0.799866517278
10317.000026658	340.0	6.05073753636	179.0	0.970514	0.808509684958
10317.000036106	136.25	3.77820199203	85.0	0.844966	0.589479098665
10317.000014136	252.636363636	5.7573944031	146.0	0.967742	0.80076980404
10317.000031222	274.166666667	5.33600404718	140.0	0.938284	0.748462928811
10317.000005898	342.666666667	6.28043886531	191.0	0.976178	0.828835084808
10317.000030756	173.625	4.27499398979	114.0	0.856332	0.625649466174
10317.000038402	212.12	5.34669026715	134.0	0.951512	0.756668947
10317.000033785	414.107142857	6.09997640657	200.0	0.968494	0.798023439364
10317.000028955	389.65	6.35056545594	220.0	0.971974	0.816125418917
10317.000035491	322.884615385	5.777144244	179.0	0.953792	0.771951690948
10317.000031319	190.25	5.57734943919	135.0	0.955268	0.78811569451
10317.000036399	119.615384615	3.98422636993	79.0	0.880108	0.632037586504
10317.000002326	226.076923077	4.93041480885	116.0	0.918074	0.71893095247
10317.000036934	139.076923077	4.37331262332	85.0	0.890296	0.682328893165
10317.000036101	291.0	5.67090073109	158.0	0.95643	0.776433593314
10317.000039907	288.24	6.54076590786	186.0	0.981884	0.867572374019
10317.000040048	283.5625	5.71067021138	172.0	0.954228	0.768982846695
10317.000043083	254.28125	4.66392813056	158.0	0.862518	0.638563545561
10317.000036085	209.476190476	4.59189886102	128.0	0.891172	0.655985551575
10317.000042009	247.789473684	5.45372906025	145.0	0.941498	0.759581910004
10317.000040002	181.0	5.06760258057	112.0	0.941042	0.744430492988
10317.000036124	180.875	3.21642503001	98.0	0.668014	0.486253381601
10317.000040003	231.607142857	5.7298367702	155.0	0.958504	0.787484717282
10317.000037487	276.625	5.32558884501	161.0	0.905494	0.726456040023
10317.000033728	276.217391304	4.90826836484	149.0	0.898812	0.679893861866
10317.000036081	213.0	5.50209262321	137.0	0.949282	0.775157474481
10317.000037612	189.136363636	4.39749742761	114.0	0.86372	0.643577961666
10317.000043003	202.84	5.43182405297	139.0	0.934806	0.763010115898
10317.000028718	185.789473684	5.04925978607	116.0	0.938368	0.736260393497
10317.000030771	189.0	3.5158318643	79.0	0.79544	0.557733843347
10317.000034241	209.107142857	5.67469746929	148.0	0.960058	0.787118964712
10317.000009144	141.928571429	4.37786272431	89.0	0.892686	0.676041219266
10317.000004765	253.307692308	5.76638074395	155.0	0.965336	0.792507167658
10317.000009566	253.583333333	4.23462732858	111.0	0.860816	0.623251124435
10317.000006675	376.333333333	6.45911916702	208.0	0.978228	0.838798744415
10317.000031829	141.5	3.77643518049	86.0	0.777682	0.587656332978
10317.000033666	195.5	4.80797105053	116.0	0.92315	0.701076753339
10317.000031926	314.769230769	5.45065333605	129.0	0.963452	0.777417866727
10317.000027821	213.076923077	4.93176981846	115.0	0.921274	0.720440725463
10317.000013063	255.583333333	4.75131967953	113.0	0.90831	0.696656158983
10317.000010852	123.2	4.40574798148	88.0	0.901456	0.682064342746
10317.000016754	254.875	5.81405401789	175.0	0.943174	0.780283088296
10317.000014234	203.25	4.72327217727	107.0	0.920208	0.700629727447
10317.000022526	267.461538462	4.89323454263	122.0	0.925762	0.706019331609
10317.000033713	172.615384615	3.73722170589	93.0	0.756376	0.571514137191
10317.000009621	248.428571429	4.80769441622	122.0	0.896554	0.693677192203
10317.000001325	143.275862069	4.23870051305	115.0	0.78719	0.619196066536
10317.000014018	325.047619048	5.73504906562	163.0	0.958412	0.780413827435
10317.000013201	204.391304348	5.40466489865	135.0	0.945002	0.763714247536
10317.000010207	215.115384615	5.41661142449	140.0	0.947938	0.75976944829
10317.000006777	225.55	4.99513951331	131.0	0.930486	0.710200355107
10317.000014165	245.375	5.28115326275	131.0	0.93895	0.750865298674
10317.000002125	237.545454545	4.97210726853	117.0	0.933364	0.723703539982
10317.000014678	191.2	2.17878426032	58.0	0.602362	0.371934334053
10317.000002711	346.25	3.3069366164	76.0	0.727506	0.529285368514
10317.000021226	141.5	4.99770580595	109.0	0.93747	0.738411598463
10317.000013755	206.8125	4.59833812252	114.0	0.903496	0.672971189788
10317.000016381	150.125	3.84146597234	91.0	0.820766	0.590286907428
10317.000001221	243.888888889	5.41719650602	157.0	0.931348	0.742628944328
10317.000009497	169.058823529	4.12812920879	97.0	0.882278	0.625482382495
10317.000002161	212.0	5.21516603402	125.0	0.950792	0.748683252438
10317.000043152	230.666666667	5.02588506581	129.0	0.923616	0.716833855574
10317.000039986	280.1	6.18484434285	180.0	0.970514	0.825542661252
10317.000006736	265.954545455	5.6076429913	153.0	0.956412	0.772680627362
10317.000023343	129.230769231	4.09428413295	78.0	0.896256	0.651395724631
10317.000036151	341.105263158	5.85720650945	162.0	0.965084	0.798000845678
10317.000038424	219.285714286	5.41019494286	145.0	0.936316	0.753518585685
10317.000036191	252.894736842	5.36601253856	140.0	0.945834	0.752672116649
10317.000005799	132.2	1.85578837898	51.0	0.433608	0.327159595253
10317.000016719	212.107142857	5.90921129914	151.0	0.968062	0.816369284663
10317.000016723	218.4	5.36116091101	130.0	0.94749	0.763440630533
10317.000004927	130.230769231	3.4963456075	79.0	0.808316	0.5546426418
10317.000016717	248.8	5.78531891952	148.0	0.965062	0.802462908922
10317.000009694	233.965517241	5.8341508573	160.0	0.95924	0.796805265183
10317.000002382	337.5	6.03633357257	180.0	0.968242	0.805719692439
10317.000001575	192.333333333	5.20312451112	127.0	0.928418	0.744506977253
10317.000001305	319.05	5.1794656926	153.0	0.918806	0.713681810159
10317.000012154	218.3125	4.813418905	115.0	0.923872	0.703151837075
10317.000010555	213.285714286	5.12424923126	139.0	0.910326	0.719804979268
10317.000001404	287.0	5.50528615163	145.0	0.953558	0.76676265432
10317.000001155	135.4	4.38075758955	91.0	0.865406	0.673155474589
10317.000006034	279.103448276	5.34619389956	156.0	0.943302	0.733822751161
10317.000013758	233.2	5.31294030919	123.0	0.95372	0.765276083342
10317.000001782	333.5	5.59604748814	176.0	0.94737	0.750197571911
10317.000015538	233.0	4.89764171196	129.0	0.918738	0.698542713499
10317.000014556	140.111111111	3.42436121492	74.0	0.776412	0.551475470268
10317.000010979	196.8	4.77529294873	126.0	0.909688	0.6844061011
10317.000013061	216.783783784	6.0429000654	164.0	0.971238	0.821319381992
10317.000005228	171.0	0.880985648216	33.0	0.199184	0.174646474358
10317.000002067	228.5	4.3935084505	120.0	0.870864	0.63610511701
10317.000010822	162.666666667	5.12718180679	108.0	0.941994	0.759032893612
10317.000012156	338.538461538	5.71238245046	174.0	0.959534	0.767489697275
10317.000008991	272.526315789	5.25431810675	138.0	0.945558	0.739157350966
10317.000001405	150.5	4.72807613538	101.0	0.925754	0.710112039491
10317.000010776	272.387096774	6.08629457828	173.0	0.970794	0.818641415808
10317.000013965	176.6875	4.98462213715	112.0	0.930798	0.73224067119
10317.000003281	110.5	4.41306062972	78.0	0.913844	0.702112685243
10317.000018434	396.333333333	4.80399299456	128.0	0.898764	0.686284713508
10317.000002882	184.55	4.50055583993	113.0	0.900894	0.659888232366
10317.000002184	186.0	3.42577848207	108.0	0.662242	0.507155519758
10317.000002272	263.0	4.64686467995	119.0	0.902262	0.673964829742
10317.000002126	227.8	4.58863029296	127.0	0.891534	0.656579957262
10317.000012202	242.0	4.80415828681	109.0	0.93185	0.709814930605
10317.000001794	283.0	4.77494122221	137.0	0.900048	0.672713389627
10317.000013182	255.137931034	5.83582533373	162.0	0.963936	0.795087819429
10317.000002276	270.454545455	4.85631799804	151.0	0.860702	0.670909982645
10317.000006839	130.5	4.29274450537	99.0	0.868704	0.647535613391
10317.000009198	238.137931034	4.94645298489	145.0	0.905234	0.68892975146
10317.000002793	197.5	5.46743376357	131.0	0.953856	0.777350340279
10317.000002922	259.071428571	4.80184629865	124.0	0.916536	0.690496224773
10317.000023223	384.555555556	4.81088612578	152.0	0.904222	0.663760242753
10317.000002709	139.166666667	2.79155063548	89.0	0.580732	0.431078682475
10317.000012211	257.666666667	4.48820265482	119.0	0.869994	0.650953050377
10317.000014897	247.153846154	4.49855074871	111.0	0.896552	0.66209529078
10317.000014594	130.0	3.57104680167	85.0	0.735608	0.55715852524
10317.000003838	155.473684211	4.24489442781	101.0	0.867328	0.637542745346
10317.000016737	310.555555556	5.80488658059	172.0	0.958684	0.781669758934
10317.000011192	203.217391304	4.90078134548	121.0	0.935248	0.708321754226
10317.000003578	222.791666667	5.87824027334	144.0	0.971752	0.819846828545
10317.000013798	158.571428571	5.1642138201	111.0	0.93928	0.76006737322
10317.000015605	173.724137931	5.33593323674	128.0	0.949904	0.762276176678
10317.000009219	340.571428571	4.72596071741	137.0	0.873218	0.665812814336
10317.000007005	109.428571429	3.37806456482	63.0	0.775712	0.565150805727
10317.000004636	295.1	5.46657905515	124.0	0.960824	0.786083511474
10317.000003088	247.916666667	5.61786426223	153.0	0.943742	0.774089022662
10317.000006703	117.588235294	2.66281454693	74.0	0.645074	0.428832360941
10317.000007865	129.476190476	4.51457965702	96.0	0.908674	0.685589273519
10317.000017746	133.625	4.71834992459	92.0	0.927254	0.723278165575
10317.000002805	153.235294118	3.89893907276	95.0	0.78491	0.593458868078
10317.000010918	279.04	6.17231638208	171.0	0.97427	0.832089391059
10317.000014668	203.555555556	5.51270784809	127.0	0.960712	0.788804774456
10317.000026105	116.4	4.14712218519	79.0	0.893774	0.657878557465
10317.000001301	205.833333333	3.1429007413	91.0	0.660138	0.48294405633
10317.000026638	241.666666667	3.88186956089	84.0	0.852294	0.607271088737
10317.000003491	268.857142857	6.06175834907	175.0	0.967648	0.81352658757
10317.000004703	215.052631579	5.04301289924	125.0	0.927794	0.723969145921
10317.000009097	145.0	3.86274390364	93.0	0.801146	0.590709602752
10317.000018414	200.0	4.59675113918	102.0	0.91807	0.688917582976
10317.000012201	237.5	4.66084831471	145.0	0.875712	0.649151438588
10317.000005017	274.12	5.61471171635	154.0	0.959578	0.772654003927
10317.000009019	177.153846154	4.20965238065	94.0	0.872646	0.64224507073
10317.000005885	205.037037037	5.09272995864	135.0	0.92798	0.719635814838
10317.000016414	211.6	4.40544332472	94.0	0.904436	0.672115890776
10317.000004864	214.724137931	5.67612127961	143.0	0.966478	0.792768614494
10317.000009221	219.0	5.50926498479	135.0	0.95766	0.778494918969
10317.000009105	162.75	5.00943265156	119.0	0.938268	0.726550406919
10317.000014563	227.5	4.58761316974	119.0	0.895818	0.665371200114
10317.000002035	121.461538462	2.92421708959	73.0	0.662946	0.472423258813
10317.000003732	265.5	4.99941732856	118.0	0.933602	0.726380446103
10317.000014667	193.12	4.74868160408	127.0	0.88842	0.679481449931
10317.000013814	201.0	3.94938925723	78.0	0.874058	0.628343122638
10317.000018426	118.217391304	4.76540734038	98.0	0.92613	0.720425756033
10317.000015599	252.625	5.66011200321	152.0	0.96163	0.780928340234
10317.000002132	321.136363636	4.70724264982	155.0	0.852192	0.646943673257
10317.000003225	146.8125	4.00697371435	93.0	0.860322	0.612765927559
10317.000009392	97.1	2.74186154749	62.0	0.667166	0.460492298971
10317.000009149	213.352941176	5.11216704055	126.0	0.936784	0.732687680099
10317.000013912	113.0625	3.84209403076	84.0	0.824714	0.601048692774
10317.000012212	247.12	5.63709050881	156.0	0.953912	0.773751446999
10317.000007677	193.125	4.76921759817	107.0	0.926644	0.707445072087
10317.000017208	257.105263158	5.0907730248	130.0	0.94115	0.724936824778
10317.000013117	240.833333333	3.55381805828	118.0	0.687304	0.5163449612
10317.000012055	200.125	4.91127907342	114.0	0.917104	0.718770397772
10317.000005026	75.1538461538	3.64068297265	59.0	0.847312	0.618885582909
10317.000009033	173.789473684	5.57215968979	124.0	0.958098	0.801265802845
10317.000013524	309.535714286	5.91356965685	179.0	0.96137	0.790181083134
10317.000006092	225.181818182	5.39290467681	142.0	0.940034	0.754279079619
10317.000002274	92.0909090909	3.64495772898	67.0	0.818494	0.600874404338
10317.000008999	173.083333333	3.05346463757	83.0	0.670624	0.478971882519
10317.000016761	308.117647059	4.90533733338	136.0	0.913474	0.69211471626
10317.000013277	206.882352941	4.27909608847	113.0	0.873452	0.627416980119
10317.000007693	160.75	4.82970805713	109.0	0.921306	0.713589912061
10317.000004025	65.125	2.94183045228	46.0	0.77688	0.532596624368
10317.000010737	177.576923077	5.59200355036	136.0	0.9549	0.788999346538
10317.000001128	221.666666667	5.34284010185	135.0	0.946584	0.754978002264
10317.000003559	206.136363636	5.41999295781	131.0	0.95644	0.770605288012
10317.000014798	210.352941176	5.01100635518	123.0	0.923952	0.721785507445
10317.000020104	297.076923077	5.37730036013	163.0	0.932798	0.731732110275
10317.000017117	65.0	2.76013897054	44.0	0.696348	0.505572587652
10317.000009766	174.272727273	4.642848705	96.0	0.917674	0.705068359083
10317.000014561	276.5	5.84233651939	170.0	0.955056	0.788504287295
10317.000004923	119.153846154	3.61342923055	76.0	0.793534	0.578340453338
10317.000014172	185.714285714	3.43328042097	107.0	0.703708	0.509277940231
10317.000002056	289.0	5.83485171527	151.0	0.964444	0.806096360372
10317.000002243	263.0	4.81802403239	109.0	0.912726	0.711863596083
10317.000010274	205.09375	5.56493773435	146.0	0.958584	0.774001881238
10317.000003507	166.4	4.3558447145	110.0	0.86008	0.642326155596
10317.000017766	190.857142857	4.23908741468	85.0	0.872808	0.661386933161
10317.000001275	102.166666667	2.51236890726	71.0	0.578772	0.408532067812
10317.000003189	194.0	4.59771210269	109.0	0.89357	0.679312483535
10317.000009693	150.142857143	3.35327882739	70.0	0.753514	0.547091530627
10317.000022444	126.5	3.25746805318	71.0	0.776826	0.529691382407
10317.000016315	156.714285714	3.1331893319	86.0	0.678408	0.487559951465
10317.000011315	206.391304348	5.38601856093	132.0	0.949778	0.764582229453
10317.000013913	194.909090909	3.31317428269	88.0	0.750814	0.512920405122
10317.000013498	219.75	3.95100493753	96.0	0.865826	0.600004166629
10317.000002589	206.454545455	5.37447350073	126.0	0.958432	0.770282052555
10317.000004086	363.857142857	6.44404122704	201.0	0.976726	0.842242542221
10317.000013551	130.833333333	3.02488789076	83.0	0.674814	0.474489283295
10317.000006766	189.038461538	5.41437490656	134.0	0.948846	0.766247744774
10317.000011962	152.0	3.29336185244	96.0	0.713946	0.500133729248
10317.000002199	142.0	4.01250599964	72.0	0.879218	0.650333026528
10317.000012052	247.153846154	4.9422304126	120.0	0.91297	0.71555070175
10317.000010263	355.5	5.20304536791	141.0	0.939668	0.728763631088
10317.000010556	175.166666667	3.85007823716	111.0	0.776892	0.566653309554
10317.000040007	169.368421053	5.17645424518	110.0	0.94909	0.763335741482
10317.000036451	289.037037037	5.92509052676	172.0	0.962276	0.797856085458
10317.000023129	278.772727273	5.64563396693	156.0	0.954654	0.774924128735
10317.000028914	170.833333333	4.3674610377	92.0	0.905096	0.66949023664
10317.000038479	130.058823529	4.50603624871	93.0	0.910028	0.689084999901
10317.000026549	180.0	4.44974491023	102.0	0.903564	0.666885679821
10317.000042999	256.473684211	5.93383291137	147.0	0.97225	0.824180966461
10317.000041554	252.848484848	6.01599320258	171.0	0.968706	0.811015477931
10317.000037489	296.176470588	5.77276750229	150.0	0.967736	0.798576883645
10317.000031493	208.8	5.10303429789	129.0	0.921972	0.727837525725
10317.000023972	364.45	6.41235103221	220.0	0.975064	0.824065621985
10317.000039813	204.8125	4.60804864963	112.0	0.886486	0.676922050105
10317.000012123	411.486486486	5.90665541551	212.0	0.953924	0.764326632273
10317.000009455	151.5	5.01681448965	96.0	0.940778	0.761859234445
10317.000018344	145.043478261	4.33357311553	102.0	0.894508	0.649474950027
10317.000010548	158.5	5.05121005712	97.0	0.94891	0.765344964077
10317.000010161	104.545454545	4.78025158678	75.0	0.941892	0.767441119144
10317.000023819	165.0	4.59575149795	116.0	0.865148	0.670131850937
10317.000008950B	163.5625	3.7635926044	96.0	0.809352	0.571543513572
10317.000001067	34.5	1.92472561277	29.0	0.631532	0.396198670745
10317.000009526	164.6	5.24465132844	98.0	0.953576	0.792877004741
10317.000013166	113.066666667	4.10709623193	80.0	0.875444	0.649658801917
10317.000010876	135.5	4.87176572127	89.0	0.936538	0.752311035222
10317.000010993	171.652173913	4.34851074521	114.0	0.83737	0.636408713765
10317.000015613	110.666666667	2.7533135058	59.0	0.69998	0.468040212996
10317.000018335	183.035714286	5.32707660293	130.0	0.949476	0.758586953114
10317.000015525	231.652173913	5.54568279884	144.0	0.955184	0.773464547778
10317.000001622	128.4	4.228845306	84.0	0.892368	0.661551206911
10317.000012936	146.666666667	1.80969280531	60.0	0.455248	0.306369785595
10317.000009111	83.1428571429	2.7735458188	47.0	0.719672	0.499325133302
10317.000002271	128.1	3.48650569035	72.0	0.79301	0.565080724569
10317.000002465	227.965517241	5.88096283375	154.0	0.968238	0.809293461534
10317.000001747	174.0	4.15939789315	88.0	0.865992	0.643926298584
10317.000002038	78.8125	3.55668908325	63.0	0.820002	0.5950347196
10317.000013724	162.129032258	4.67124276844	121.0	0.907666	0.675145989774
10317.000023378	188.315789474	4.38904703881	113.0	0.85495	0.643538397306
10317.000012307	236.090909091	4.44035495874	106.0	0.857824	0.659989217876
10317.000020347	248.357142857	5.91713457594	167.0	0.964892	0.801377512094
10317.000020368	226.5	5.39522708828	135.0	0.950868	0.762380623642
10317.000010567	153.555555556	4.87920291971	108.0	0.925736	0.722321862229
10317.000020063	178.714285714	5.21282769805	125.0	0.932144	0.748347563608
10317.000010178	159.0	4.50200562275	99.0	0.891608	0.679101439364
10317.000011259	119.166666667	3.68519002484	88.0	0.747744	0.57051304858
10317.000005025	113.789473684	4.20966996336	86.0	0.874318	0.655072600343
10317.000013165	279.545454545	5.06994072255	150.0	0.904836	0.701351208215
10317.000016738	256.954545455	5.18526776477	144.0	0.910106	0.723196932147
10317.000001225	44.4285714286	2.23134380174	35.0	0.620762	0.435020605095
10317.000003137	213.714285714	4.59363203101	119.0	0.869388	0.666244154481
10317.000009642	140.0	3.24475574809	70.0	0.743948	0.529385857877
10317.000015394	77.7692307692	3.48212931432	60.0	0.841882	0.589502930173
10317.000001086	111.75	2.55301070571	61.0	0.638832	0.430471046078
10317.000001756	95.0833333333	3.70205786451	68.0	0.842702	0.608144634481
10317.000012999	204.181818182	4.69425005348	121.0	0.9123	0.678471288201
10317.000001248	180.757575758	5.07537472702	139.0	0.907022	0.712939561541
10317.000016739	241.235294118	5.14049223259	130.0	0.914004	0.732016944919
10317.000010559	192.875	4.99553777981	110.0	0.938508	0.736657247343
10317.000001654	124.625	3.30306373036	87.0	0.77765	0.512663774327
10317.000011375	96.4285714286	2.5186724924	50.0	0.635422	0.446268013874
10317.000042586	302.428571429	6.11410429726	188.0	0.97076	0.809323236155
10317.000041282	133.055555556	4.81780656771	100.0	0.91321	0.725152145094
10317.000001208	131.272727273	4.06890360397	74.0	0.899592	0.6552756522
10317.000027729	250.84	5.87352469247	157.0	0.965802	0.805185751893
10317.000013573	237.567567568	5.99138302596	176.0	0.957492	0.803195649786
10317.000010544	68.0	2.24673112701	38.0	0.619446	0.428117789596
10317.000005878	83.5	0.668994848366	31.0	0.138316	0.135035999071
10317.000012987	149.4	4.49624137451	92.0	0.913542	0.6892310374
