	chao1	shannon	observed_otus	simpson	equitability
10317.000002503	208.0	5.24483329906	132.0	0.933262	0.744540014399
10317.000013618	343.03030303	6.45772031651	199.0	0.980034	0.84562495047
10317.000031796	350.5	6.04042181482	199.0	0.96263	0.790980585659
10317.000026504	249.2	5.85521113454	164.0	0.962612	0.795809683827
10317.000007104	370.0	5.67098810685	154.0	0.95793	0.780398333582
10317.000007077	247.789473684	5.58613869243	145.0	0.956776	0.778023596455
10317.000016408	337.25	6.25485237241	191.0	0.974734	0.825458412656
10317.000005802	198.428571429	4.39679777305	100.0	0.893188	0.661784007279
10317.000006952	258.625	5.89713832162	158.0	0.970778	0.807409001577
10317.000013023	353.0	5.68286662385	134.0	0.968204	0.804244960781
10317.000002645	202.714285714	4.62896118249	124.0	0.897086	0.665635678932
10317.000002027	268.772727273	5.4875024582	146.0	0.954238	0.763231760839
10317.000027353	378.375	6.23815785154	211.0	0.961886	0.807936499594
10317.000023798	279.166666667	5.81145547046	160.0	0.954092	0.79370561895
10317.000041962	311.621621622	6.23857162019	196.0	0.973404	0.81927896767
10317.000040352	236.894736842	4.19306725054	124.0	0.802144	0.602954973285
10317.000028811	247.954545455	4.68528335144	135.0	0.906026	0.662060963322
10317.000027772	370.171428571	6.66689896438	223.0	0.980002	0.854632036036
10317.000027617	297.375	5.43545315367	159.0	0.93764	0.743270907917
10317.000039924	273.789473684	5.50649123674	143.0	0.959328	0.769076841989
10317.000039952	104.5	4.26208692705	72.0	0.888638	0.690784235798
10317.000026028	291.206896552	5.88827120176	171.0	0.96785	0.793797287011
10317.000001441	203.44	4.82625711085	135.0	0.88959	0.681981470997
10317.000016347	320.307692308	5.92653771645	183.0	0.952478	0.78855433878
10317.000001595	243.896551724	5.92015627891	163.0	0.967442	0.805602841017
10317.000002146	237.44	5.70220727749	149.0	0.96122	0.789870365448
10317.000012158	346.107142857	6.17179827662	190.0	0.969794	0.815312549665
10317.000014313	143.909090909	3.99021866436	80.0	0.856702	0.631171156089
10317.000007749	254.473684211	5.37443637953	145.0	0.935988	0.748538221327
10317.000018083	277.583333333	4.68866148236	120.0	0.90076	0.678838243847
10317.000017335	312.956521739	5.80345629021	165.0	0.96721	0.787836334255
10317.000002578	290.055555556	5.84574069404	152.0	0.966356	0.806539618835
10317.000007719	219.666666667	4.89325807954	118.0	0.92836	0.710956248123
10317.000009676	223.666666667	4.22895479768	93.0	0.848328	0.646712355493
10317.000006716	411.565217391	5.83487247942	192.0	0.955572	0.769268467559
10317.000006802	292.0	5.62695423633	169.0	0.94606	0.760308863936
10317.000002898	296.052631579	5.44175844624	150.0	0.95232	0.752786683307
10317.000001647	217.2	5.63088737609	144.0	0.954292	0.785348155658
10317.000002878	272.25	5.50139336732	171.0	0.932952	0.741642322529
10317.000009527	193.55	5.31960950672	122.0	0.95385	0.767538754915
10317.000017667	293.0	5.82205642159	160.0	0.964908	0.795153454957
10317.000009213	260.12	5.50854543845	155.0	0.947872	0.757071365418
10317.000031434	183.4	4.99743542461	124.0	0.924846	0.718621563378
10317.000027217	247.368421053	4.46829543439	131.0	0.830722	0.635294569005
10317.000001546	258.6	6.06748652558	171.0	0.971774	0.817957287963
10317.000009074	239.037037037	5.71091659085	147.0	0.966404	0.793218957381
10317.000027277	290.375	5.34942228312	162.0	0.92674	0.728819019601
10317.000001333	111.111111111	4.26685080149	66.0	0.908492	0.705918693791
10317.000023984	384.913043478	5.59860745629	174.0	0.947234	0.752203407081
10317.000021327	208.0	4.94510307041	124.0	0.925416	0.711096271905
10317.000028933	282.619047619	5.71086445197	154.0	0.959814	0.785885813487
10317.000015568	249.230769231	5.90000944007	159.0	0.967472	0.806796645885
10317.000006944	292.15	2.69303054103	122.0	0.540054	0.388563353344
10317.000002028	293.90625	5.47415783308	177.0	0.914542	0.733053961724
10317.000003896	300.352941176	5.71726621259	150.0	0.960902	0.790899102242
10317.000011025	342.555555556	5.99680579646	167.0	0.971248	0.812167654461
10317.000017293	312.558823529	5.8380164653	184.0	0.959564	0.775964430067
10317.000031284	132.272727273	3.6796892387	75.0	0.816444	0.590752343509
10317.000020034	315.5	5.69319230894	179.0	0.954402	0.760733892761
10317.000037584	265.5	5.83873768095	156.0	0.96831	0.801429695375
10317.000031847	346.666666667	5.29694500088	153.0	0.934858	0.729869357363
10317.000013935	349.730769231	5.88904448201	178.0	0.963396	0.787754744922
10317.000014019	278.75	6.04623002254	180.0	0.968626	0.807040654001
10317.000023052	251.0	5.11685963737	118.0	0.93652	0.743443993923
10317.000015385	314.117647059	6.18097884559	191.0	0.972682	0.815709257832
10317.000017354	297.525	6.46014403206	204.0	0.975336	0.841995033399
10317.000023475	317.636363636	6.19634743065	174.0	0.97509	0.832513028495
10317.000003475	396.0	5.6506743056	190.0	0.943458	0.746470553465
10317.000017269	295.0	5.33873097921	153.0	0.931982	0.735627073395
10317.000014801	290.0	5.46964538581	130.0	0.9552	0.778889048743
10317.000009716	316.441176471	6.2260357663	196.0	0.97356	0.817632699572
10317.000013155	353.161290323	5.70112310829	187.0	0.944576	0.755426372873
10317.000015604	393.25	5.41116475635	143.0	0.950666	0.755762848496
10317.000009236	316.142857143	5.5394562296	158.0	0.93876	0.758436817943
10317.000041289	357.894736842	5.39461879679	161.0	0.93764	0.735872318085
10317.000030735	317.307692308	6.03874145721	180.0	0.965326	0.806041092846
10317.000022541	295.272727273	5.0136001145	148.0	0.898832	0.695420285038
10317.000034132	170.615384615	3.44625149704	91.0	0.769042	0.529557505664
10317.000026633	276.035714286	5.63243381443	166.0	0.95535	0.763715755944
10317.000028715	175.058823529	4.64558592401	103.0	0.90946	0.694770890262
10317.000026126	155.2	4.15998154076	95.0	0.88074	0.63319223264
10317.000033665	234.882352941	4.6899044465	120.0	0.895738	0.679018203861
10317.000028755	324.954545455	6.00155166997	174.0	0.965422	0.806341157005
10317.000026501	196.214285714	5.32455814962	119.0	0.938234	0.772255095407
10317.000016485	214.214285714	4.36430681655	112.0	0.855286	0.64111639051
10317.000001001	257.769230769	4.45358715079	117.0	0.87645	0.648231547023
10317.000013049	224.037037037	5.69501836441	147.0	0.960918	0.791010769885
10317.000002334	309.05	5.59006584949	155.0	0.954038	0.768275188566
10317.000006797	199.0	4.65261819115	123.0	0.89881	0.670163265424
10317.000013156	354.37037037	6.36605915602	189.0	0.97833	0.841821618364
10317.000001529	255.666666667	5.85546637709	161.0	0.966082	0.798735884534
10317.000002418b	367.774193548	6.12746432722	195.0	0.969354	0.805468419867
10317.000005849	190.058823529	4.15737574542	109.0	0.824594	0.614252736912
10317.000003282	172.038461538	4.31071994971	117.0	0.866578	0.62743684297
10317.000011341	248.8	5.57590040021	163.0	0.95569	0.758757200319
10317.000013355	359.96875	6.07230416504	199.0	0.963622	0.795155512647
10317.000006794	234.75	5.13040610901	146.0	0.919172	0.713564853634
10317.000009593	252.0	4.97518231799	150.0	0.87546	0.688242786408
10317.000028723	234.636363636	5.36704747557	155.0	0.941562	0.737624479274
10317.000002774	223.375	4.393794575	134.0	0.835766	0.621814196874
10317.000001531	310.6	6.1205906992	183.0	0.969334	0.814374021168
10317.000018027	278.676470588	6.16719986543	181.0	0.973504	0.822310212541
10317.000001399	252.352941176	5.03977519688	130.0	0.935206	0.717674626432
10317.000001948	280.1	4.91614557989	109.0	0.931226	0.726361065832
10317.000001032	240.235294118	5.40764516258	129.0	0.956296	0.771283680529
10317.000016697	371.6875	6.71252571876	217.0	0.983334	0.86484331775
10317.000011162	328.055555556	3.85467883455	139.0	0.733052	0.541468006994
10317.000005999	210.0	4.74169705489	123.0	0.912994	0.68299418766
10317.000001362	282.5	6.26181898333	178.0	0.976234	0.837619350818
10317.000010947	168.3	5.51818649311	121.0	0.962348	0.797556810111
10317.000002851	270.333333333	5.23782668156	140.0	0.936018	0.734691927521
10317.000035452	245.322580645	6.26672833442	174.0	0.973818	0.841969086278
10317.000005928	305.277777778	5.88708238005	189.0	0.952796	0.77848368907
10317.000027807	413.214285714	6.24242596529	203.0	0.972962	0.814370828981
10317.000031313	376.785714286	6.19400432503	200.0	0.969942	0.81032454971
10317.000014458	201.875	5.24171612996	119.0	0.946676	0.760239981665
10317.000016759	288.2	5.77507754167	172.0	0.9552	0.777655757292
10317.000014308	268.28125	5.84724766693	172.0	0.958932	0.787373984105
10317.000010546	194.5	4.46964764823	112.0	0.888198	0.656590951905
10317.000015305	335.5	6.36309831252	202.0	0.971966	0.830885687454
10317.000014295	210.230769231	4.95031801623	116.0	0.919302	0.721833148815
10317.000011055	352.59375	6.03088299974	201.0	0.956936	0.788242354537
10317.000002818	228.235294118	3.50410941036	117.0	0.67905	0.510032516959
10317.000009667	184.333333333	4.66927723157	111.0	0.910856	0.687222761075
10317.000012254	209.0	4.95408301133	137.0	0.9126	0.697951622849
10317.000026037	382.363636364	6.1354723004	204.0	0.965594	0.799678332071
10317.000007037	292.375	5.47504195424	164.0	0.91866	0.744139076531
10317.000015594	249.571428571	6.35598882845	187.0	0.978408	0.842199246622
10317.000004286	242.545454545	5.13368253036	139.0	0.935372	0.721130077903
10317.000001351	183.25	4.80278764818	122.0	0.902428	0.692969220194
10317.000010115	240.047619048	5.35378517355	141.0	0.933216	0.749876975357
10317.000010981	207.3125	5.87713760375	152.0	0.966192	0.810871465374
10317.000013028	299.391304348	5.700782961	162.0	0.956384	0.776689300022
10317.000017095	322.884615385	6.1982943403	179.0	0.975328	0.828226472267
10317.000011048	245.813953488	6.09767713414	183.0	0.9697	0.811325261165
10317.000002079	206.0	5.00530569731	119.0	0.939838	0.72595184806
10317.000014937	290.433333333	5.94713983226	177.0	0.962972	0.796391800876
10317.000013653	226.3125	4.94317808297	123.0	0.917826	0.712015521058
10317.000021178	279.142857143	5.46602027527	154.0	0.94273	0.752192216554
10317.000006741	255.137931034	5.62881796551	162.0	0.953864	0.766884604358
10317.000014548	375.333333333	5.86581407353	176.0	0.962364	0.786362067972
10317.000013215	287.217391304	5.73624790646	160.0	0.959372	0.78343406711
10317.000010867	287.5	5.48393633373	145.0	0.955796	0.763789104427
10317.000026613	285.5	5.75348480962	167.0	0.960396	0.779213871753
10317.000006909	288.24	5.80410844001	165.0	0.961812	0.787924865516
10317.000011163	242.625	5.02591830546	132.0	0.907396	0.71346353147
10317.000012276	333.107142857	5.76439737369	177.0	0.952284	0.77192044157
10317.000015003	232.888888889	5.27458574123	151.0	0.917162	0.728694502613
10317.000001613	250.516129032	5.65928865661	161.0	0.955316	0.771975559224
10317.000006029	376.9	5.63606955191	163.0	0.9569	0.766944896263
10317.000005024	278.538461538	5.92960213421	187.0	0.957654	0.785700948347
10317.000026632	250.171428571	6.05060230678	173.0	0.969404	0.81384060124
10317.000033799	159.0	4.97497293495	94.0	0.950062	0.759006102065
10317.000029152	190.55	4.1997378073	119.0	0.796074	0.609115128415
10317.000022999	205.565217391	5.13338406391	126.0	0.929146	0.735728553274
10317.000037575	402.964285714	6.66466027783	219.0	0.980586	0.857214509766
10317.000027681	345.5	6.31671176107	196.0	0.972308	0.829540703505
10317.000021296	365.25	6.16436977182	192.0	0.971938	0.812709327334
10317.000028712	336.142857143	5.4127882711	158.0	0.944308	0.741094024824
10317.000027363	228.0	5.62745715599	159.0	0.951154	0.769526490497
10317.000033801	218.181818182	5.37798096684	135.0	0.942894	0.759943634688
10317.000011225	281.75	5.84177817846	163.0	0.962678	0.794937308314
10317.000011409	208.64	5.16603395851	133.0	0.939196	0.732222133661
10317.000009475	191.555555556	4.79408068937	115.0	0.906168	0.700326879988
10317.000012928	200.55	5.29917581486	129.0	0.94576	0.755812872955
10317.000028841	358.4	5.84335221656	167.0	0.966244	0.791384918071
10317.000017357	251.533333333	5.55821498863	154.0	0.953618	0.764879353137
10317.000014534	220.565217391	5.40775783483	141.0	0.949708	0.757436646634
10317.000016715	273.037037037	6.20182045043	173.0	0.975368	0.834180306068
10317.000008954A	286.05	5.50859606793	151.0	0.946294	0.761023494307
10317.000015912	243.555555556	5.05646419001	128.0	0.929632	0.722352027144
10317.000016725	289.142857143	6.15988590605	164.0	0.976672	0.837219485799
10317.000018358	274.058823529	4.78923531671	132.0	0.886488	0.679864759916
10317.000010102	238.105263158	5.2786815345	132.0	0.948968	0.749345003283
10317.000018415	223.0	5.32324291977	139.0	0.945986	0.747757688312
10317.000008949B	253.5	5.71096362313	156.0	0.95565	0.783891328381
10317.000010869	290.619047619	5.86501840965	162.0	0.95803	0.799065159008
10317.000014571	324.555555556	6.27376327239	186.0	0.975384	0.832156932832
10317.000011949	224.047619048	4.83050250585	125.0	0.903586	0.693461397661
10317.000010827	344.055555556	5.73642816282	155.0	0.963026	0.78839061062
10317.000014162	272.636363636	5.77067412546	167.0	0.961722	0.78154187883
10317.000010821	188.833333333	5.18993194291	118.0	0.929936	0.754060889936
10317.000016736	264.111111111	5.37644128019	150.0	0.946376	0.743751020794
10317.000001929	234.25	5.44992570834	148.0	0.949202	0.755941599445
10317.000003196	314.636363636	5.73544490462	185.0	0.95091	0.761539557475
10317.000028833	134.111111111	3.986840683	68.0	0.893176	0.654926491869
10317.000004291	282.111111111	6.01539127617	168.0	0.970408	0.813735521913
10317.000035347	344.857142857	6.05040447898	182.0	0.970864	0.805883054737
10317.000031035	228.9375	4.78820588222	122.0	0.88849	0.690865293115
10317.000016765	292.538461538	5.93588798199	171.0	0.965902	0.800216500675
10317.000004918	307.076923077	5.98745958685	173.0	0.968758	0.805347544426
10317.000001347	281.0	5.77079276363	179.0	0.952544	0.771102995501
10317.000005938	221.171428571	5.35476315818	158.0	0.934268	0.733149493777
10317.000003982	310.047619048	4.85864909704	148.0	0.88406	0.67392752968
10317.000001934	211.052631579	5.30357429556	158.0	0.918038	0.726140950614
10317.000015355	280.12	5.67430222273	160.0	0.954112	0.77497377046
10317.000002418a	307.222222222	6.20160654445	175.0	0.977674	0.832295106308
10317.000026083	258.0	5.57887814862	167.0	0.939676	0.755566302175
10317.000016741	216.181818182	5.21465527105	133.0	0.941454	0.739113610082
10317.000009476	176.333333333	4.39428819033	111.0	0.869494	0.646749960081
10317.000003729	312.777777778	5.5314837394	171.0	0.945852	0.74569880276
10317.000017219	325.206896552	6.09245309699	184.0	0.969818	0.809783069851
10317.000003366	249.5	4.2584054882	110.0	0.888892	0.627957469902
10317.000004283	100.875	3.09783062605	57.0	0.759434	0.531097040836
10317.000003473	384.636363636	6.30639993293	216.0	0.96861	0.813216172532
10317.000016734	212.607142857	5.31490827374	136.0	0.951258	0.749902806235
10317.000007068	199.111111111	4.80718952833	94.0	0.93502	0.733408248345
10317.000011342	271.387096774	5.8094611974	172.0	0.94999	0.782285764014
10317.000026056	223.461538462	4.54430477085	105.0	0.908828	0.676815400762
10317.000012209	278.652173913	5.55078396799	158.0	0.947288	0.759987759679
10317.000016355	324.5	6.29611012389	191.0	0.976012	0.830903234696
10317.000015185	185.038461538	4.99676326422	130.0	0.913114	0.711549636427
10317.000003028	260.066666667	5.04478633732	134.0	0.908282	0.713943201302
10317.000012985	376.4	6.0538765488	194.0	0.960778	0.796571838982
10317.000016755	316.055555556	5.80427975303	166.0	0.943202	0.787016775579
10317.000014327	254.0	5.37088167126	139.0	0.953176	0.754449519443
10317.000013249	171.714285714	5.13427320675	118.0	0.943444	0.745974064022
10317.000008950A	168.615384615	3.5319125253	89.0	0.782542	0.545407336938
10317.000016716	279.5	5.90249783686	164.0	0.966768	0.802236645172
10317.000022662	254.4375	5.70744756713	163.0	0.95701	0.776657871586
10317.000022443	285.045454545	5.11107955454	145.0	0.932256	0.711858533369
10317.000017074	230.434782609	5.30330612594	140.0	0.943868	0.743876503897
10317.000002511	235.047619048	4.79663034978	136.0	0.893432	0.676776789836
10317.000013821	201.136363636	4.98587752997	126.0	0.93126	0.714587573472
10317.000004819	218.071428571	4.83355245383	112.0	0.92018	0.710048544431
10317.000003594	329.6875	5.24955190728	142.0	0.94235	0.734229032095
10317.000001391	133.75	3.71438738195	85.0	0.819014	0.579522675237
10317.000017075	244.785714286	4.91671242155	143.0	0.903928	0.686704018869
10317.000010834	264.130434783	5.55506228275	153.0	0.941826	0.765435498716
10317.000014303	194.675675676	5.80637062357	150.0	0.966452	0.80322537778
10317.000015265	242.105263158	5.46285753283	136.0	0.956128	0.770777590682
10317.000003193	212.0	4.74937366106	106.0	0.918492	0.705920007993
10317.000014933	143.4	4.03187343272	86.0	0.86052	0.627405434825
10317.000013619	289.527777778	6.36690103767	188.0	0.978242	0.842785909686
10317.000005015	326.789473684	5.71132598229	152.0	0.964068	0.787994357242
10317.000022925	165.473684211	5.08703861784	111.0	0.944492	0.748708751113
10317.000003439	250.5	5.06278987912	141.0	0.935238	0.709118770806
10317.000016735	278.857142857	5.81695595235	166.0	0.962998	0.788735573077
10317.000011168	239.37037037	5.74446366052	155.0	0.962372	0.789494975699
10317.000004972	270.884615385	6.05158724495	167.0	0.970366	0.819586890975
10317.000009382	238.5	5.6634576837	141.0	0.965666	0.793251200833
10317.000006001	149.555555556	4.29393504024	97.0	0.893196	0.650604809928
10317.000027308	180.37037037	5.18326020325	135.0	0.906958	0.732428326296
10317.000003895	250.090909091	5.8446795202	166.0	0.964958	0.792494680822
10317.000001322	182.12	4.84602372296	116.0	0.932952	0.706625423197
10317.000002019	223.5	5.36617508063	135.0	0.946078	0.7582753863
10317.000026106	218.0	5.46931029766	153.0	0.937674	0.753619679176
10317.000008957B	267.0625	6.11511992254	178.0	0.97004	0.817995983807
10317.000001047	147.866666667	4.7035500813	101.0	0.906774	0.706428459577
10317.000017071	234.214285714	4.44208106899	112.0	0.863762	0.652541423189
10317.000015262	242.066666667	5.37630053894	128.0	0.955954	0.768042934134
10317.000003981	208.555555556	5.02943362617	123.0	0.936268	0.724439772117
10317.000014334	357.677419355	6.1773971198	198.0	0.970812	0.8096878187
10317.000011378	274.714285714	5.55171454544	153.0	0.955924	0.764974211904
10317.000016718	196.333333333	5.76853839018	145.0	0.965834	0.803427775736
10317.000016714	311.076923077	6.26206823708	177.0	0.976662	0.838564409312
10317.000007748	185.0	5.06693759009	134.0	0.922538	0.717078068719
10317.000007073	349.125	5.55887618029	167.0	0.951682	0.752857368077
10317.000001247	327.777777778	6.40378807187	186.0	0.97977	0.849403525289
10317.000002036	185.5	4.78166585709	118.0	0.921634	0.694742677021
10317.000016742	267.333333333	5.51653205124	149.0	0.952272	0.764150613136
10317.000015627	238.785714286	5.66114211314	155.0	0.95616	0.778043611931
10317.000012112	233.12	5.56440288626	142.0	0.957134	0.778265691535
10317.000002437	155.6	4.75661681084	122.0	0.91995	0.6863074705
10317.000003731	327.15	5.35290169922	157.0	0.94646	0.733814941651
10317.000013171	299.636363636	5.3918226759	156.0	0.940116	0.740085792648
10317.000001487	242.125	5.54953909329	150.0	0.95727	0.76769653949
10317.000014306	194.166666667	5.0728973628	130.0	0.932728	0.722391292776
10317.000002064	331.157894737	5.9699328	169.0	0.967532	0.806651810963
10317.000003492	244.2	5.38169621328	159.0	0.92807	0.735919916425
10317.000002336	270.2	5.10671777529	140.0	0.906272	0.716301732328
10317.000006074	234.65	5.55115858854	137.0	0.961338	0.782070089802
10317.000012061	230.769230769	4.40460401516	108.0	0.890986	0.652061786928
10317.000016756	245.125	5.78980505609	153.0	0.96394	0.797780851952
10317.000011018	338.5	5.89639451893	181.0	0.958532	0.786202091044
10317.000015261	232.375	5.62221005956	143.0	0.96056	0.785238979181
10317.000013458	239.0	6.02354841637	170.0	0.965712	0.812961344365
10317.000041935	176.473684211	4.12482787145	112.0	0.813798	0.605936948886
10317.000033721	304.222222222	6.12458952812	172.0	0.972318	0.824720061891
10317.000031491	254.6	6.16940737687	167.0	0.976226	0.835543669206
10317.000017671	203.4375	5.10056706011	114.0	0.940472	0.746472875977
10317.000036943	265.37037037	5.68868012649	157.0	0.958544	0.779845905952
10317.000036102	240.964285714	6.01716524027	162.0	0.967122	0.819794033653
10317.000028894	252.0625	5.12016038467	130.0	0.936774	0.729121646857
10317.000040401	174.6	5.67828048958	137.0	0.961788	0.799979546896
10317.000040358	214.454545455	5.46025226689	134.0	0.949174	0.772740354632
10317.000031506	332.565217391	5.97167114866	181.0	0.95806	0.796239181254
10317.000016446	349.285714286	5.57360445291	167.0	0.940516	0.754852067762
10317.000028793	295.333333333	5.23528225426	122.0	0.94926	0.755371614775
10317.000042026	324.37037037	6.24063272104	189.0	0.971498	0.825235739739
10317.000037582	241.789473684	5.56883575581	139.0	0.957106	0.782256194976
10317.000029202	168.0	4.42470049347	117.0	0.86792	0.644027016623
10317.000022618	370.037037037	6.08734927008	194.0	0.966482	0.800976194923
10317.000021229	178.666666667	3.17080667064	83.0	0.682388	0.497378362092
10317.000034121	153.3	4.35150787324	83.0	0.90758	0.682585248311
10317.000036071	192.0	4.82635205027	117.0	0.915246	0.702488477287
10317.000036166	299.4	5.60981747175	143.0	0.961174	0.783508139725
10317.000031593	193.55	4.64578886007	122.0	0.872896	0.670316682597
10317.000012263	208.111111111	4.49349687866	88.0	0.921342	0.695648958601
10317.000034194	479.84	5.80937551975	199.0	0.948672	0.76072555722
10317.000036131	319.291666667	5.76671522982	167.0	0.957324	0.781005712227
10317.000002347	174.333333333	4.84002721712	116.0	0.925614	0.705751039637
10317.000016767	347.8	6.02719031443	184.0	0.966748	0.80110861712
10317.000036109	168.5	4.10707194373	98.0	0.827444	0.620899788581
10317.000004973	273.28125	6.06872299527	177.0	0.966734	0.812673212928
10317.000040395	220.055555556	5.05693975064	125.0	0.934672	0.72596846873
10317.000031379	263.689655172	5.87652194615	168.0	0.959242	0.794949893256
10317.000004737	257.387096774	5.4395352453	163.0	0.92461	0.740200907033
10317.000006666	237.588235294	4.6955289853	119.0	0.913768	0.681022928596
10317.000003969	139.375	4.82903306179	100.0	0.93256	0.726841900826
10317.000001749	291.885714286	5.8702198551	180.0	0.960244	0.783547111725
10317.000009507	345.260869565	6.07746503366	175.0	0.973384	0.815634524703
10317.000017356	189.545454545	3.82085884608	87.0	0.81282	0.593030010048
10317.000040348	305.307692308	5.6053171463	168.0	0.952522	0.758262507644
10317.000026595	276.387096774	5.96412028815	177.0	0.962608	0.79866568315
10317.000012335	269.454545455	5.26339259094	150.0	0.928866	0.728112408997
10317.000022554	275.75	6.02277444743	155.0	0.973566	0.827744842167
10317.000003718	343.216216216	6.10492268288	204.0	0.963642	0.795696590162
10317.000006113	216.538461538	4.92920040711	139.0	0.904666	0.692406406622
10317.000006662	270.533333333	5.98236836425	173.0	0.968962	0.804662745881
10317.000013756	281.622222222	6.4507193999	206.0	0.973764	0.839227080918
10317.000001216	293.916666667	6.07732310009	172.0	0.971976	0.818355297155
10317.000010945	318.047619048	5.06491566423	156.0	0.912372	0.695214280842
10317.000016722	257.0	5.97248594693	155.0	0.971942	0.820833401721
10317.000016358	246.333333333	4.73572648188	118.0	0.91643	0.688068006421
10317.000035392	263.833333333	5.67837733479	141.0	0.965654	0.79534091913
10317.000043118	357.7	6.26924523399	196.0	0.971608	0.823307172871
10317.000006685	202.4	4.86296380274	107.0	0.92746	0.721350977843
10317.000005992	240.25	4.35626896889	133.0	0.845322	0.617447849709
10317.000012947	276.857142857	5.74664646589	164.0	0.961122	0.781054141687
10317.000012122	240.75	5.48132070782	152.0	0.950568	0.756260420327
10317.000004758	266.25	5.51571686113	142.0	0.953546	0.771456216414
10317.000042014	396.558823529	6.44240810304	217.0	0.977266	0.830041303613
10317.000014612	307.034482759	5.87476241481	172.0	0.967474	0.791079042945
10317.000027267	288.538461538	5.9625159912	176.0	0.96336	0.799325779233
10317.000006625	198.157894737	4.77460512616	120.0	0.9123	0.691281418182
10317.000008951B	159.0	4.02676184892	81.0	0.878536	0.635150965258
10317.000006778	331.459459459	6.35207770291	203.0	0.97713	0.828675712524
10317.000012971	350.0	6.21844082129	198.0	0.971508	0.815067525474
10317.000017652	348.636363636	6.64968314191	219.0	0.979506	0.855288137274
10317.000015254	295.371428571	6.06862683693	186.0	0.96803	0.804947473449
10317.000001438	257.772727273	5.62346286862	148.0	0.962712	0.780012378668
10317.000006803	255.0	5.5092561204	150.0	0.953656	0.76212398682
10317.000013299	336.260869565	5.63128055994	166.0	0.956578	0.76355938329
10317.000036039	228.9375	5.19195171971	122.0	0.940088	0.74911967758
10317.000011026	311.05	5.59646057152	157.0	0.945452	0.767203774421
10317.000012993	271.181818182	5.80215108641	173.0	0.962468	0.780422491718
10317.000009218	241.689655172	5.60252799955	156.0	0.953968	0.769007369977
10317.000009419	253.2	5.92438536506	168.0	0.959864	0.801424644835
10317.000010693	387.275862069	6.1175229745	199.0	0.969802	0.80107682104
10317.000008951A	137.571428571	3.7609696424	79.0	0.849706	0.596621264706
10317.000001669	249.176470588	4.93701724724	123.0	0.925774	0.711128114092
10317.000036068	346.473684211	5.63285145084	163.0	0.954282	0.766506983606
10317.000042981	255.0625	5.85084611894	166.0	0.960742	0.793330825334
10317.000004075	276.1	6.03794378575	176.0	0.964678	0.809437514068
10317.000028776	332.222222222	6.38854591046	220.0	0.972304	0.821006372364
10317.000004011	225.272727273	4.56750804933	100.0	0.913066	0.687478464143
10317.000004285	405.214285714	5.99701256292	195.0	0.965606	0.788320253701
10317.000011964	273.142857143	6.21060820688	196.0	0.970342	0.815606678917
10317.000012011	378.75	5.89479418872	174.0	0.963856	0.791997707897
10317.000026116	234.5	4.91705694312	126.0	0.910084	0.704724046768
10317.000015607	291.111111111	6.08758746956	177.0	0.967536	0.815199387372
10317.000011031	243.785714286	5.58421456313	160.0	0.94373	0.762669953974
10317.000018035	313.045454545	5.94456013712	173.0	0.954918	0.799577323184
10317.000022498	237.24137931	5.99165469708	161.0	0.965258	0.817313140593
10317.000018398	171.0	5.51459987229	126.0	0.956034	0.790365290307
10317.000023929	270.129032258	4.9017027139	163.0	0.86112	0.667013748641
10317.000009558	269.035714286	5.30090977551	159.0	0.937464	0.724872776978
10317.000012391	372.5	6.20297928279	209.0	0.970208	0.80481254039
10317.000040145	215.0	6.17266719966	156.0	0.97887	0.847265121983
10317.000002051	242.37037037	5.46353181499	158.0	0.924426	0.748041596998
10317.000016726	372.12	6.4663666901	201.0	0.976968	0.845160502255
10317.000005927	316.823529412	5.65580145902	191.0	0.936196	0.746401132544
10317.000018369	222.344827586	5.68710047392	155.0	0.950796	0.781611220088
10317.000002191	280.136363636	6.21700574757	199.0	0.97032	0.814103881817
10317.000013539	340.5	5.90431575781	181.0	0.961898	0.787258277931
10317.000026622	383.153846154	6.14244845572	218.0	0.96349	0.790718680056
10317.000004289	394.416666667	5.88765536092	184.0	0.957578	0.782562221898
10317.000014543	207.5	4.42845707389	125.0	0.890458	0.63574421672
10317.000018025	209.09375	5.57173692223	150.0	0.949184	0.770767280352
10317.000011073	200.576923077	5.20931754575	137.0	0.941396	0.733910115489
10317.000001111	242.714285714	4.68343444053	131.0	0.880372	0.665882663321
10317.000013053	221.333333333	4.02226619154	96.0	0.853842	0.610825982851
10317.000010225	320.037037037	6.51007085553	194.0	0.98088	0.856598094045
10317.000003226	311.363636364	6.20031849977	190.0	0.971218	0.81908015431
10317.000013167	246.294117647	5.97558842371	169.0	0.968606	0.80741599362
10317.000018299	171.454545455	4.77859892237	118.0	0.91489	0.69429707281
10317.000010879	229.4	4.84017898049	123.0	0.911946	0.697179527211
10317.000013685	264.363636364	5.85092239653	178.0	0.955262	0.782655300721
10317.000020032	230.375	5.80530900641	149.0	0.965444	0.804152028028
10317.000013055	278.206896552	5.19908473863	158.0	0.927602	0.711834722028
10317.000003579	340.785714286	5.80279854755	188.0	0.946126	0.768115732236
10317.000001284	267.0	4.72367660703	133.0	0.879852	0.669523389066
10317.000013684	324.285714286	5.90863934332	170.0	0.965428	0.797452772333
10317.000006665	334.576923077	6.63202727707	194.0	0.984346	0.872645175646
10317.000002638	245.75	5.48863156893	148.0	0.952984	0.761310364402
10317.000002443	359.085714286	6.35648057015	209.0	0.974908	0.824728737979
10317.000017349	393.125	6.71429907107	211.0	0.98238	0.869604043021
10317.000005814	277.222222222	5.88744762039	166.0	0.966558	0.79829371425
10317.000001482	176.789473684	4.42173430677	107.0	0.886418	0.655900906389
10317.000020071	248.0	5.68515036907	143.0	0.964478	0.794029683168
10317.000004026	297.90625	5.92322306709	181.0	0.954938	0.789779304304
10317.000013134	271.5	6.06045150826	162.0	0.973926	0.825691465886
10317.000004822	266.689655172	5.93835114625	171.0	0.966424	0.800548559618
10317.000009101	330.206896552	6.33856215997	189.0	0.978054	0.8381855281
10317.000013159	319.857142857	6.04867389286	180.0	0.968678	0.807366857717
10317.000018073	334.037037037	5.71015120633	179.0	0.955768	0.762999969037
10317.000021267	212.65	5.0418198717	130.0	0.928392	0.717965792442
10317.000016772	313.714285714	5.95943790057	177.0	0.96755	0.798038656515
10317.000009596	225.142857143	5.48864241254	138.0	0.953292	0.772121197009
10317.000009003	284.21875	5.56725312472	170.0	0.937026	0.751377970566
10317.000006635	266.088235294	5.14609774528	166.0	0.911796	0.697772234736
10317.000017265	271.636363636	5.73742091526	171.0	0.956556	0.773461174072
10317.000001734	276.527777778	6.01967493887	182.0	0.96653	0.801790036536
10317.000001286	327.615384615	5.52870117003	177.0	0.933892	0.740357954494
10317.000014397	304.391304348	5.99979555887	167.0	0.971442	0.812572568079
10317.000010746	172.25	4.36861107626	97.0	0.900902	0.66191951026
10317.000010873	253.9	5.00468488253	140.0	0.914288	0.701989929511
10317.000016731	371.625	6.13353553665	201.0	0.964476	0.801659142328
10317.000016458	298.029411765	6.24546996413	188.0	0.970014	0.826712093372
10317.000009174	262.363636364	6.12697669989	176.0	0.971852	0.821373130439
10317.000004719	314.454545455	5.83107406518	182.0	0.96018	0.776669360927
10317.000018345	216.136363636	5.48693391479	141.0	0.946942	0.768526430298
10317.000013222	307.285714286	5.20356002631	153.0	0.928788	0.717001783438
10317.000003809	237.181818182	5.80035705181	164.0	0.958988	0.788354203704
10317.000004847	218.12	5.31049559229	140.0	0.937942	0.744884945606
10317.000002261	272.387096774	5.86929528946	173.0	0.960546	0.789453770888
10317.000014134	191.666666667	5.10323828324	118.0	0.932454	0.741464906234
10317.000016729	346.096774194	6.36143695614	199.0	0.976146	0.833016846086
10317.000014877	263.576923077	5.9256762909	168.0	0.961998	0.801599275572
10317.000001652	267.625	6.17565113972	167.0	0.9752	0.836389283089
10317.000017083	262.0	5.44584165934	147.0	0.954352	0.756401319185
10317.000002606	342.5	5.40773760598	158.0	0.929604	0.740402511033
10317.000011357	340.5	5.9191736604	189.0	0.965348	0.782727308694
10317.000004813	311.322580645	5.95321538945	185.0	0.961698	0.790454635801
10317.000013453	249.0	5.26865228279	137.0	0.935916	0.742269437671
10317.000016768	312.034482759	6.14087971003	186.0	0.96825	0.814531151802
10317.000013174	153.2	3.90235184794	93.0	0.818964	0.596766642417
10317.000016166	267.105263158	5.19909284119	140.0	0.928636	0.729258864998
10317.000003595	197.37037037	4.38492351721	134.0	0.860606	0.620558755914
10317.000012184	281.181818182	6.07885446523	183.0	0.967616	0.808820814565
10317.000011358	322.217391304	6.66760430525	221.0	0.981668	0.856148912291
10317.000013471	400.34375	6.09753248023	213.0	0.962116	0.788333729335
10317.000001436	270.896551724	5.86896148242	170.0	0.96118	0.792097695075
10317.000009385	296.757575758	6.21903490724	186.0	0.973792	0.824897719103
10317.000006053	247.6	5.18424156532	151.0	0.92647	0.716213275164
10317.000002185	197.391304348	5.15208914017	128.0	0.938308	0.73601273431
10317.000016488	156.230769231	4.00927491903	90.0	0.823344	0.617585589127
10317.000001516	240.5	4.77508508141	113.0	0.884424	0.700140730577
10317.000011352	324.666666667	6.16576390949	198.0	0.967908	0.808163022981
10317.000004009	274.055555556	5.32540180434	136.0	0.948792	0.751383382688
10317.000013801	207.035714286	5.59083389871	148.0	0.953134	0.775486519597
10317.000003996	479.833333333	6.28739108331	236.0	0.96106	0.797624736264
10317.000017339	246.526315789	5.6258881304	147.0	0.94597	0.781408911537
10317.000010183	381.161290323	6.52147211038	215.0	0.977774	0.841676535029
10317.000012318	261.04	4.93381029343	153.0	0.88127	0.6798327994
10317.000007666	237.03030303	5.94886249611	168.0	0.963766	0.804735802846
10317.000006026	162.230769231	5.308718865	117.0	0.957118	0.772698260089
10317.000002349	194.111111111	5.40152189762	135.0	0.95079	0.76327012108
10317.000015908	210.272727273	5.26213491823	112.0	0.948242	0.773007280871
10317.000001423	199.0	4.74155008729	122.0	0.900954	0.684133571416
10317.000011036	347.0	5.722595321	169.0	0.9586	0.773231799041
10317.000005845	333.272727273	5.96146740223	171.0	0.966622	0.803664859913
10317.000009118	249.666666667	5.53286387187	155.0	0.955014	0.760413588842
10317.000005576	361.136363636	5.9494552903	175.0	0.967012	0.798454801644
10317.000013584	185.913043478	4.92700500538	126.0	0.905946	0.706149826207
10317.000002801	353.64	6.38519973156	197.0	0.975358	0.837727147861
10317.000013265	411.636363636	6.15205847734	213.0	0.964354	0.795383250232
10317.000010833	192.5	4.84650558872	125.0	0.91644	0.695758781878
10317.000013238	129.9375	4.72921163723	86.0	0.937998	0.735919203107
10317.000012983	339.107142857	5.62204057438	183.0	0.92783	0.748039529964
10317.000004915	209.0	5.75186470719	139.0	0.964048	0.807966332132
10317.000001099	366.0	7.01632591503	255.0	0.9861	0.877660209853
10317.000010881	338.666666667	4.91426435328	145.0	0.90878	0.684446598372
10317.000015856	306.903225806	6.16577342933	189.0	0.971574	0.815336653263
10317.000017324	274.615384615	4.06382874745	150.0	0.729848	0.562170517956
10317.000003061	342.045454545	5.72652078722	172.0	0.951262	0.771117240817
10317.000028859	282.783783784	6.02160767577	184.0	0.968334	0.800366596426
10317.000014922	309.6	5.91281688599	182.0	0.961886	0.787557088247
10317.000012903	393.0	6.21781337661	198.0	0.973662	0.814985284637
10317.000014684	310.375	6.2090178796	188.0	0.970738	0.821886935412
10317.000012991	402.9375	6.65363712438	219.0	0.981446	0.855796702003
10317.000014121	196.714285714	4.74545155319	126.0	0.8806	0.680129162828
10317.000004736	380.777777778	5.40610669675	190.0	0.900464	0.714162459163
10317.000011248	281.394736842	6.24419595611	194.0	0.970032	0.821614153448
10317.000010962	306.533333333	5.87010998029	176.0	0.959896	0.786937970665
10317.000016773	273.7	5.88597420594	171.0	0.964594	0.79348762922
10317.000002348	313.857142857	5.41467202098	174.0	0.924468	0.72749067946
10317.000016354	409.913043478	6.59866921742	199.0	0.983622	0.864081913843
10317.000004922	183.176470588	4.67313138946	114.0	0.888402	0.683917256062
10317.000003091	179.142857143	4.82483832096	111.0	0.92525	0.710118193508
10317.000001965	257.047619048	6.37558311734	167.0	0.979868	0.863466745795
10317.000005454	211.0	5.16500896443	124.0	0.94322	0.742718314799
10317.000014369	372.236842105	6.56257172429	223.0	0.977272	0.841258291798
10317.000003086	282.5	5.78895087034	185.0	0.955678	0.768643960034
10317.000001528	303.535714286	6.26771731067	182.0	0.974476	0.834828016887
10317.000002444	269.75	5.49212182183	149.0	0.948678	0.760769305532
10317.000015584	237.026315789	5.42312057379	164.0	0.93319	0.737082193967
10317.000023375	334.0	4.820474567	160.0	0.862006	0.658361363911
10317.000015624	370.774193548	5.9188665395	198.0	0.957996	0.775801530096
10317.000020431	299.7	6.45077887667	204.0	0.976606	0.840774408241
10317.000006671	334.517241379	6.20746668182	187.0	0.972922	0.82251934419
10317.000009102	264.473684211	5.18497905138	141.0	0.925378	0.726233175651
10317.000015214	350.12	6.04355380626	179.0	0.970412	0.807549782909
10317.000002172	218.75	5.47127278112	149.0	0.937116	0.757881294171
10317.000016745	259.555555556	5.2308717916	154.0	0.93154	0.719832867293
10317.000001189	197.565217391	5.41123218041	133.0	0.947158	0.766975982872
10317.000007678	127.045454545	2.82278539006	86.0	0.690524	0.439257562178
10317.000003358	237.636363636	5.53253732855	146.0	0.949798	0.769495456147
10317.000009231	293.222222222	5.03958660047	161.0	0.91257	0.687442878463
10317.000006653	163.777777778	5.03509470342	122.0	0.927678	0.726487595501
10317.000018318	304.666666667	6.17162600436	186.0	0.971236	0.818609364651
10317.000013859	289.526315789	5.6559792389	155.0	0.947412	0.777334048165
10317.000015928	306.903225806	6.34334936367	189.0	0.976058	0.838818568333
10317.000013757	283.073170732	6.2499208839	196.0	0.967352	0.820769407088
10317.000012298	301.441176471	5.72530399697	181.0	0.945808	0.763389552688
10317.000001731	280.947368421	6.25027588307	187.0	0.975846	0.828191770309
10317.000017171	368.1	5.90690520864	193.0	0.962056	0.777996527297
10317.000014587	223.545454545	5.11856605524	129.0	0.93894	0.730052795147
10317.000017343	256.043478261	5.85635298474	157.0	0.96733	0.802831728521
10317.000002171	297.142857143	6.00882436155	165.0	0.968792	0.815715656577
10317.000016764	259.464285714	5.92668056365	163.0	0.966862	0.806490652432
10317.000016727	261.757575758	5.74529012475	166.0	0.96018	0.779018224679
10317.000002013	330.096774194	5.60844795385	183.0	0.939572	0.746230966448
10317.000013454	342.0	6.17249397461	176.0	0.975376	0.827475106708
10317.000016766	306.272727273	5.65316132187	159.0	0.956206	0.773041406028
10317.000001234	175.714285714	4.52308796303	115.0	0.862056	0.660739834456
10317.000001922	371.15625	6.18897953059	207.0	0.963644	0.804444014109
10317.000026623	489.038461538	6.25957487214	219.0	0.964982	0.805112065984
10317.000006761	371.529411765	6.57931054795	214.0	0.97968	0.849879042241
10317.000004076	274.181818182	5.98906938705	176.0	0.967856	0.80288548689
10317.000009532	306.837837838	6.46405510738	201.0	0.979318	0.844858376114
10317.000005846	254.130434783	5.97818580991	158.0	0.971914	0.818505650159
10317.000004821	458.87804878	6.59452476603	248.0	0.973722	0.82906236013
10317.000002712	281.772727273	5.46299371471	159.0	0.93725	0.74703694126
10317.000010832	272.75	5.37484990958	154.0	0.941956	0.739646042921
10317.000013734	301.459459459	6.40485905658	198.0	0.978664	0.839501857827
10317.000009659	301.869565217	5.6018681789	161.0	0.952866	0.764142913096
10317.000001116	337.416666667	5.03102803026	163.0	0.91165	0.684612074998
10317.000017292	322.763157895	6.66670026338	215.0	0.981864	0.860420022164
10317.000015862	373.0	5.78150821541	157.0	0.964446	0.79257145977
10317.000002446	305.15	4.24999643545	135.0	0.842308	0.600552095383
10317.000006678	295.333333333	5.49493708061	156.0	0.946572	0.754239356392
10317.000014224	369.0	6.37846886765	187.0	0.980176	0.845177960491
10317.000017218	292.857142857	6.27361719802	180.0	0.976636	0.837391913236
10317.000009661	269.935483871	6.01703425054	178.0	0.96638	0.804875442136
10317.000006729	279.4	5.647302274	153.0	0.963124	0.778145304675
10317.000003476	304.0	6.54081515625	215.0	0.975606	0.844172994042
10317.000001811	236.5	4.449473324	136.0	0.838248	0.627794942092
10317.000016749	296.108108108	6.22172394644	195.0	0.971588	0.817859050395
10317.000003214	185.5	2.74561713928	98.0	0.533022	0.415077486992
10317.000013686	236.526315789	5.44218100362	137.0	0.95428	0.766716878708
10317.000010845	273.1	6.15311528656	173.0	0.97447	0.827629183082
10317.000001311	296.476190476	4.97111594051	146.0	0.908518	0.691409908518
10317.000003593	308.272727273	5.81048026766	161.0	0.963834	0.792599392991
10317.000001435	223.8125	5.09371068975	131.0	0.917362	0.724215035642
10317.000017205	320.926829268	6.10708449542	205.0	0.960216	0.795247128228
10317.000014551	241.130434783	5.70250692826	145.0	0.965258	0.794231076851
10317.000002781	152.130434783	3.78227762361	101.0	0.784978	0.568062103977
10317.000007675	287.125	5.73581881755	162.0	0.956018	0.781462675026
10317.000003216	207.44	5.49096452959	139.0	0.950036	0.771317598151
10317.000005238	304.714285714	5.28744333104	158.0	0.925462	0.723932373293
10317.000022448	360.272727273	5.46758075218	170.0	0.943412	0.737925802445
10317.000001004	191.55	5.07929438737	120.0	0.943192	0.73539522844
10317.000014122	235.434782609	5.48227057737	145.0	0.952808	0.763557101997
10317.000016728	364.0	6.65301233934	224.0	0.97934	0.852146777719
10317.000010773	206.333333333	4.24460368918	137.0	0.844872	0.597997253263
10317.000005553	301.315789474	6.05539208557	163.0	0.971242	0.824005454887
10317.000014054	341.037037037	6.09211760608	186.0	0.97162	0.808063307687
10317.000001779	235.724137931	6.05428113333	164.0	0.965482	0.822866237238
10317.000026081	216.964285714	5.17539341559	138.0	0.941574	0.728054527639
10317.000016769	215.2	5.47707148711	148.0	0.946514	0.759706902775
10317.000003372	225.552631579	5.88699644616	162.0	0.968174	0.802059503102
10317.000004738	359.5	6.23244822641	205.0	0.971506	0.811571635795
10317.000041976	309.885714286	6.41865629149	203.0	0.976334	0.837361383876
10317.000036427	345.193548387	6.14266011235	195.0	0.96998	0.807465938642
10317.000043092	393.954545455	6.20291890258	191.0	0.969458	0.818604706603
10317.000036069	176.75	4.97000150313	113.0	0.935556	0.728720101118
10317.000028711	275.136363636	5.42025850182	149.0	0.947246	0.750814790713
10317.000027901	451.277777778	6.50338328959	236.0	0.974506	0.825025724096
10317.000031057	295.0	5.54668913343	160.0	0.94841	0.757544879102
10317.000021275	393.352941176	5.2147382834	163.0	0.921108	0.70961099308
10317.000031439	228.636363636	5.37893408203	137.0	0.942198	0.757806391851
10317.000036437	430.869565217	5.99674821669	198.0	0.964504	0.786009688013
10317.000043117	267.387096774	5.72058218337	168.0	0.9584	0.773855051969
10317.000040144	175.636363636	4.46096953342	113.0	0.853898	0.654083940906
10317.000039994	280.136363636	5.51335085383	154.0	0.942626	0.758705491479
10317.000036067	326.555555556	6.35297541344	188.0	0.978186	0.840942576515
10317.000036877	452.217391304	6.27678421325	201.0	0.973684	0.820381885603
10317.000038417	274.772727273	5.4659602449	152.0	0.94541	0.754141129966
10317.000031891	265.935483871	5.95021448696	174.0	0.963446	0.799443726837
10317.000028719	282.055555556	5.62321870126	144.0	0.960486	0.784278594285
10317.000023341	244.476190476	5.10113174553	136.0	0.932968	0.719740174981
10317.000036901	313.0	5.31832805265	155.0	0.941028	0.730928686266
10317.000035492	274.076923077	6.12445195375	191.0	0.962052	0.808249353803
10317.000041632	291.75	4.91277736344	153.0	0.874654	0.676934658851
10317.000027775	271.527777778	5.59511111837	177.0	0.942388	0.749251025759
10317.000036094	253.769230769	3.90941408215	113.0	0.793604	0.573212829707
10317.000039831	303.0	5.31660916664	153.0	0.93274	0.732578895035
10317.000043164	266.5	5.21892677618	127.0	0.944154	0.746768098732
10317.000036422	336.25	6.15732869299	190.0	0.968182	0.813401075473
10317.000036939	245.464285714	5.44183458503	149.0	0.949156	0.753803512082
10317.000020388	323.063829787	6.71587493318	224.0	0.982852	0.860198492348
10317.000036147	384.714285714	5.92935584843	181.0	0.951676	0.790597025286
10317.000035412	271.5	5.84514950451	167.0	0.962546	0.791628330846
10317.000031272	160.0	3.78451388742	82.0	0.823318	0.595278478992
10317.000037565	257.541666667	5.48493710444	154.0	0.940546	0.754795406982
10317.000018298	183.25	5.33774210525	128.0	0.949144	0.762534586464
10317.000001764	260.090909091	6.1169084086	176.0	0.9712	0.820023390699
10317.000014232	303.322580645	5.75489862776	177.0	0.959018	0.770648448042
10317.000009677	227.526315789	5.11416195146	128.0	0.943112	0.730594564495
10317.000036045	217.619047619	6.03760167877	152.0	0.969726	0.833010769985
10317.000018424	225.375	4.64977615894	136.0	0.88029	0.656056513182
10317.000015901	187.4	4.9757962344	109.0	0.933176	0.735174456787
10317.000014978	372.272727273	6.08040530777	182.0	0.970598	0.809879012302
10317.000017133	267.12	5.69969096111	162.0	0.956572	0.776540523153
10317.000018401	317.857142857	6.61858442583	216.0	0.981952	0.853472655017
10317.000026136	333.2	5.84022510175	173.0	0.964572	0.785543664449
10317.000018408	216.882352941	5.09619204248	123.0	0.938648	0.734055656428
10317.000013197	267.533333333	6.03043310034	170.0	0.972646	0.813890527887
10317.000001936	207.142857143	4.60568019973	120.0	0.910572	0.666823968901
10317.000009495	205.0	4.61354240739	121.0	0.914694	0.666806417351
10317.000033748	224.903225806	4.83172183434	147.0	0.861012	0.67110301732
10317.000006717	386.9	5.79458349594	173.0	0.9606	0.779404607536
10317.000001786	281.25	6.15580012725	174.0	0.973072	0.827065277425
10317.000022553	316.5	6.22062827114	199.0	0.970796	0.814578243692
10317.000009178	382.137931034	6.28965966964	201.0	0.973504	0.822064720447
10317.000034127	321.647058824	5.2389603841	145.0	0.938168	0.729669459379
10317.000005085	206.545454545	5.46506801424	134.0	0.95724	0.773421884006
10317.000009648	320.714285714	5.94752492329	184.0	0.960406	0.790519830637
10317.000013001	366.666666667	5.72101472216	187.0	0.946798	0.758062107873
10317.000034147	381.428571429	5.33455523915	150.0	0.940432	0.73795670739
10317.000028856	241.545454545	5.08701864082	138.0	0.929946	0.715622302737
10317.000005163	185.666666667	4.3829566546	112.0	0.885306	0.643856050519
10317.000009628	302.391304348	5.65930791957	158.0	0.958908	0.774846358987
10317.000001789	301.730769231	5.93230285958	174.0	0.955212	0.797037202135
10317.000002346	277.055555556	5.0053033805	139.0	0.93045	0.703096616388
10317.000016762	319.875	5.52072503283	164.0	0.942816	0.750348081721
10317.000014291	312.026315789	6.1017707811	197.0	0.962762	0.80054176036
10317.000011191	263.166666667	5.78602375603	144.0	0.96759	0.806985255058
10317.000011969	224.03030303	5.54340382108	155.0	0.952526	0.761862155224
10317.000013764	327.5	5.65031263555	168.0	0.949864	0.764349298386
10317.000016333	327.4375	5.73915973121	154.0	0.961166	0.78977959502
10317.000038478	280.1	6.13489312569	180.0	0.97031	0.818875256469
10317.000034126	260.464285714	5.78407647729	164.0	0.954892	0.786141433137
10317.000006036	264.620689655	6.15174820216	174.0	0.97136	0.826520879218
10317.000013902	289.139534884	5.98182815726	196.0	0.959124	0.785562192088
10317.000015295	261.0	4.67286596396	127.0	0.88942	0.668633108145
10317.000006795	355.8125	6.04391663385	198.0	0.964528	0.792192177509
10317.000002141	241.105263158	4.82848563206	135.0	0.89983	0.682296375516
10317.000006017	210.428571429	4.59105946188	112.0	0.8854	0.674426339518
10317.000021323	284.78125	6.17905527264	181.0	0.974818	0.823890965984
10317.000017174	235.55	5.37366276382	141.0	0.92873	0.752661126531
10317.000014451	302.333333333	5.19658685164	144.0	0.93433	0.724775621865
10317.000013984	261.24	5.92030187548	159.0	0.969106	0.809571534466
10317.000015587	198.0	4.77752001242	113.0	0.903272	0.700497749215
10317.000003508	323.037037037	5.8135399195	178.0	0.953492	0.77765479109
10317.000036114	237.545454545	5.04804641178	134.0	0.93088	0.714404570296
10317.000010712	289.7	6.10433185209	179.0	0.971916	0.8156710472
10317.000013986	282.857142857	5.90410427695	170.0	0.961358	0.796840702271
10317.000014259	275.222222222	5.58717401692	164.0	0.948256	0.759379480215
10317.000006899	368.527777778	6.31065183487	211.0	0.975434	0.817325575108
10317.000003879	317.769230769	5.25665698515	132.0	0.944766	0.746218467633
10317.000003287	311.052631579	6.54309407209	208.0	0.979848	0.849703953486
10317.000013952	263.1875	5.75638378928	145.0	0.962968	0.801734912951
10317.000010169	135.666666667	3.8928070768	81.0	0.85753	0.614021952416
10317.000001805	370.4	6.03902058737	165.0	0.969646	0.819814883429
10317.000012959	233.785714286	5.65654960366	150.0	0.964364	0.782499858669
10317.000005009	328.047619048	5.77014144904	166.0	0.960326	0.782387877754
10317.000033803	317.555555556	5.52035393141	155.0	0.947864	0.758694275129
10317.000014237	331.5	5.82901089961	182.0	0.956244	0.776394557783
10317.000017185	320.558823529	6.1759024318	192.0	0.973528	0.814229791013
10317.000002811	192.12	5.10526564481	126.0	0.938702	0.731698555996
10317.000035361	189.272727273	5.34735547494	129.0	0.950386	0.762684659922
10317.000044399	251.375	5.43333919049	137.0	0.941598	0.765471207652
10317.000005987	231.538461538	5.92192405114	154.0	0.969804	0.814930233326
10317.000003922	265.5	5.83369108269	161.0	0.966568	0.795765547432
10317.000015542	235.333333333	4.73184430687	107.0	0.919542	0.701901280005
10317.000017114	179.5625	5.03686931189	103.0	0.95011	0.753289301543
10317.000014222	195.214285714	5.30541595069	118.0	0.952726	0.770839910285
10317.000001882	433.0	6.2121942228	211.0	0.965694	0.804573814035
10317.000012004	316.176470588	6.20451866598	201.0	0.96552	0.81093670732
10317.000001702	310.477272727	6.03958966343	209.0	0.960244	0.783613370018
10317.000001732	382.0	6.02010318484	187.0	0.96332	0.797692775066
10317.000014929	193.107142857	4.99561804708	132.0	0.927426	0.709162202232
10317.000001151	256.857142857	5.85173254792	163.0	0.967672	0.796291878691
10317.000002262	342.076923077	6.21591452103	210.0	0.966344	0.805770895779
10317.000016752	211.0	4.64061897205	124.0	0.898064	0.667312046558
10317.000027295	294.034482759	5.72165137592	168.0	0.960046	0.773999687607
10317.000029188	321.5	5.48460152121	172.0	0.942262	0.738541070427
10317.000014392	244.545454545	5.35437835784	141.0	0.950274	0.749960059611
10317.000002512	208.384615385	5.21054428606	138.0	0.932744	0.732999417495
10317.000012242	385.434782609	5.91607369991	183.0	0.962708	0.787162051067
10317.000031519	275.333333333	5.55893292095	145.0	0.955764	0.774234443815
10317.000016177	260.571428571	5.45521746413	168.0	0.930948	0.737957686628
10317.000015329	369.714285714	6.12592547127	179.0	0.971194	0.818556422765
10317.000014318	268.275862069	6.06930874199	170.0	0.973472	0.819137334539
10317.000013609	240.428571429	4.33552696698	114.0	0.869232	0.634508525381
10317.000014317	320.64	5.44634944634	171.0	0.9274	0.734221856718
10317.000029154	241.916666667	5.46742983851	147.0	0.94434	0.759399813859
10317.000009529	185.058823529	4.92536219264	113.0	0.930896	0.722174919424
10317.000011955	224.5	5.36112596045	142.0	0.948186	0.749834346703
10317.000003266	231.230769231	5.1653970237	141.0	0.926064	0.7234904224
10317.000016405	326.681818182	6.20292694973	172.0	0.977072	0.835268759547
10317.000010984	247.620689655	5.8320738741	157.0	0.967968	0.799503370342
10317.000010843	348.416666667	5.83897464975	174.0	0.961812	0.784498048791
10317.000008955	190.848484848	5.70357297854	139.0	0.967916	0.801182777083
10317.000027648	194.0	4.46345061077	116.0	0.864544	0.650840329529
10317.000015263	127.090909091	3.64851453418	73.0	0.812272	0.589437471042
10317.000014357	242.0	5.16383329756	128.0	0.926166	0.73769047108
10317.000017093	200.75	4.80862245823	131.0	0.90423	0.683681680623
10317.000010797	217.8	4.97878422789	132.0	0.93181	0.706772526286
10317.000014954	218.75	5.63794638285	145.0	0.958598	0.785239243585
10317.000014379	251.576923077	5.55656362901	156.0	0.94612	0.762698264569
10317.000005915	163.230769231	4.39210931017	97.0	0.867384	0.665479895749
10317.000001363	271.625	4.99424842788	156.0	0.872686	0.685514440775
10317.000013604	56.5	2.31005957871	46.0	0.52323	0.418219184847
10317.000014095	301.791666667	5.33299476901	160.0	0.935936	0.728359347415
10317.000012275	239.130434783	5.53342661934	143.0	0.955132	0.772838834536
10317.000006619	205.0	5.39750574542	129.0	0.955592	0.769837511863
10317.000011145	189.55	4.35319609094	118.0	0.833924	0.632489010358
10317.000011389	258.0625	5.97783209761	169.0	0.967398	0.807719156768
10317.000023487	173.8	4.78785062867	115.0	0.903546	0.69941678288
10317.000002205	296.25	3.85711969257	112.0	0.811956	0.566610634634
10317.000011155	241.25	5.49437604942	155.0	0.939684	0.755123984058
10317.000006929	243.214285714	5.06312075533	121.0	0.936284	0.731785060882
10317.000013648	235.272727273	4.79337972298	110.0	0.899186	0.706846403299
10317.000012155	372.875	6.63690365355	223.0	0.981822	0.850786926983
10317.000013119	331.5	6.0031152903	189.0	0.965032	0.793827406415
10317.000006654	301.666666667	6.12726023069	170.0	0.973082	0.826958691139
10317.000002071	240.12	5.22400754372	149.0	0.926812	0.723630086888
10317.000011049	256.333333333	5.95662201767	159.0	0.969016	0.814538131418
10317.000004159	186.65625	4.89112108195	135.0	0.895472	0.691147171334
10317.000002568	166.1	4.56885615571	92.0	0.900992	0.700362192693
10317.000008957A	300.774193548	6.27759402899	191.0	0.972122	0.828459649237
10317.000002749	339.5	6.06210404742	180.0	0.96682	0.809159492247
10317.000001127	240.161290323	5.72206130008	160.0	0.957918	0.781496516482
10317.000017661	332.652173913	5.98800786473	170.0	0.970594	0.808164654334
10317.000002201	151.111111111	3.52751360156	73.0	0.806806	0.569889108811
10317.000011298	214.157894737	4.74820725816	121.0	0.912224	0.6862698532
10317.000001939	224.434782609	4.87073104394	134.0	0.88574	0.689310722332
10317.000001726	228.285714286	5.33966171602	154.0	0.922492	0.734803710844
10317.000012381	252.888888889	6.16842723082	166.0	0.97475	0.836392440778
10317.000009447	241.55	5.01469635932	131.0	0.926412	0.712980913877
10317.000029245	369.0	5.9954752183	179.0	0.969736	0.801125441452
10317.000014958	223.730769231	5.83087716802	151.0	0.963726	0.805547268771
10317.000015364	270.387096774	5.84305834174	171.0	0.95956	0.787702145603
10317.000016484	258.473684211	5.07065766691	135.0	0.932974	0.716516856681
10317.000010908	248.451612903	5.66343291103	166.0	0.943476	0.767919000807
10317.000003125	184.454545455	5.18445637121	131.0	0.909172	0.737117100745
10317.000001524	239.620689655	5.00944914796	149.0	0.920162	0.693909434828
10317.000014949	221.0	5.12842855486	134.0	0.934366	0.725780331472
10317.000015933	296.5625	6.16031935769	185.0	0.972992	0.81795343789
10317.000014012	287.0	5.49381936124	154.0	0.952012	0.756017715737
10317.000004774	243.043478261	5.35926137433	144.0	0.936118	0.747464077135
10317.000008954B	239.785714286	5.5639960489	156.0	0.942758	0.76371844433
10317.000017636	226.647058824	5.31261695011	126.0	0.949596	0.761416627735
10317.000016703	274.552631579	6.07136269405	185.0	0.969646	0.806141970883
10317.000003365	179.2	4.86467946952	126.0	0.91012	0.69721718533
10317.000017216	349.7	6.61312006338	204.0	0.982894	0.861933452412
10317.000004163	318.2	5.25181211521	143.0	0.940908	0.733506493089
10317.000018338	276.28125	6.25867570681	180.0	0.977008	0.835397548021
10317.000003411	191.866666667	4.58336490408	100.0	0.929788	0.689865158601
10317.000013697	268.772727273	5.18541513037	146.0	0.919142	0.721215808245
10317.000017161	171.176470588	4.57536769341	102.0	0.906514	0.685712834377
10317.000001072	245.714285714	4.8992315612	134.0	0.915824	0.693344144003
10317.000002773	142.130434783	4.18425341621	101.0	0.830288	0.628435042511
10317.000010748	281.315789474	5.58499797793	143.0	0.962562	0.780041667682
10317.000011956	247.076923077	5.30096316596	146.0	0.944872	0.737286859026
10317.000007641	280.04	5.8028158763	163.0	0.961422	0.789635397379
10317.000005007	246.473684211	4.97335605672	137.0	0.89676	0.700666888878
10317.000012948	204.391304348	4.30176200025	130.0	0.81635	0.612579989369
10317.000017079	182.0	4.46294972463	97.0	0.917558	0.676213433623
10317.000009193	162.25	4.72408493589	121.0	0.887308	0.682783395753
10317.000012984	275.676470588	5.87910687802	178.0	0.964012	0.78642543
10317.000015581	297.571428571	5.0290761799	130.0	0.93347	0.716151063829
10317.000014802	264.181818182	5.4393446193	148.0	0.9503	0.754473930746
10317.000020067	267.260869565	5.37327927733	153.0	0.936452	0.740387504954
10317.000017353	360.551724138	6.3947580712	200.0	0.977246	0.836587961945
10317.000001059	225.8	4.93788957275	125.0	0.932378	0.70887776178
10317.000017088	271.035714286	5.60449234369	161.0	0.954328	0.764500871701
10317.000013213	179.136363636	5.44916318476	130.0	0.947804	0.775972340077
10317.000004602	199.5	5.36576226701	132.0	0.949078	0.761706709774
10317.000014399	205.206896552	5.31185992304	140.0	0.945196	0.745076315587
10317.000005008	215.454545455	5.3953011653	135.0	0.938976	0.762391091207
10317.000010104	286.260869565	6.23591252134	172.0	0.974416	0.83971050418
10317.000010565	197.5	5.28560750347	130.0	0.930908	0.752681665814
10317.000027213	175.153846154	4.02714232664	92.0	0.857186	0.617322615125
10317.000007746	265.0	5.60432669112	154.0	0.952818	0.77122489559
10317.000027194	232.65	4.95750158286	135.0	0.923954	0.700527167181
10317.000015224	381.25	6.41402274361	203.0	0.974406	0.836756903142
10317.000013933	174.2	5.58508495551	135.0	0.958442	0.789208773199
10317.000018033	214.454545455	5.14760215364	134.0	0.925788	0.728493798323
10317.000006084	188.142857143	5.42259460442	125.0	0.95603	0.778461460019
10317.000023423	265.0	5.61725728233	154.0	0.951012	0.773004305393
10317.000002059	241.46875	5.90355284627	166.0	0.96581	0.800477462016
10317.000005851	449.2	5.45040891713	164.0	0.949706	0.740791082919
10317.000003047	237.0	5.01421700601	135.0	0.925912	0.708541424775
10317.000008982	205.0	5.31293466445	128.0	0.95056	0.75899066635
10317.000010765	204.157894737	4.95911020794	126.0	0.89228	0.710751218571
10317.000012072	269.166666667	5.0015178112	135.0	0.911088	0.706746946082
10317.000002005	228.03125	5.84782946052	161.0	0.964662	0.797694143549
10317.000017183	276.5	5.70912060126	172.0	0.948628	0.768774180539
10317.000008976	262.555555556	5.00189779045	136.0	0.911996	0.70573883807
10317.000012228	278.730769231	6.05818926643	172.0	0.970338	0.815778788737
10317.000011224	305.05	5.04528833476	151.0	0.884436	0.697016610214
10317.000023828	216.357142857	5.58599298999	151.0	0.953792	0.771716032905
10317.000003149	371.833333333	5.46032116102	164.0	0.940952	0.742138303283
10317.000013029	232.130434783	5.08543910178	136.0	0.93284	0.717526033742
10317.000026111	179.666666667	4.33419282613	106.0	0.88951	0.64420987962
10317.000003536	264.058823529	6.07037565173	178.0	0.968838	0.812010715441
10317.000011012	272.04	5.78144614797	164.0	0.961024	0.785783932528
10317.000010259	189.666666667	4.84466300732	116.0	0.924824	0.706427009752
10317.000006637	316.117647059	6.10463460326	193.0	0.96858	0.804039400327
10317.000012113	157.333333333	4.17768741663	99.0	0.872572	0.630179918813
10317.000013079	288.055555556	5.32112920051	138.0	0.945642	0.748556079797
10317.000001488	136.647058824	3.11149885538	86.0	0.66974	0.484184666233
10317.000004162	207.0	5.70248650199	137.0	0.964042	0.803389789641
10317.000012906	240.9	4.98232202326	127.0	0.93508	0.712912693384
10317.000012976	234.028571429	5.78391436885	161.0	0.964848	0.788975576318
10317.000009533	128.090909091	3.71459577288	74.0	0.8153	0.598216228411
10317.000014309	309.869565217	5.75194398462	169.0	0.952254	0.777197363386
10317.000013778	427.136363636	6.17528663159	193.0	0.972102	0.813344955563
10317.000010732	289.045454545	5.31466018875	149.0	0.947388	0.736187301028
10317.000002371	274.636363636	5.83324094304	174.0	0.957934	0.783727694063
10317.000006021	161.576923077	4.91283676919	120.0	0.911492	0.711295003328
10317.000002329	350.0	5.62353354683	176.0	0.925386	0.753882310923
10317.000010761	222.090909091	5.80829675623	161.0	0.953752	0.792301543286
10317.000009129	272.954545455	5.8111460051	160.0	0.958864	0.793663353394
10317.000014323	231.09375	5.551837773	162.0	0.946396	0.756396625383
10317.000006894	408.230769231	5.66546741877	159.0	0.95454	0.774724202946
10317.000014241	209.142857143	4.76415274773	122.0	0.91542	0.687394791592
10317.000001685	172.25	4.63972491829	117.0	0.908836	0.675324398
10317.000011302	216.0	5.10082090285	149.0	0.913034	0.706566260144
10317.000012231	191.55	5.13039885425	120.0	0.941732	0.742794283945
10317.000015577	279.777777778	6.26371122437	177.0	0.976112	0.838784424587
10317.000001579	300.055555556	5.52446705712	150.0	0.952298	0.764228194626
10317.000002202	335.64	6.12150819411	179.0	0.972858	0.817966178792
10317.000017662	319.035714286	5.85554087689	176.0	0.961542	0.784984858935
10317.000003432	191.875	4.63832303225	109.0	0.881354	0.685312752974
10317.000011116	341.875	6.21859293468	186.0	0.974962	0.824839095513
10317.000006737	265.026315789	6.10468322268	186.0	0.961794	0.809730021031
10317.000006841	283.34375	5.95268388423	177.0	0.962888	0.797134214482
10317.000013563	352.0	5.17443333731	187.0	0.866634	0.685637432034
10317.000013295	331.035714286	6.04522799241	188.0	0.950572	0.800206088127
10317.000016699	314.0	6.52322193118	198.0	0.980802	0.855015993618
10317.000017217	394.04	6.51127659635	200.0	0.981034	0.851831383884
10317.000016702	275.1	6.10654998737	175.0	0.973216	0.81953791078
10317.000006728	180.0	4.29058442922	96.0	0.879658	0.651573099885
10317.000002498	253.65625	6.02219900439	176.0	0.958826	0.807326792747
10317.000013286	235.129032258	5.19291994347	148.0	0.932938	0.720293159566
10317.000022964	232.65	5.28232810551	135.0	0.943412	0.746427264222
10317.000002466	357.894736842	5.35185166196	161.0	0.922676	0.730038513728
10317.000017644	354.5625	5.69601371525	162.0	0.956778	0.776039525741
10317.000017173	245.4	5.35149550348	146.0	0.941798	0.74431517204
10317.000013332	406.777777778	6.72421296637	231.0	0.97965	0.856396827115
10317.000002173	234.6	4.69763003046	102.0	0.918612	0.704036357052
10317.000011329	291.157894737	5.60736603885	149.0	0.95403	0.77673294687
10317.000007039	302.103448276	5.96216066854	179.0	0.964244	0.796673895508
10317.000002886	271.965517241	5.69026389231	163.0	0.960624	0.774319552021
10317.000006887	238.87804878	5.93294746343	173.0	0.962196	0.798015352183
10317.000009126	238.576923077	5.05464542612	143.0	0.910416	0.705968751164
10317.000022636	283.214285714	4.9267234438	130.0	0.916024	0.701575818154
10317.000014233	247.384615385	6.29252999297	180.0	0.976822	0.839916361421
10317.000023088	244.689655172	5.68716920471	159.0	0.960202	0.777691813131
10317.000004974	308.535714286	5.94323261228	178.0	0.962386	0.795003281906
10317.000002414	96.0	3.68911540477	69.0	0.847724	0.60392905535
10317.000006027	346.285714286	5.61761368464	164.0	0.954242	0.763516680699
10317.000017098	273.222222222	5.83617186988	162.0	0.965736	0.795135032403
10317.000003841	171.571428571	4.52860986509	104.0	0.90944	0.675867563263
10317.000014559	228.375	5.2671303547	139.0	0.94096	0.739875537794
10317.000003761	264.04	5.91331995875	156.0	0.969418	0.811666917091
10317.000014799	323.037037037	6.02408650169	178.0	0.96991	0.805818794547
10317.000002208	281.333333333	5.87180586081	176.0	0.961202	0.787165317816
10317.000016313	248.8	5.539298522	148.0	0.946552	0.76833821388
10317.000022899	246.176470588	5.78556153244	171.0	0.95537	0.779951006147
10317.000004793	245.24137931	6.03038907006	169.0	0.964476	0.814820606386
10317.000003837	293.052631579	5.41466974367	147.0	0.947076	0.752071689422
10317.000010285	167.25	4.79226462426	106.0	0.936746	0.712295077896
10317.000005848	280.214285714	4.46321926486	127.0	0.854524	0.638635088704
10317.000005907	314.681818182	5.6949271131	160.0	0.957084	0.777790636469
10317.000013421	332.117647059	5.88794438049	198.0	0.94882	0.771748480729
10317.000020072	163.105263158	4.93751839073	111.0	0.925432	0.7267024109
10317.000001477	156.875	5.09472623996	121.0	0.92846	0.736353077846
10317.000014132	327.954545455	5.84739194108	177.0	0.949438	0.783034387912
10317.000003382	301.625	5.81997475103	182.0	0.956642	0.775190988825
10317.000003221	182.3	4.29844262536	92.0	0.863682	0.658910370487
10317.000014607	195.555555556	3.95659383634	110.0	0.80441	0.583451402593
10317.000017125	422.24137931	6.51863805606	223.0	0.974134	0.835626419989
10317.000013826	251.076923077	4.87784764563	150.0	0.88787	0.674777976108
10317.000004872	211.352941176	5.29807854651	124.0	0.944904	0.761853463727
10317.000001118	282.121212121	5.87840256295	179.0	0.95944	0.785481997139
10317.000014293	301.571428571	5.31609740329	134.0	0.95084	0.752339414349
10317.000016721	261.441176471	6.46044708347	182.0	0.981798	0.860498640823
10317.000016763	395.125	6.09227193302	172.0	0.969738	0.820368265104
10317.000012173	172.5	5.1930710759	115.0	0.949012	0.758612025911
10317.000004641	277.1875	5.35841378971	139.0	0.942046	0.75269815201
10317.000013509	339.130434783	5.68146372713	165.0	0.959872	0.771275483462
10317.000012951	299.5	5.56754797003	163.0	0.942462	0.757620618586
10317.000023799	240.896551724	5.76384025981	160.0	0.959096	0.787202521674
10317.000004705	301.607142857	5.13589131074	168.0	0.883788	0.69476065718
10317.000014605	286.9375	5.86687449891	178.0	0.957658	0.784789151873
10317.000015455	240.789473684	5.49091447619	138.0	0.95872	0.772440822223
10317.000007651	208.076923077	4.0982131942	98.0	0.870612	0.619560538676
10317.000001827	234.8	5.25499160962	149.0	0.910802	0.727922003029
10317.000012872	247.066666667	4.98419148557	121.0	0.934652	0.720377223055
10317.000014666	315.675675676	6.21376165757	195.0	0.969432	0.816812390325
10317.000017146	252.473684211	4.66649616769	129.0	0.888518	0.665574798489
10317.000006636	260.857142857	5.88385721722	167.0	0.957026	0.796870647057
10317.000017276	130.142857143	3.33451685597	68.0	0.737332	0.547767919564
10317.000004161	256.476190476	5.70441490789	148.0	0.960212	0.791240974675
10317.000023299	173.0	4.95107248531	124.0	0.927082	0.71195466224
10317.000013733	287.0	5.45428348071	164.0	0.939364	0.741317693342
10317.000010304	287.216216216	6.32699373591	193.0	0.97384	0.833326247992
10317.000012034	156.0	4.61555530495	82.0	0.926426	0.725995682237
10317.000015874	293.391304348	5.37488726778	156.0	0.943148	0.737761225299
10317.000023823	212.071428571	4.01653610956	106.0	0.85101	0.596995183978
10317.000014391	330.035714286	6.15395491026	187.0	0.97129	0.815428775766
10317.000018411	216.071428571	4.29378416955	110.0	0.843354	0.633174518229
10317.000002963	118.05	4.4355106604	90.0	0.904894	0.683242611098
10317.000014646	236.833333333	5.31677126605	154.0	0.93651	0.731653700886
10317.000001793	238.933333333	5.67819766218	163.0	0.952132	0.772677603935
10317.000013214	177.25	4.57708021984	102.0	0.901748	0.68596949164
10317.000023154	247.25	5.31830330126	140.0	0.944808	0.745980106081
10317.000009222	220.75	5.76910812583	151.0	0.96475	0.797013752835
10317.000010738	227.724137931	5.76697686901	156.0	0.963022	0.791579750269
10317.000027198	202.565217391	4.52298229032	123.0	0.891028	0.651490506334
10317.000007734	305.307692308	5.7828530716	168.0	0.961748	0.782278782264
10317.000006818	130.8	3.64979425314	78.0	0.783738	0.580677914643
10317.000026639	330.25	5.8073089387	184.0	0.946524	0.771882915648
10317.000005041	191.071428571	4.59800105186	100.0	0.921688	0.692068118353
10317.000013312	248.6	5.31842860405	152.0	0.932108	0.733786119437
10317.000001285	312.5	5.82491072146	197.0	0.948682	0.76421819996
10317.000018306	135.956521739	4.90888046556	107.0	0.91544	0.728162056635
10317.000017215	369.285714286	6.51101085302	203.0	0.981132	0.849409722335
10317.000016698	315.034482759	6.27093525376	189.0	0.972808	0.829242822695
10317.000009098	224.772727273	5.00151673265	136.0	0.897018	0.70568507302
10317.000012013	212.0	4.89204128515	125.0	0.914476	0.702295834214
10317.000014909	264.3	4.11333881732	99.0	0.861332	0.62047330579
10317.000014979	271.541666667	5.8142079543	159.0	0.96596	0.795063723822
10317.000014538	302.117647059	4.19683091759	130.0	0.827668	0.597637581701
10317.000004278	135.5	4.0152738001	83.0	0.841044	0.629842974831
10317.000009556	225.2	5.48608356873	142.0	0.95333	0.767311553407
10317.000022663	342.0	5.80591621512	168.0	0.958576	0.785398662296
10317.000001141	255.3	5.18708070562	138.0	0.935122	0.729698650847
10317.000002359	231.038461538	5.45096765438	146.0	0.951592	0.75815030113
10317.000004823	205.125	4.7908430204	119.0	0.913258	0.694846939377
10317.000014236	257.428571429	5.33817056602	131.0	0.94169	0.758971920906
10317.000001799	258.0	4.8856843852	128.0	0.903652	0.697954912172
10317.000023213	287.058823529	5.56880278688	145.0	0.950384	0.775609094359
10317.000013652	205.454545455	5.57989509656	150.0	0.951124	0.771895842939
10317.000010205	176.875	5.12584557229	115.0	0.929372	0.748791618153
10317.000005989	274.136363636	5.61639375957	148.0	0.961574	0.779031845375
10317.000011072	124.3125	3.84732531596	78.0	0.884008	0.612104871255
10317.000017111	168.666666667	4.41552734032	106.0	0.885768	0.656298981258
10317.000011369	393.714285714	6.02495023249	190.0	0.959346	0.795913494817
10317.000013178	122.0625	3.42752299425	87.0	0.690472	0.531980917799
10317.000013905	201.8	4.01501857866	89.0	0.84425	0.620009860113
10317.000012914	399.217391304	5.46327700939	184.0	0.93107	0.726155648255
10317.000003423	168.894736842	4.14390905748	107.0	0.814302	0.614689512808
10317.000013306	253.55	5.33485294724	143.0	0.931696	0.745104583072
10317.000002489	222.055555556	5.55247271187	127.0	0.964844	0.79449466684
10317.000004759	171.789473684	3.8445831916	102.0	0.83963	0.576189765273
10317.000004734	269.533333333	5.97190626306	172.0	0.96338	0.804160161308
10317.000002687	180.473684211	4.69750957185	116.0	0.880574	0.684969756432
10317.000004158	255.894736842	5.00661792047	136.0	0.919874	0.706404821106
10317.000004157	256.153846154	5.15582609068	129.0	0.924054	0.73536713372
10317.000001321	274.035714286	5.68527893906	164.0	0.955392	0.772713388297
10317.000003022	237.652173913	5.77695759887	150.0	0.965218	0.799156521447
10317.000003757	191.0	5.41601494684	136.0	0.952616	0.764168372823
10317.000013103	158.666666667	3.43546011501	96.0	0.728092	0.521712935288
10317.000002087	311.315789474	5.22202434522	145.0	0.927042	0.727310649724
10317.000023258	215.12	5.39284457469	137.0	0.95446	0.75976615936
10317.000009214	239.0	4.68236176804	135.0	0.879608	0.661648124615
10317.000013829	246.516129032	5.25064127601	157.0	0.926932	0.719796334417
10317.000016757	191.0	5.36417025613	136.0	0.941078	0.756853386928
10317.000003092	341.875	5.90119454273	159.0	0.968066	0.806958702719
10317.000014593	237.357142857	5.7025877893	156.0	0.95406	0.782741654886
10317.000006047	263.25	5.22199685091	139.0	0.936682	0.733535619632
10317.000001065	218.25	5.08929827743	122.0	0.93991	0.734308346941
10317.000010098	224.607142857	5.33011416064	148.0	0.926462	0.739322926486
10317.000009117	302.588235294	5.69557153834	148.0	0.961806	0.790014339436
10317.000006702	112.714285714	3.83436539983	75.0	0.845304	0.615584686335
10317.000026135	283.652173913	5.85187791378	163.0	0.964936	0.796311659782
10317.000009624	234.44	5.54075011938	146.0	0.955038	0.770637735873
10317.000020358	199.555555556	5.13951692582	123.0	0.931128	0.740296173939
10317.000009075	216.12	5.51377123432	138.0	0.959598	0.775656223432
10317.000001765	308.045454545	6.115382839	168.0	0.97487	0.827261938206
10317.000012996	313.833333333	5.44234164619	147.0	0.942968	0.755915184126
10317.000016353	354.4	5.38688276883	172.0	0.934462	0.725382537085
10317.000008949A	245.137931034	5.72481202433	157.0	0.958858	0.784799130948
10317.000005571	103.833333333	3.30608196914	70.0	0.722146	0.539391305639
10317.000004792	221.833333333	5.19379341093	130.0	0.934866	0.739607145227
10317.000011039	267.533333333	5.75829092271	170.0	0.950788	0.777161169163
10317.000006626	205.357142857	5.33966678179	140.0	0.94243	0.748976687993
10317.000017126	183.913043478	5.07546659367	124.0	0.93382	0.729842294802
10317.000014608	187.384615385	4.786827211	126.0	0.893026	0.686059218419
10317.000013258	283.055555556	5.25064732182	145.0	0.926162	0.731297187191
10317.000015264	239.75	5.20008481127	142.0	0.929986	0.727310312428
10317.000007732	227.0	5.01429311461	117.0	0.93492	0.729843802953
10317.000027644	274.833333333	5.33391947313	152.0	0.914386	0.735923401999
10317.000007697	349.047619048	6.0102002572	175.0	0.967668	0.806607163183
10317.000004881	145.454545455	4.999299146	110.0	0.929748	0.737211909881
10317.000006651	194.0	3.95764469352	118.0	0.75233	0.57501815293
10317.000023808	328.965517241	5.80809750599	175.0	0.964846	0.779483686453
10317.000004642	109.0625	3.10179878106	74.0	0.75551	0.499528476729
10317.000002345	245.44	5.45324820493	157.0	0.929144	0.747571175069
10317.000001353	252.464285714	5.4920679037	156.0	0.950486	0.753845530927
10317.000011077	195.956521739	5.19034954673	129.0	0.938196	0.740291158401
10317.000028759	211.428571429	5.12678788331	113.0	0.943012	0.751708703183
10317.000004631	317.375	6.03838347632	179.0	0.965762	0.806858914762
10317.000009433	160.647058824	4.91806679608	105.0	0.928808	0.732482418634
10317.000009061	347.538461538	5.98182072375	183.0	0.961782	0.79591000871
10317.000013995	296.333333333	6.21896733077	189.0	0.975464	0.822370797166
10317.000015155	226.315789474	5.3250233898	130.0	0.9514	0.75829457123
10317.000022965	282.34375	5.83918233061	176.0	0.962052	0.782791857226
10317.000016701	295.447368421	6.26043063755	197.0	0.972612	0.821357658783
10317.000010714	283.538461538	5.76351333103	162.0	0.963768	0.785235846613
10317.000002529	210.869565217	5.38291520192	139.0	0.942778	0.756139873462
10317.000021223	229.652173913	5.53982089198	142.0	0.955072	0.774827528776
10317.000012401	358.03030303	6.31390321132	205.0	0.971714	0.822178471656
10317.000022638	184.5625	4.34240709692	108.0	0.870878	0.642854095724
10317.000013972	337.882352941	5.57437124788	152.0	0.954278	0.769098647515
10317.000017163	247.076923077	5.20995290549	146.0	0.938136	0.724628655794
10317.000001126	244.235294118	5.32527349349	133.0	0.942586	0.754792390265
10317.000009472	329.53125	5.84469619599	190.0	0.945362	0.772101410964
10317.000001026	286.676470588	6.2116623214	189.0	0.970104	0.821404812613
10317.000010919	267.333333333	4.7396976204	137.0	0.87211	0.667748125819
10317.000014311	218.607142857	5.35578042942	142.0	0.947198	0.749086693543
10317.000005039	196.0	4.7992296021	118.0	0.915182	0.697294566591
10317.000001025	238.071428571	4.66361247005	120.0	0.866624	0.675211573935
10317.000004249	236.0	5.46118366017	143.0	0.948528	0.762748854454
10317.000017176	174.681818182	5.00066903155	119.0	0.929458	0.725279362445
10317.000002258	212.607142857	5.03989976178	136.0	0.917694	0.711100696351
10317.000013118	245.303030303	6.05104754877	170.0	0.971326	0.816672733416
10317.000013431	293.857142857	6.28277073764	181.0	0.976114	0.837719978815
10317.000021159	346.894736842	5.59821176711	159.0	0.955966	0.765527330513
10317.000014197	334.230769231	6.29156156702	187.0	0.975696	0.833662323021
10317.000015541	175.272727273	4.68119474591	115.0	0.902078	0.683836323049
10317.000022661	282.166666667	5.76610969236	183.0	0.95289	0.767208618815
10317.000014258	380.777777778	6.08937993103	190.0	0.971802	0.804424845875
10317.000014324	289.12	5.26983514779	153.0	0.942016	0.726133873787
10317.000002369	242.473684211	3.75739683174	119.0	0.7616	0.544959556689
10317.000010757	222.217391304	5.64010348887	140.0	0.961558	0.791117911221
10317.000010305	224.527777778	6.29121378169	172.0	0.97799	0.847157216918
10317.000002372	288.75	4.94283549648	150.0	0.875904	0.68376808274
10317.000013056	302.588235294	5.60775912777	148.0	0.955266	0.777834163476
10317.000013852	321.142857143	5.64178468598	163.0	0.958584	0.767722600099
10317.000012017	344.0	5.75311998994	164.0	0.955886	0.78193398923
10317.000021237	191.071428571	2.24141397393	85.0	0.474408	0.349707795369
10317.000016489	417.875	4.11766270554	116.0	0.826284	0.600419089593
10317.000012355	276.516129032	5.96026951955	172.0	0.96743	0.802593190039
10317.000018409	268.857142857	5.45001985642	156.0	0.940148	0.74807398311
10317.000004077	138.333333333	4.47273712357	76.0	0.922952	0.715875322488
10317.000004294	264.307692308	5.85971898344	166.0	0.960338	0.794533919172
10317.000022993	445.526315789	5.97017689655	185.0	0.967784	0.79270674681
10317.000010847	355.352941176	5.6692870896	160.0	0.959964	0.774288823398
10317.000008963	128.0	3.8557119863	77.0	0.824102	0.615261420069
10317.000013372	212.666666667	4.60537133595	110.0	0.916632	0.679122112747
10317.000016407	363.333333333	5.85973254003	165.0	0.962714	0.795476001402
10317.000006657	267.555555556	5.38399777421	141.0	0.950404	0.754108697937
10317.000017327	267.387096774	5.69801961384	173.0	0.944488	0.766416213343
10317.000010764	208.956521739	5.06968984136	132.0	0.913096	0.71967720083
10317.000005805	304.090909091	5.86999010192	180.0	0.957882	0.783516444656
10317.000018032	306.37037037	5.95310548374	171.0	0.967082	0.802537590467
10317.000012988	120.625	3.68828414083	79.0	0.817724	0.58509080315
10317.000013732	170.473684211	4.19036907734	106.0	0.879228	0.622832731992
10317.000011093	394.607142857	6.48984654416	207.0	0.979324	0.843550730639
10317.000003078	257.222222222	6.68509062115	202.0	0.983644	0.872931053968
10317.000004979	223.64	5.45521121354	148.0	0.931694	0.756674734807
10317.000014188	226.833333333	5.35543135087	135.0	0.935648	0.756757227516
10317.000012921	210.8	5.49514285838	140.0	0.95885	0.770784782329
10317.000011223	371.923076923	6.52681855634	221.0	0.97713	0.838071419945
10317.000013608	166.555555556	4.73637690924	114.0	0.905078	0.693173298475
10317.000009594	242.916666667	4.97064377394	148.0	0.904282	0.689461949728
10317.000022994	442.243243243	6.5064892174	226.0	0.979754	0.832012828437
10317.000002494	210.0	4.42095510353	108.0	0.847792	0.654482417674
10317.000005887	264.0	4.86351214709	130.0	0.915732	0.69257439607
10317.000009427	147.0	4.33353912556	95.0	0.87652	0.659609492797
10317.000004078	322.05	5.23410604662	156.0	0.92637	0.718437484903
10317.000014803	190.9	5.1443874332	122.0	0.935252	0.742256874362
10317.000002244	217.357142857	5.51112558008	152.0	0.938324	0.760372612703
10317.000002506	261.375	3.95192475759	119.0	0.837082	0.573173199533
10317.000028817	324.217391304	5.64456764249	169.0	0.948518	0.762688771123
10317.000027879	254.058823529	5.72718297833	168.0	0.94875	0.774747978311
10317.000002325	222.888888889	4.44800301639	136.0	0.864232	0.627587490195
10317.000026127	356.8	5.31268019123	129.0	0.947908	0.757738980308
10317.000031851	261.527777778	5.33026590602	167.0	0.931472	0.721895906835
10317.000036428	217.285714286	5.24785304599	143.0	0.93889	0.732953540524
10317.000042001	182.954545455	5.28639480057	125.0	0.948268	0.758908772442
10317.000026648	203.866666667	4.39348316879	112.0	0.84121	0.645402394777
10317.000027761	402.272727273	6.31747834502	195.0	0.974246	0.830446172897
10317.000030744	178.434782609	5.10565843271	123.0	0.928708	0.735419195564
10317.000039842	213.869565217	5.69854481034	142.0	0.964336	0.797027463363
10317.000041636	299.666666667	4.99710703347	116.0	0.92774	0.728655713252
10317.000021239	157.714285714	4.93809608787	102.0	0.939042	0.740075135319
10317.000036165	275.111111111	5.77995846367	161.0	0.965138	0.788435956889
10317.000027762	124.0	4.54998701595	93.0	0.882134	0.695806165194
10317.000023342	206.75	5.28336362197	133.0	0.939408	0.748852178531
10317.000041617	267.285714286	6.02429903157	177.0	0.965674	0.806724322967
10317.000029227	353.272727273	5.552540251	140.0	0.957694	0.778835717113
10317.000030751	196.136363636	4.42916639026	121.0	0.863834	0.640158106667
10317.000042989	196.045454545	5.23548756101	131.0	0.937626	0.744372627648
10317.000011074	265.75	5.87729980356	167.0	0.967242	0.795982554387
10317.000026658	406.0	5.78396264634	157.0	0.964786	0.792907931125
10317.000036106	162.272727273	3.88567529242	84.0	0.858462	0.607866448961
10317.000014136	247.620689655	5.8676034863	157.0	0.96933	0.804374029615
10317.000031222	282.0	5.28423097151	140.0	0.932032	0.741200897615
10317.000005898	312.037037037	6.2898355233	186.0	0.97667	0.834288768932
10317.000030756	187.333333333	4.30885453708	114.0	0.865054	0.630604989711
10317.000038402	319.526315789	5.52260036882	149.0	0.95666	0.76499119714
10317.000033785	335.5	6.14639915264	193.0	0.969856	0.809540195284
10317.000028955	360.8125	6.35291744092	203.0	0.974864	0.828785262584
10317.000035491	336.894736842	5.92685437772	204.0	0.952134	0.772487722402
10317.000031319	168.807692308	5.53078898971	129.0	0.954906	0.788847485357
10317.000036399	134.5	3.9375966253	82.0	0.871018	0.619357359946
10317.000002326	202.0	4.97461100933	124.0	0.908782	0.715339456538
10317.000036934	125.0	4.3287934256	81.0	0.891396	0.682791142318
10317.000036101	251.935483871	5.56596811762	160.0	0.94972	0.760177926564
10317.000039907	331.0	6.62908157631	202.0	0.98223	0.865617460584
10317.000040048	209.028571429	5.66297076782	155.0	0.95556	0.778294934555
10317.000043083	285.111111111	4.69733818351	156.0	0.874732	0.644760308682
10317.000036085	200.555555556	4.73850369576	135.0	0.895504	0.669581343583
10317.000042009	240.44	5.54018233999	152.0	0.939712	0.764381587662
10317.000040002	152.6	5.03926970729	113.0	0.93902	0.738876462782
10317.000036124	153.05	3.44893283049	99.0	0.69491	0.520251515818
10317.000040003	241.37037037	5.7352788832	157.0	0.95758	0.786234004567
10317.000037487	255.033333333	5.31872792041	165.0	0.903222	0.722033026212
10317.000033728	255.5	4.93388884999	149.0	0.901196	0.683442814225
10317.000036081	238.3125	5.43473405248	135.0	0.945222	0.767963214238
10317.000037612	192.125	4.30335079246	106.0	0.861358	0.639625694376
10317.000043003	189.677419355	5.43144747096	140.0	0.937394	0.761850449484
10317.000028718	145.352941176	4.90686278863	104.0	0.931424	0.732319518575
10317.000030771	148.0	3.64099267027	74.0	0.821088	0.58636283355
10317.000034241	271.538461538	5.63060365186	159.0	0.955926	0.769956757997
10317.000009144	119.071428571	4.30033117269	79.0	0.897266	0.682182858904
10317.000004765	329.136363636	5.8139220662	163.0	0.966578	0.791146705141
10317.000009566	208.909090909	4.20027606883	102.0	0.859444	0.62949764944
10317.000006675	328.37037037	6.37122887476	193.0	0.97651	0.83915244347
10317.000031829	123.055555556	3.81039222632	90.0	0.77659	0.586949853883
10317.000033666	265.0	4.77754538628	111.0	0.921422	0.703157634189
10317.000031926	289.714285714	5.47952496679	127.0	0.964056	0.784056687686
10317.000027821	175.7	5.069160247	128.0	0.927988	0.724165749571
10317.000013063	216.666666667	4.66849534113	115.0	0.900392	0.681981173938
10317.000010852	193.090909091	4.47013393855	99.0	0.904766	0.674293780637
10317.000016754	233.193548387	5.77969513064	164.0	0.948638	0.785545943408
10317.000014234	186.666666667	4.61788790832	105.0	0.899096	0.687774657059
10317.000022526	210.052631579	4.93394674297	120.0	0.932976	0.714351367619
10317.000033713	262.0	3.7122185361	97.0	0.75306	0.562464781712
10317.000009621	204.714285714	4.73556398703	126.0	0.880452	0.678712053831
10317.000001325	154.666666667	4.16384458744	118.0	0.774448	0.604977558415
10317.000014018	282.0	5.58493808151	144.0	0.957632	0.778939539868
10317.000013201	271.142857143	5.40102227577	146.0	0.944072	0.751203625559
10317.000010207	283.75	5.46691023951	145.0	0.952832	0.761417752087
10317.000006777	192.035714286	5.11533743466	133.0	0.938486	0.725036521418
10317.000014165	247.071428571	5.27241601948	129.0	0.937042	0.751996166634
10317.000002125	188.833333333	5.04004829936	118.0	0.938032	0.73228384259
10317.000014678	159.5	2.17539494256	62.0	0.583026	0.365354924352
10317.000002711	95.0	3.39623008425	66.0	0.756056	0.561880978835
10317.000021226	141.291666667	5.10717748488	112.0	0.938836	0.750244043884
10317.000013755	195.666666667	4.71697482537	114.0	0.908048	0.690333784912
10317.000016381	155.0	3.8276238117	99.0	0.818106	0.577374854161
10317.000001221	259.55	5.30953854381	149.0	0.933212	0.73547785022
10317.000009497	183.875	4.18998173629	101.0	0.87983	0.629295381672
10317.000002161	221.666666667	5.1490687848	120.0	0.950464	0.745497371578
10317.000043152	225.55	5.0783961784	131.0	0.929426	0.722037644727
10317.000039986	259.090909091	6.08150886592	175.0	0.969062	0.816177232754
10317.000006736	276.916666667	5.56871582778	155.0	0.956766	0.76534093119
10317.000023343	121.090909091	4.10598857439	76.0	0.89521	0.65717609008
10317.000036151	205.848484848	5.8808893785	154.0	0.966008	0.809283353181
10317.000038424	211.0	5.44761494518	146.0	0.93922	0.757683988054
10317.000036191	245.25	5.3452216741	138.0	0.946004	0.751945316725
10317.000005799	118.0	1.63131684358	43.0	0.386648	0.3006334776
10317.000016719	235.666666667	5.81702019388	149.0	0.965532	0.805774262977
10317.000016723	204.391304348	5.39633472663	135.0	0.949612	0.762537140133
10317.000004927	140.4	3.4193050997	83.0	0.796084	0.536358266725
10317.000016717	226.555555556	5.82820207197	141.0	0.967662	0.816326094498
10317.000009694	301.5	5.85888058822	159.0	0.962794	0.801172482049
10317.000002382	303.483870968	5.98910714775	180.0	0.965648	0.799415988374
10317.000001575	263.25	5.04709942719	139.0	0.917286	0.708967720849
10317.000001305	246.105263158	5.12778513162	140.0	0.919434	0.719256777916
10317.000012154	225.625	4.81868133041	115.0	0.925952	0.703920580492
10317.000010555	211.476190476	5.23467009545	130.0	0.929812	0.745428071389
10317.000001404	226.181818182	5.65090172639	143.0	0.959762	0.789246267229
10317.000001155	146.235294118	4.46971663721	98.0	0.872736	0.675723764541
10317.000006034	281.375	5.45326407742	153.0	0.949198	0.751408660474
10317.000013758	159.076923077	5.39101636294	121.0	0.95651	0.779176604316
10317.000001782	349.903225806	5.65533978092	187.0	0.947832	0.749359860665
10317.000015538	236.636363636	4.7884256892	130.0	0.914272	0.681881925967
10317.000014556	153.333333333	3.55426397365	85.0	0.780646	0.554540050539
10317.000010979	213.636363636	4.70563395554	122.0	0.910038	0.678951419792
10317.000013061	239.0	6.02673145495	172.0	0.968996	0.811542768003
10317.000005228	85.0	0.821824251965	28.0	0.190186	0.170951441133
10317.000002067	245.2	4.27688527716	115.0	0.861992	0.624774157194
10317.000010822	199.461538462	5.11888896017	109.0	0.944168	0.756316423215
10317.000012156	287.0	5.68380567367	168.0	0.960038	0.768880088422
10317.000008991	201.391304348	5.08744718729	127.0	0.935358	0.727954889268
10317.000001405	150.555555556	4.77201447345	98.0	0.932236	0.721424610588
10317.000010776	358.416666667	6.1916727051	184.0	0.971734	0.822970920059
10317.000013965	244.0	5.09265339415	132.0	0.93057	0.72293703445
10317.000003281	135.461538462	4.47451181606	87.0	0.914816	0.694482548069
10317.000018434	241.0	4.73581164101	123.0	0.889506	0.682146452465
10317.000002882	200.071428571	4.54955147487	109.0	0.898938	0.672196745325
10317.000002184	184.526315789	3.56235028531	112.0	0.686052	0.523309027677
10317.000002272	272.909090909	4.47240932695	112.0	0.890656	0.656996642331
10317.000002126	271.0	4.77644798985	133.0	0.905666	0.677003087193
10317.000012202	182.0	4.60279950307	104.0	0.920786	0.686939916885
10317.000001794	259.0	4.72442533785	129.0	0.8937	0.673837142306
10317.000013182	271.37037037	5.85556616471	163.0	0.966754	0.796813549476
10317.000002276	313.565217391	5.03373721706	162.0	0.874738	0.685809276086
10317.000006839	164.6875	4.17154233006	100.0	0.859708	0.627879684766
10317.000009198	264.916666667	4.77722938713	143.0	0.886792	0.667222798067
10317.000002793	198.956521739	5.51043396223	132.0	0.955824	0.782243847925
10317.000002922	202.076923077	4.94758800939	134.0	0.921368	0.700187596849
10317.000023223	340.4	4.722567802	149.0	0.89906	0.654170599926
10317.000002709	161.928571429	2.76595669375	88.0	0.570722	0.428204346303
10317.000012211	195.714285714	4.50186707412	117.0	0.876366	0.655258819272
10317.000014897	211.55	4.35471193932	117.0	0.876934	0.633839994973
10317.000014594	140.076923077	3.70686645432	86.0	0.7586	0.5768306467
10317.000003838	160.066666667	4.21000478299	97.0	0.869178	0.63788793635
10317.000016737	237.772727273	5.86636673624	173.0	0.96032	0.789059863738
10317.000011192	244.066666667	4.87026807327	118.0	0.9317	0.707615960663
10317.000003578	235.333333333	5.76955893226	137.0	0.969394	0.81283922992
10317.000013798	137.791666667	5.14801666499	113.0	0.937458	0.754821346091
10317.000015605	204.0	5.26195286658	127.0	0.94799	0.752924634952
10317.000009219	284.928571429	4.60797087357	127.0	0.863476	0.659347370799
10317.000007005	152.142857143	3.40332400726	72.0	0.768372	0.55159892648
10317.000004636	207.5	5.42994171082	125.0	0.958928	0.779516202185
10317.000003088	248.5	5.56092948425	151.0	0.937052	0.768253459777
10317.000006703	174.866666667	2.74756913963	83.0	0.655312	0.430988571791
10317.000007865	144.235294118	4.5049274988	96.0	0.909608	0.68412348564
10317.000017746	167.111111111	4.73870639723	89.0	0.928644	0.731763660093
10317.000002805	182.5	4.22103169962	109.0	0.818638	0.62365791135
10317.000010918	279.076923077	6.28268380774	178.0	0.976226	0.840410357827
10317.000014668	210.476190476	5.45046791428	129.0	0.957706	0.77739142032
10317.000026105	125.583333333	4.11784016427	76.0	0.891054	0.659072973463
10317.000001301	123.0	3.32376131011	81.0	0.7194	0.524264976079
10317.000026638	216.545454545	4.03009169575	96.0	0.858286	0.612014372946
10317.000003491	246.081081081	6.01791063808	177.0	0.964252	0.805868842123
10317.000004703	248.12	5.08465110823	143.0	0.925528	0.710159564196
10317.000009097	165.055555556	4.00909055058	105.0	0.812292	0.59710216733
10317.000018414	122.75	4.4984252742	93.0	0.913584	0.687921092626
10317.000012201	246.884615385	4.61117741478	143.0	0.872384	0.644030765064
10317.000005017	270.0	5.66030914956	156.0	0.959862	0.776938455766
10317.000009019	181.3	4.2008512961	91.0	0.872346	0.645510734182
10317.000005885	226.3125	4.95103143681	123.0	0.92206	0.713146718384
10317.000016414	190.0	4.26963502411	92.0	0.89497	0.654494439215
10317.000004864	224.115384615	5.79926597526	149.0	0.968332	0.803314946704
10317.000009221	199.848484848	5.56617512528	148.0	0.957096	0.772066180748
10317.000009105	173.0	5.02207821125	107.0	0.941874	0.744953319711
10317.000014563	214.3125	4.59626916361	111.0	0.900018	0.676477456491
10317.000002035	104.214285714	3.03884036383	71.0	0.679382	0.494140702826
10317.000003732	178.24	5.03903142367	121.0	0.936766	0.728303371646
10317.000014667	233.647058824	4.67970828331	126.0	0.87903	0.670706684355
10317.000013814	164.615384615	4.06044577062	85.0	0.87983	0.633515073597
10317.000018426	202.5	4.8917805706	120.0	0.927414	0.708246424767
10317.000015599	237.434782609	5.64032869368	147.0	0.959776	0.783414636601
10317.000002132	272.833333333	4.56161371239	151.0	0.845098	0.630195999901
10317.000003225	108.526315789	3.70884532439	79.0	0.845328	0.588352525659
10317.000009392	132.111111111	2.65946177724	66.0	0.650756	0.439988148476
10317.000009149	256.176470588	5.06287378035	130.0	0.936792	0.720963913476
10317.000013912	154.375	3.9441654825	80.0	0.840522	0.62388648262
10317.000012212	255.275862069	5.4926145303	157.0	0.947936	0.752967799064
10317.000007677	171.0	4.76896170328	102.0	0.928282	0.714726873493
10317.000017208	239.0	5.10104297097	127.0	0.94118	0.729900288766
10317.000013117	208.882352941	3.68927388269	115.0	0.706748	0.53893495648
10317.000012055	197.769230769	4.84858874802	111.0	0.908348	0.713613773928
10317.000005026	121.583333333	3.7693776954	72.0	0.85415	0.610927635996
10317.000009033	153.055555556	5.32301568609	114.0	0.945884	0.779028445513
10317.000013524	316.323529412	5.94481267825	185.0	0.962998	0.789338942586
10317.000006092	278.714285714	5.4957526923	163.0	0.939944	0.747850863028
10317.000002274	219.75	3.7509977851	71.0	0.835734	0.609943419169
10317.000008999	160.090909091	3.07155030085	78.0	0.686282	0.488679991176
10317.000016761	235.105263158	4.94216894197	129.0	0.916838	0.704893560275
10317.000013277	293.5	4.49908810152	121.0	0.89168	0.650264060327
10317.000007693	124.833333333	4.81233939702	99.0	0.920786	0.725913489469
10317.000004025	103.166666667	2.96004903758	49.0	0.773456	0.527195370689
10317.000010737	216.869565217	5.66439888833	145.0	0.953314	0.788923483196
10317.000001128	271.8	5.44385020424	144.0	0.948144	0.759261805827
10317.000003559	276.125	5.55146900592	151.0	0.95848	0.766946475893
10317.000014798	233.8	4.89842017061	133.0	0.907456	0.694291152111
10317.000020104	252.464285714	5.32298190633	156.0	0.932406	0.730636654837
10317.000017117	59.9090909091	2.88803766478	49.0	0.70255	0.514369886417
10317.000009766	159.6	4.75177404591	93.0	0.926094	0.726664420176
10317.000014561	226.032258065	5.70017499905	161.0	0.947344	0.777552807353
10317.000004923	150.142857143	3.55025170028	70.0	0.796484	0.579227895084
10317.000014172	172.576923077	3.45175262296	109.0	0.70941	0.509996840707
10317.000002056	249.65	5.864400906	152.0	0.963576	0.809114177139
10317.000002243	178.153846154	4.65298284519	102.0	0.896892	0.697345059213
10317.000010274	223.090909091	5.58158968938	152.0	0.95961	0.770094579316
10317.000003507	140.166666667	4.21479387284	99.0	0.851296	0.635777212539
10317.000017766	154.230769231	4.2127062302	88.0	0.873066	0.652179089264
10317.000001275	110.375	2.36839934243	71.0	0.550418	0.385121419858
10317.000003189	206.285714286	4.56651345058	122.0	0.892676	0.658878446574
10317.000009693	148.75	3.35067373742	70.0	0.75682	0.546666507022
10317.000022444	183.0	3.14647490709	73.0	0.77203	0.508330224412
10317.000016315	155.0	3.04660609578	77.0	0.67415	0.486151247691
10317.000011315	230.772727273	5.51835558437	142.0	0.949492	0.771825281669
10317.000013913	170.1	3.41277849075	84.0	0.77011	0.533887519194
10317.000013498	148.909090909	3.97949588301	85.0	0.86703	0.620885185918
10317.000002589	222.3125	5.2709464518	119.0	0.956764	0.764479444236
10317.000004086	312.103448276	6.31414761527	189.0	0.97442	0.834957048593
10317.000013551	179.071428571	3.07539581222	88.0	0.676972	0.476109353545
10317.000006766	196.4	5.47551451567	137.0	0.949474	0.771413041202
10317.000011962	161.066666667	3.40088264233	89.0	0.747458	0.525173353503
10317.000002199	110.153846154	4.00094018666	72.0	0.875708	0.648458479759
10317.000012052	236.066666667	4.90876523655	122.0	0.90756	0.708260174563
10317.000010263	246.9	5.19323874929	133.0	0.9394	0.736078080044
10317.000010556	181.555555556	3.89036507988	105.0	0.783684	0.579419544555
10317.000040007	180.928571429	5.16056163083	107.0	0.948424	0.765495350083
10317.000036451	239.444444444	5.84111930269	160.0	0.960542	0.797756987913
10317.000023129	306.476190476	5.46163349377	156.0	0.945114	0.749668080045
10317.000028914	157.105263158	4.62469950134	105.0	0.917326	0.688789155709
10317.000038479	192.090909091	4.62645458324	98.0	0.91431	0.699419126805
10317.000026549	228.111111111	4.33093372667	92.0	0.900308	0.663890947284
10317.000042999	246.125	5.97665087273	154.0	0.971848	0.822461323071
10317.000041554	406.25	6.09082256918	183.0	0.971714	0.81041322834
10317.000037489	259.714285714	5.7365996	148.0	0.966216	0.795705209406
10317.000031493	217.666666667	5.00144345398	131.0	0.920716	0.711096638562
10317.000023972	309.243243243	6.32645852601	201.0	0.974334	0.826874367259
10317.000039813	168.333333333	4.65981330852	110.0	0.892928	0.687150292179
10317.000012123	410.538461538	5.90859795731	215.0	0.955588	0.762577554794
10317.000009455	143.583333333	5.02024865508	94.0	0.944222	0.765913586448
10317.000018344	204.4	4.42758641826	109.0	0.891646	0.654176394406
10317.000010548	156.363636364	5.03013723726	89.0	0.950654	0.776767186433
10317.000010161	124.4	5.01518381904	87.0	0.951494	0.778399472581
10317.000023819	200.352941176	4.47996717426	113.0	0.859906	0.656869445648
10317.000008950B	110.526315789	3.49606629971	81.0	0.784566	0.551443062236
10317.000001067	88.0	2.0391637435	38.0	0.645322	0.388565531493
10317.000009526	152.882352941	5.31846339552	107.0	0.95433	0.788917813623
10317.000013166	135.0	4.02985018671	73.0	0.869246	0.651044330639
10317.000010876	237.125	5.0312113234	102.0	0.941996	0.754030366103
10317.000010993	219.55	4.52575109405	125.0	0.852658	0.649711634628
10317.000015613	147.272727273	2.94583549341	69.0	0.734612	0.482249930283
10317.000018335	181.0	5.32839999965	125.0	0.950316	0.764938990629
10317.000015525	264.130434783	5.64238029992	153.0	0.958542	0.777467102795
10317.000001622	150.0	4.19929024081	85.0	0.890334	0.655177735709
10317.000012936	129.75	1.61917023963	51.0	0.425344	0.285445844064
10317.000009111	83.1428571429	2.81914207145	47.0	0.734852	0.507533887156
10317.000002271	156.272727273	3.4147882531	78.0	0.778734	0.543288740194
10317.000002465	239.833333333	5.79699980949	157.0	0.962786	0.794695160866
10317.000001747	125.15	4.25748607301	90.0	0.875506	0.655819842168
10317.000002038	121.571428571	3.58982302605	74.0	0.821932	0.578122229876
10317.000013724	189.956521739	4.70836064735	123.0	0.911758	0.678192410506
10317.000023378	169.714285714	4.35653193615	109.0	0.8571	0.643678086633
10317.000012307	138.588235294	4.26017404633	95.0	0.8414	0.64844256865
10317.000020347	299.90625	6.03566431063	183.0	0.967318	0.803074156832
10317.000020368	234.117647059	5.37172408524	130.0	0.952936	0.764944848841
10317.000010567	205.866666667	4.93088838817	114.0	0.928522	0.721640239773
10317.000020063	205.083333333	5.08813271663	115.0	0.928138	0.743282464624
10317.000010178	142.166666667	4.49231822311	101.0	0.886156	0.674703444723
10317.000011259	158.5	3.70863451594	94.0	0.75903	0.565807345031
10317.000005025	129.583333333	4.14502281196	80.0	0.87805	0.655658012831
10317.000013165	312.8125	5.08698756628	144.0	0.914074	0.709489648115
10317.000016738	304.052631579	5.01222229499	146.0	0.891158	0.697127204418
10317.000001225	88.1111111111	2.50838112742	52.0	0.658164	0.440032918765
10317.000003137	163.275862069	4.68469015317	126.0	0.867128	0.671420697541
10317.000009642	189.545454545	3.43845804574	87.0	0.75821	0.533678131425
10317.000015394	93.0	3.56122790898	66.0	0.844792	0.58917864035
10317.000001086	100.0	2.43662647228	61.0	0.61339	0.41084713984
10317.000001756	92.625	3.61776429949	61.0	0.842372	0.610002448866
10317.000012999	153.142857143	4.59461847134	106.0	0.906258	0.682918072882
10317.000001248	204.034482759	5.13281478242	143.0	0.91268	0.716886455215
10317.000016739	217.217391304	5.16889155568	135.0	0.908672	0.730397943085
10317.000010559	235.769230769	5.04549846932	113.0	0.940854	0.739789747033
10317.000001654	158.833333333	3.26453946407	80.0	0.77962	0.516383517033
10317.000011375	83.25	2.54319359805	54.0	0.637532	0.441918907554
10317.000042586	280.541666667	6.0039888681	168.0	0.96899	0.812193054589
10317.000041282	119.473684211	4.79876928271	95.0	0.910852	0.730422336318
10317.000001208	136.428571429	4.02485843087	70.0	0.891236	0.656660562049
10317.000027729	313.882352941	5.77867659739	155.0	0.962652	0.794197058148
10317.000013573	223.023809524	5.97955017924	178.0	0.95366	0.79986134263
10317.000010544	40.8	2.20731908658	33.0	0.610376	0.437578633698
10317.000005878	141.333333333	0.70564606557	33.0	0.156024	0.139887179485
10317.000012987	175.2	4.50330141528	100.0	0.912376	0.677814402758
