	chao1	shannon	observed_otus	simpson	equitability
10317.000002503	516.092307692	5.47401725998	379.0	0.93048682	0.63903604105
10317.000013618	670.338709677	6.64531064313	460.0	0.98046222	0.751265402466
10317.000031796	893.5	6.43731259184	588.0	0.96653546	0.699732811186
10317.000026504	652.373134328	6.08779284754	443.0	0.96402686	0.692490052194
10317.000007104	622.940298507	5.82731027689	421.0	0.9575911	0.668447645231
10317.000007077	704.944444444	5.88382042983	423.0	0.9608191	0.674400949885
10317.000016408	766.942857143	6.42226343022	505.0	0.97243636	0.715162985463
10317.000005802	470.885714286	4.47804214175	277.0	0.88827206	0.551908361162
10317.000006952	416.446808511	5.85104540354	335.0	0.9656582	0.697548086097
10317.000013023	521.451612903	5.97655166965	382.0	0.96750754	0.696776596981
10317.000002645	483.288461538	4.78584906244	339.0	0.89089128	0.569395421057
10317.000002027	528.405797101	5.82370394294	405.0	0.95799326	0.672345086332
10317.000027353	1053.56666667	6.56847506553	638.0	0.96051586	0.704967713443
10317.000023798	622.084745763	5.98441098655	425.0	0.94972434	0.685395982587
10317.000041962	789.9	6.57064169215	553.0	0.9747	0.721166046689
10317.000040352	522.170212766	4.32881179387	341.0	0.78426326	0.514500026669
10317.000028811	547.055555556	4.97769207587	372.0	0.91188296	0.582925342645
10317.000027772	1022.24358974	7.0209229122	620.0	0.98131612	0.756881064274
10317.000027617	733.411764706	5.49247070039	428.0	0.93306234	0.628323679417
10317.000039952	158.652173913	4.44515798839	141.0	0.89990516	0.622610269047
10317.000026028	734.153846154	6.08867300677	438.0	0.96741712	0.693882707969
10317.000001441	481.0	5.11963239639	362.0	0.8983834	0.602320614327
10317.000016347	677.015873016	6.12247522876	457.0	0.95112392	0.692897276809
10317.000001595	611.949152542	6.2960538279	435.0	0.9708279	0.718328130963
10317.000002146	608.641791045	5.86456804966	414.0	0.95903722	0.674593299367
10317.000012158	858.146067416	6.62182589118	575.0	0.973119	0.722321790698
10317.000014313	368.923076923	4.09283091693	242.0	0.854036	0.516845763627
10317.000007749	468.896551724	5.51062021183	305.0	0.93996728	0.667738230386
10317.000017335	746.548387097	5.98233959709	460.0	0.96689982	0.676315225345
10317.000002578	481.714285714	5.97020541715	374.0	0.96570438	0.698523357831
10317.000007719	501.87755102	5.08757336081	336.0	0.92817276	0.60621793773
10317.000006716	614.442622951	5.98618377919	448.0	0.95530592	0.679680089217
10317.000006802	495.169491525	5.74920349522	386.0	0.94124412	0.669098893399
10317.000002898	528.2	5.79211142808	383.0	0.95767564	0.674976813883
10317.000001647	526.444444444	5.76135781439	385.0	0.95216974	0.670805593018
10317.000002878	390.25	5.62916766346	337.0	0.9290934	0.670409982386
10317.000017667	634.524590164	5.99979919124	426.0	0.96445794	0.686891660067
10317.000009213	550.47826087	5.70553810218	371.0	0.95089662	0.668465614808
10317.000031434	681.807692308	5.23803603004	399.0	0.92217904	0.606236983871
10317.000027217	565.82	4.71058434734	374.0	0.8307857	0.551145725438
10317.000001546	596.022222222	6.35440951394	398.0	0.97608596	0.735751499356
10317.000009074	551.313432836	6.01784313263	404.0	0.96867584	0.695044599525
10317.000027277	712.043478261	5.47401216822	460.0	0.92335516	0.618847812466
10317.000001333	205.446808511	4.3001034309	175.0	0.90780944	0.577101274727
10317.000023984	649.602739726	5.84910392079	462.0	0.94863508	0.660785105115
10317.000028933	688.443037975	6.15979355488	473.0	0.96478744	0.693225752498
10317.000015568	647.833333333	6.0881790271	453.0	0.96619366	0.690006305016
10317.000006944	604.373737374	2.94814949139	438.0	0.55618274	0.33597960513
10317.000002028	564.323076923	5.5665733051	421.0	0.91155158	0.638538646648
10317.000003896	526.044117647	5.87153112664	395.0	0.95583902	0.680701288841
10317.000011025	815.4375	6.30896286881	457.0	0.97268296	0.714002593387
10317.000017293	1040.45454545	5.95192045797	519.0	0.95532314	0.659888085527
10317.000031284	403.533333333	3.67692432359	225.0	0.80505782	0.470569143621
10317.000020034	738.846153846	5.92744872228	477.0	0.95660828	0.666166742454
10317.000031847	647.518518519	5.45983774801	400.0	0.93537892	0.631643751138
10317.000013935	638.083333333	6.15070765107	468.0	0.96455746	0.69339963412
10317.000014019	676.444444444	6.30864388529	497.0	0.96876996	0.704317518771
10317.000023052	511.111111111	5.40073280264	351.0	0.93998328	0.638737290931
10317.000015385	584.368421053	6.36444880812	447.0	0.97292368	0.722893468169
10317.000017354	777.7875	6.70019865218	534.0	0.9752879	0.739479472956
10317.000023475	677.188405797	6.50749041476	469.0	0.97646956	0.733366924076
10317.000003475	589.451612903	5.92753193896	450.0	0.94580622	0.672529963061
10317.000017269	569.147058824	5.63631801175	407.0	0.9357577	0.650177966599
10317.000014801	604.181818182	5.63756561963	370.0	0.95386556	0.660803369973
10317.000009716	642.488372093	6.61196401745	516.0	0.97702794	0.73374733874
10317.000013155	614.263888889	5.73945466126	442.0	0.94246776	0.653108591325
10317.000015604	537.03125	5.68414296069	385.0	0.95304942	0.661815324163
10317.000009236	436.5	5.62394278063	363.0	0.93517886	0.661342665514
10317.000041289	644.75	5.6024024697	431.0	0.93909394	0.640161602555
10317.000030735	684.402985075	6.26140550438	480.0	0.96454974	0.702984440772
10317.000022541	658.517857143	5.19483825428	402.0	0.9035149	0.600486326949
10317.000034132	335.428571429	3.43672838005	221.0	0.76835442	0.441290623996
10317.000026633	633.887323944	5.8627386657	441.0	0.95491434	0.667385585033
10317.000028715	371.375	4.80335484375	249.0	0.91225124	0.603436391693
10317.000026126	451.166666667	4.44970767334	284.0	0.89274124	0.545993342872
10317.000033665	613.105263158	4.85767833076	367.0	0.8944419	0.570174381463
10317.000028755	717.140625	6.14885928443	471.0	0.96174478	0.692471607234
10317.000016485	456.264150943	4.51838673228	317.0	0.85438506	0.543837548743
10317.000001001	502.75	4.54393295619	309.0	0.86931736	0.549350573274
10317.000002334	588.378787879	5.90445816684	428.0	0.9575867	0.675453922782
10317.000006797	407.25	4.76832336093	297.0	0.89599752	0.580489178812
10317.000013156	845.949152542	6.56119219052	495.0	0.97613746	0.732988883657
10317.000001529	606.0	6.17094370342	451.0	0.9686823	0.699892839445
10317.000002418b	786.720430108	6.46914631067	553.0	0.97166678	0.710026339725
10317.000005849	410.666666667	4.21994980674	275.0	0.82991928	0.520770075865
10317.000011341	536.725806452	5.71645055979	393.0	0.95701038	0.663285549049
10317.000013355	807.929577465	6.2954091693	522.0	0.96535744	0.697327727126
10317.000006794	563.754098361	5.36534586766	383.0	0.92691122	0.62524419706
10317.000028723	622.621621622	5.58465528618	442.0	0.94147622	0.635493537671
10317.000002774	446.865384615	4.58590147393	323.0	0.8508255	0.550172370913
10317.000001531	527.0	6.25213818974	406.0	0.96785338	0.721511346992
10317.000018027	687.1875	6.41536060011	468.0	0.9751793	0.723235267423
10317.000001948	378.222222222	5.05717090794	292.0	0.9283965	0.617494412924
10317.000001032	453.0	5.57932021534	342.0	0.95541214	0.662796147292
10317.000016697	873.513157895	7.05966012046	582.0	0.98489104	0.768617956902
10317.000011162	522.291666667	4.13274284409	391.0	0.74651992	0.479936237715
10317.000005999	420.95890411	4.96659894919	349.0	0.913173	0.587966143601
10317.000001362	587.568181818	6.56916749758	477.0	0.97682912	0.73828743487
10317.000010947	482.782608696	5.73069294807	317.0	0.96261516	0.689751938057
10317.000002851	507.732142857	5.38863935613	358.0	0.93296558	0.635166945818
10317.000035452	602.017857143	6.51764257378	413.0	0.9749505	0.750016581732
10317.000005928	715.233333333	6.1991676777	522.0	0.95181738	0.686667282541
10317.000027807	853.681818182	6.40204695544	518.0	0.97164616	0.710012540045
10317.000031313	899.0	6.46942566313	560.0	0.96860136	0.708645536689
10317.000014458	496.960784314	5.43891008231	330.0	0.94513522	0.650095698329
10317.000016759	650.318181818	6.11495969263	460.0	0.96018686	0.69130818727
10317.000014308	703.283018868	6.0904558207	448.0	0.9572266	0.691519289798
10317.000010546	413.117647059	4.57580634217	304.0	0.88527772	0.55478256019
10317.000015305	744.232876712	6.70092243894	526.0	0.97562266	0.741341132372
10317.000014295	502.92	5.07643222242	330.0	0.9177423	0.606769867622
10317.000011055	667.723684211	6.20346091219	494.0	0.95451734	0.693250595516
10317.000002818	442.35	3.77514460904	335.0	0.69228388	0.450063999706
10317.000009667	505.015873016	4.74221326166	337.0	0.9082805	0.564777476759
10317.000012254	545.615384615	5.26877569528	385.0	0.9199711	0.613453341837
10317.000026037	614.040540541	6.26566529424	471.0	0.9649469	0.705626054523
10317.000007037	400.553571429	5.74181470603	351.0	0.92798562	0.679076581713
10317.000015594	761.8	6.61047838781	508.0	0.9786418	0.73542221339
10317.000004286	598.037735849	5.48917436923	390.0	0.94240112	0.637732510447
10317.000001351	550.0	5.01794328699	352.0	0.90566236	0.593177356731
10317.000010115	522.344827586	5.50911356492	371.0	0.93399854	0.645452351779
10317.000010981	558.411764706	6.0414658695	394.0	0.96345434	0.700699322621
10317.000013028	431.1875	5.97234171395	370.0	0.95880542	0.700043919216
10317.000017095	700.158730159	6.47560029407	464.0	0.97658682	0.731046984367
10317.000011048	692.481481481	6.35965786809	498.0	0.96996206	0.709783091154
10317.000002079	446.873015873	5.24420905538	341.0	0.94412884	0.623299378059
10317.000014937	617.777777778	6.30846214652	435.0	0.96880722	0.719743818402
10317.000013653	449.5625	4.98768003958	313.0	0.91129066	0.601648817894
10317.000021178	662.49122807	5.78046123044	428.0	0.94726234	0.661269011189
10317.000006741	552.213333333	5.85758987452	428.0	0.95301654	0.670092317872
10317.000014548	666.6	6.02392350512	430.0	0.96293198	0.688590616221
10317.000013215	694.904761905	6.12794312336	456.0	0.96215692	0.693764228189
10317.000010867	550.051724138	5.75745322709	375.0	0.96155638	0.673327531688
10317.000026613	546.015384615	5.86850641752	413.0	0.95752838	0.675317351836
10317.000006909	596.0	6.1937929725	453.0	0.96509276	0.701976105492
10317.000011163	509.807692308	5.20667491144	341.0	0.911076	0.618838265177
10317.000012276	612.514285714	6.0359807719	455.0	0.9533653	0.683597996561
10317.000015003	582.017241379	5.50415716609	397.0	0.9187168	0.637572133471
10317.000001613	612.835820896	5.88851467587	437.0	0.95373738	0.671324373853
10317.000006029	558.217391304	5.84664577568	409.0	0.95714558	0.673890586765
10317.000005024	602.013888889	6.21233497364	461.0	0.95792872	0.70206799583
10317.000026632	794.95	6.22091884381	423.0	0.97092322	0.713039024126
10317.000033799	525.617647059	5.15340283668	279.0	0.95188012	0.634333565302
10317.000029152	611.630434783	4.1785331871	342.0	0.76649458	0.496389450838
10317.000022999	581.559322034	5.40288160423	374.0	0.9368208	0.632145585696
10317.000037575	782.0	6.81031954538	537.0	0.97937364	0.750963287074
10317.000027681	661.5	6.44696889172	429.0	0.97314228	0.737231720067
10317.000021296	842.289473684	6.44798830083	548.0	0.97173562	0.70872340766
10317.000028712	651.611111111	5.63225320178	419.0	0.94616908	0.646582293459
10317.000027363	789.203125	5.86203991195	472.0	0.9530749	0.659943203771
10317.000033801	592.692307692	5.59340216207	397.0	0.93975102	0.647909796582
10317.000011225	624.666666667	5.9700062568	438.0	0.95976986	0.680359103446
10317.000011409	517.0	5.28987648406	347.0	0.93582888	0.626852347643
10317.000009475	408.935483871	4.93135349236	314.0	0.9053951	0.594524287686
10317.000012928	509.1	5.68401957142	365.0	0.95160156	0.667784862017
10317.000028841	725.5	6.00888395937	445.0	0.96589886	0.683009222589
10317.000014534	522.962264151	5.59660421875	372.0	0.9493977	0.655404629724
10317.000016715	613.75862069	6.55752737141	473.0	0.977923	0.737986883176
10317.000008954A	584.8125	5.80808044867	385.0	0.94551072	0.676245596123
10317.000015912	544.512195122	5.24846382466	340.0	0.93022742	0.624119376126
10317.000016725	636.764705882	6.4005455639	428.0	0.97842628	0.732204969013
10317.000018358	493.269230769	4.75492500101	327.0	0.87718254	0.569237570025
10317.000010102	505.142857143	5.55262842003	360.0	0.9528811	0.653877116931
10317.000008949B	517.047619048	5.96863329507	396.0	0.95840546	0.69166608333
10317.000010869	642.904761905	6.16365888138	441.0	0.95924822	0.701640875203
10317.000014571	633.28	6.44546926396	470.0	0.97406152	0.726125945882
10317.000010827	530.568965517	5.94424154765	386.0	0.9634455	0.691797645525
10317.000014162	622.380952381	5.88712021383	428.0	0.95815398	0.67347050821
10317.000016736	631.276315789	5.75520473544	466.0	0.9522155	0.649264877961
10317.000001929	549.721311475	5.76924337529	397.0	0.95390388	0.668278302436
10317.000003196	652.043478261	6.14068535407	470.0	0.96062596	0.691789965707
10317.000028833	337.096774194	4.09090641066	205.0	0.89022624	0.532706167299
10317.000004291	934.780821918	6.29573194571	532.0	0.97141496	0.695255171836
10317.000035347	1045.15384615	6.30586914628	543.0	0.9716044	0.69411140853
10317.000031035	684.0	4.93929985141	350.0	0.8877026	0.584448759598
10317.000016765	717.551724138	6.13560125807	449.0	0.96379344	0.696390825979
10317.000004918	628.329411765	6.26560361523	473.0	0.97079582	0.705133661108
10317.000001347	625.131147541	5.91751672266	437.0	0.95240664	0.67463077317
10317.000005938	480.264705882	5.69312002199	406.0	0.94127504	0.656999345023
10317.000003982	510.803571429	5.13369299357	379.0	0.88642844	0.599306631816
10317.000001934	529.6	5.45885143151	392.0	0.91933136	0.633666313816
10317.000015355	641.818181818	5.98781652867	422.0	0.95581104	0.686589660215
10317.000002418a	732.649350649	6.40419279634	497.0	0.97708216	0.714984909921
10317.000026083	613.576923077	5.68086140771	438.0	0.93343078	0.647407323861
10317.000009476	368.264150943	4.68872748712	291.0	0.88572676	0.572852644749
10317.000003729	636.078947368	5.74960376823	477.0	0.94227388	0.64617932472
10317.000017219	757.0	6.42319201472	484.0	0.97371268	0.720180570532
10317.000004283	296.0	3.13326416865	142.0	0.74960868	0.438234264272
10317.000003473	689.551724138	6.56289923158	502.0	0.969	0.731523978244
10317.000007068	331.263157895	4.93333187542	246.0	0.93121102	0.621129728137
10317.000011342	597.015384615	6.01463742971	443.0	0.94918318	0.684168579966
10317.000026056	454.058823529	4.76170034651	321.0	0.908357	0.571877820364
10317.000012209	682.058823529	5.75828264322	407.0	0.9476854	0.664247207532
10317.000016355	848.5	6.45979270378	500.0	0.97562934	0.720493879697
10317.000015185	525.684210526	5.21214015992	367.0	0.91045682	0.611779658806
10317.000003028	421.940298507	5.27339807201	351.0	0.913421	0.623677586285
10317.000012985	729.32	6.18204472411	462.0	0.95996112	0.698398101345
10317.000016755	687.896103896	6.0698484186	481.0	0.9433023	0.681248176778
10317.000014327	515.875	5.60116214161	373.0	0.95571182	0.655641025278
10317.000013249	422.608695652	5.25798195721	297.0	0.94461216	0.640099548104
10317.000008950A	414.405405405	3.7593438771	264.0	0.78720636	0.467324676205
10317.000016716	592.666666667	6.13932377224	402.0	0.96906368	0.70966213027
10317.000022662	561.4	5.93046568072	406.0	0.9596707	0.684389588286
10317.000022443	668.245901639	5.21714219477	410.0	0.93206786	0.60108925131
10317.000017074	473.185185185	5.46279305209	356.0	0.94538394	0.644521574042
10317.000002511	500.178571429	4.97078482496	364.0	0.89239816	0.58426243641
10317.000013821	464.2	5.06207173306	306.0	0.92982864	0.613035481619
10317.000004819	370.0	4.98550988699	273.0	0.92154992	0.616045903784
10317.000017075	620.518518519	4.96513838022	382.0	0.8981535	0.578860924382
10317.000010834	563.084745763	5.69550541302	391.0	0.9422352	0.661420161605
10317.000014303	532.20754717	6.03643023831	374.0	0.96773538	0.706271765334
10317.000015265	599.678571429	5.63916830911	381.0	0.95642672	0.657732722818
10317.000003193	434.375	4.86021501699	293.0	0.91853956	0.593088373863
10317.000013619	713.896103896	6.70271074204	507.0	0.9788046	0.745919056782
10317.000005015	528.0	5.93242737079	393.0	0.96646106	0.688345557208
10317.000022925	344.340909091	5.30048027847	267.0	0.94758838	0.657571048876
10317.000003439	549.288135593	5.34699550689	382.0	0.94120142	0.623379757978
10317.000016735	624.723684211	6.09570326476	451.0	0.96508954	0.691359259042
10317.000011168	524.529411765	5.94236945327	375.0	0.96162038	0.694953271617
10317.000004972	579.381818182	6.33889383033	410.0	0.97291786	0.730331051821
10317.000009382	558.428571429	5.93262841575	395.0	0.96625002	0.687784450378
10317.000027308	498.1	5.52052867244	367.0	0.9176331	0.647977038996
10317.000003895	593.6875	5.95990500695	412.0	0.96323762	0.686111166205
10317.000001322	404.333333333	5.02296954329	316.0	0.93327686	0.604901513614
10317.000026106	490.375	5.59932286709	381.0	0.93505058	0.653085290851
10317.000008957B	581.982758621	6.36799262312	419.0	0.97117462	0.73104513016
10317.000001047	396.731707317	4.89221844561	276.0	0.9104971	0.603342626847
10317.000017071	476.75	4.56925989917	309.0	0.848749	0.552412539807
10317.000015262	560.818181818	5.45140315646	371.0	0.94933306	0.638690952068
10317.000003981	528.344827586	5.44127436348	377.0	0.94560446	0.635780191904
10317.000014334	700.888888889	6.43613220636	502.0	0.97151856	0.717394076911
10317.000011378	582.208333333	5.73374526094	427.0	0.95483198	0.656178155435
10317.000016718	626.734693878	5.93105829659	380.0	0.96681728	0.692083807203
10317.000016714	611.0	6.59551125859	456.0	0.97874796	0.746699126561
10317.000007748	489.019230769	5.31849345759	354.0	0.9253102	0.628098867636
10317.000007073	674.342105263	5.78633846881	460.0	0.95609128	0.654156913352
10317.000001247	834.014925373	6.76242031502	528.0	0.98066838	0.747691910124
10317.000002036	382.0625	4.983442458	291.0	0.92698888	0.608859909188
10317.000012112	524.818181818	5.79576591881	370.0	0.96075348	0.679346709045
10317.000002437	385.071428571	4.88433168198	296.0	0.91647966	0.594964300842
10317.000003731	605.347826087	5.51555895353	421.0	0.94554882	0.632686817664
10317.000013171	567.25	5.51060655724	381.0	0.9387704	0.642737733047
10317.000001487	480.833333333	5.75449758683	369.0	0.95984422	0.674818305899
10317.000014306	515.344827586	5.32245245467	364.0	0.9347302	0.625597194074
10317.000002064	630.131147541	6.24420973759	442.0	0.96825794	0.710546082571
10317.000002336	532.529411765	5.35732788645	363.0	0.90780074	0.629990318653
10317.000006074	455.615384615	5.69335107325	353.0	0.96208972	0.672692701309
10317.000012061	470.166666667	4.63726265388	322.0	0.89274158	0.556632927891
10317.000016756	665.767857143	6.02235083712	430.0	0.96262576	0.688410845607
10317.000011018	672.846153846	6.20618001666	493.0	0.96062682	0.693781116978
10317.000015261	633.718309859	5.78110969	429.0	0.95815264	0.661088569255
10317.000013458	609.28125	6.32096480175	437.0	0.9687379	0.720626163176
10317.000041935	504.139534884	4.29872941898	321.0	0.81750956	0.516275244465
10317.000033721	636.119402985	6.28676990743	451.0	0.97191262	0.713029554784
10317.000031491	483.923076923	6.42113464854	390.0	0.97769072	0.746007695125
10317.000017671	412.411764706	5.19269997306	297.0	0.93950418	0.632152208442
10317.000036943	502.887323944	5.98621867194	404.0	0.96172088	0.691392059881
10317.000036102	667.5	6.24884724255	423.0	0.96963728	0.716240165096
10317.000028894	546.28125	5.2861060962	374.0	0.93877974	0.618482668881
10317.000040358	519.220338983	5.61726693894	359.0	0.94895904	0.661801697082
10317.000031506	661.873015873	6.14247986267	465.0	0.95862012	0.693197113157
10317.000016446	670.12345679	5.88804067605	480.0	0.94358608	0.6610657909
10317.000028793	627.630434783	5.43733155947	358.0	0.95032654	0.64090636834
10317.000042026	747.53125	6.44998686236	493.0	0.97139824	0.721035979918
10317.000037582	506.459016393	5.7660525571	369.0	0.95696668	0.676173333918
10317.000029202	475.813953488	4.62508111799	318.0	0.86584176	0.556375103904
10317.000022618	807.5	6.35089871329	509.0	0.96710542	0.706320778842
10317.000021229	626.5	3.34933769177	274.0	0.70080662	0.41359896546
10317.000034121	370.263157895	4.51455674997	240.0	0.9124713	0.570964868602
10317.000036071	477.75	4.97604416322	329.0	0.91246794	0.595082231819
10317.000036166	568.625	5.75468406737	377.0	0.95956108	0.672400231324
10317.000031593	620.263157895	4.85609260724	334.0	0.88308126	0.579229948699
10317.000034194	939.708333333	6.0108599322	548.0	0.94669308	0.660676932923
10317.000036131	735.0	5.96188878071	450.0	0.9591616	0.676428045054
10317.000002347	454.857142857	5.03143373164	328.0	0.92417844	0.602022425808
10317.000016767	634.016129032	6.19535977041	444.0	0.96557654	0.704465181606
10317.000036109	418.027027027	4.10132149943	256.0	0.81214292	0.512665187429
10317.000004973	650.559322034	6.3217298216	443.0	0.9676247	0.719100521938
10317.000031379	727.857142857	5.9525364891	472.0	0.95324686	0.670131227386
10317.000004737	545.344827586	5.74776136563	403.0	0.92852978	0.664125140177
10317.000006666	576.283018868	4.82221576595	354.0	0.90900364	0.569489891496
10317.000003969	299.678571429	4.99920605237	259.0	0.93313192	0.623590570334
10317.000001749	570.176470588	6.30444125451	470.0	0.96545952	0.710238181537
10317.000009507	593.481481481	6.3663639541	461.0	0.97445792	0.719475108948
10317.000040348	792.813333333	5.96448860379	503.0	0.95515748	0.664610325733
10317.000026595	908.071428571	6.11571414883	439.0	0.96318912	0.696703168426
10317.000012335	613.654545455	5.47369648202	391.0	0.93474656	0.635661446908
10317.000022554	623.5	6.32725421613	445.0	0.97306892	0.719197277315
10317.000003718	682.235955056	6.41638997459	517.0	0.9680889	0.711823319652
10317.000006113	503.096774194	5.21972263038	372.0	0.91410544	0.611268948833
10317.000006662	633.62	6.22926976249	419.0	0.96982806	0.715119754974
10317.000013756	790.25	6.65535469694	539.0	0.97281498	0.733441805405
10317.000001216	595.135135135	6.22253453184	456.0	0.96900428	0.704473226981
10317.000016722	537.516666667	6.16450503223	389.0	0.9725327	0.716500785256
10317.000016358	381.357142857	4.92003985026	313.0	0.9173962	0.593489585621
10317.000035392	857.216666667	5.98319953924	463.0	0.96544222	0.675696044286
10317.000043118	721.679012346	6.58760644674	525.0	0.97356076	0.729026104322
10317.000006685	475.571428571	4.96597476669	294.0	0.92607386	0.605630878631
10317.000005992	424.765957447	4.33764335722	313.0	0.82897012	0.523236851123
10317.000012947	688.47761194	5.98490070285	456.0	0.96125434	0.677569933878
10317.000012122	631.5	5.66016780172	399.0	0.94889438	0.655093442778
10317.000004758	582.47826087	5.67285020159	405.0	0.95041982	0.654929061626
10317.000042014	725.065420561	6.66925229556	566.0	0.97648096	0.729305800005
10317.000027267	774.181818182	6.39475806126	505.0	0.96909516	0.712100074389
10317.000006625	475.571428571	4.967353649	314.0	0.91542102	0.598864468839
10317.000008951B	342.176470588	4.15193949745	227.0	0.8735541	0.530494317411
10317.000006778	776.0	6.52423549246	531.0	0.97625528	0.720705489961
10317.000012971	721.265060241	6.3973137149	525.0	0.96912104	0.707967109664
10317.000017652	861.261363636	6.91723582113	590.0	0.9798883	0.751500065862
10317.000015254	706.333333333	6.26303547731	490.0	0.96594188	0.700826812058
10317.000001438	568.517241379	5.93614714019	391.0	0.9659678	0.689365932618
10317.000006803	504.444444444	5.80102791129	393.0	0.95626032	0.673099144819
10317.000013299	646.0	5.83709982018	459.0	0.95300214	0.660129896858
10317.000036039	466.341463415	5.25791782902	312.0	0.93263666	0.63460019081
10317.000011026	748.095238095	5.81691060182	454.0	0.94519624	0.659024375179
10317.000012993	609.0	5.92936918411	438.0	0.96152816	0.675727985629
10317.000009419	591.661764706	6.09379936287	436.0	0.95969706	0.694989878994
10317.000010693	746.0625	6.33803667017	531.0	0.96910264	0.700136871063
10317.000008951A	287.0	3.92274780364	210.0	0.855434	0.50850699458
10317.000001669	490.468085106	5.07145581754	336.0	0.92278036	0.604297426093
10317.000036068	537.482758621	5.7847558139	406.0	0.94996792	0.667574329395
10317.000042981	714.4	6.16508051613	461.0	0.96609162	0.696727678152
10317.000028776	938.264705882	6.71913260813	584.0	0.97328368	0.731149171029
10317.000004011	325.4	4.77371058482	267.0	0.91609518	0.592220650087
10317.000004285	618.1875	6.18322456057	469.0	0.96432826	0.696823519951
10317.000026116	579.058823529	4.97638919754	357.0	0.9002509	0.586853555468
10317.000022498	633.3125	6.38958910847	454.0	0.9706484	0.723905739335
10317.000023929	759.666666667	5.34349660664	476.0	0.87107034	0.600742673861
10317.000009558	564.438596491	5.50671397169	401.0	0.93859856	0.636801439234
10317.000002051	647.153846154	5.79976242561	439.0	0.93269694	0.660709895804
10317.000016726	798.045454545	6.80929173865	526.0	0.98006918	0.753330320442
10317.000005927	605.666666667	5.86722132808	496.0	0.93225582	0.655248234984
10317.000013539	679.898305085	6.12936205981	467.0	0.96080432	0.691233718904
10317.000004289	560.554216867	6.12736862834	445.0	0.95678648	0.696476968377
10317.000011073	553.915254237	5.50174589645	389.0	0.94503924	0.639468251623
10317.000001111	459.381818182	4.92481424965	336.0	0.8894091	0.586824115623
10317.000013053	383.923076923	4.22325258	290.0	0.85792244	0.516295784406
10317.000010225	715.109589041	6.88576262563	516.0	0.98287968	0.764131502897
10317.000003226	656.178571429	6.40434790774	499.0	0.9699093	0.714540021877
10317.000013167	586.14084507	6.0539613265	435.0	0.96305956	0.690707361063
10317.000010879	562.12244898	5.11662179396	372.0	0.91759986	0.599195062083
10317.000013055	641.113207547	5.37383282875	413.0	0.92319792	0.618392874938
10317.000006665	555.842696629	6.93517888518	486.0	0.98469574	0.777067180109
10317.000002638	456.549295775	5.68672628958	369.0	0.95511088	0.666870902794
10317.000002443	609.571428571	6.69978208178	520.0	0.97683622	0.742574701079
10317.000017349	817.308823529	7.0255295878	542.0	0.982528	0.773553655177
10317.000005814	500.763157895	6.21252133651	413.0	0.9704444	0.714904808602
10317.000020071	581.753424658	5.84484794635	414.0	0.96192314	0.67232492266
10317.000004026	499.683544304	6.07754432839	421.0	0.9542906	0.697151859446
10317.000013134	541.086956522	6.26681262957	410.0	0.97565274	0.722026268592
10317.000004822	441.347826087	6.13376907354	378.0	0.96610316	0.716374142384
10317.000009101	591.444444444	6.62613916247	450.0	0.97943196	0.751793018083
10317.000013159	648.04	6.25083642833	472.0	0.96654796	0.703713567414
10317.000016772	556.797468354	6.28217269885	444.0	0.97077858	0.714336551093
10317.000006635	528.942857143	5.39012756677	420.0	0.9136798	0.618542082139
10317.000001734	579.043478261	6.28684581064	436.0	0.96861996	0.717006574882
10317.000001286	539.046153846	5.62088655732	404.0	0.93480884	0.64919718911
10317.000014397	824.720588235	6.37292853677	502.0	0.97386422	0.710349172185
10317.000016731	672.904761905	6.32075731693	471.0	0.96270048	0.711830402311
10317.000016458	958.833333333	6.63556714493	599.0	0.96996066	0.719192575216
10317.000009174	499.285714286	6.26528858059	420.0	0.96696736	0.718970858451
10317.000013222	588.882352941	5.35471790579	387.0	0.92471806	0.622917601599
10317.000004847	394.818181818	5.50736216007	322.0	0.93844836	0.661075154229
10317.000002261	637.012658228	6.20077612476	482.0	0.96185584	0.695708865087
10317.000016729	785.685714286	6.64706706112	521.0	0.97753602	0.736505736587
10317.000001652	452.915254237	6.26822522786	374.0	0.97362176	0.73339214112
10317.000017083	500.016393443	5.70473271073	375.0	0.95754628	0.667161927948
10317.000002606	474.0	5.65527171363	396.0	0.93086498	0.655352648247
10317.000011357	651.438356164	6.13546625306	475.0	0.96436866	0.690015238544
10317.000004813	623.508474576	6.33671721003	449.0	0.96714044	0.719217489253
10317.000013453	494.166666667	5.45581021269	365.0	0.93111292	0.640973772925
10317.000016768	716.739130435	6.45521856986	491.0	0.97211422	0.722094230065
10317.000013174	432.902439024	4.04300192893	284.0	0.80702614	0.496089249108
10317.000016166	610.018867925	5.43108810391	376.0	0.9325715	0.634874240958
10317.000011358	686.517241379	6.92241546638	531.0	0.98229926	0.764690795753
10317.000001436	676.524590164	6.13411771317	468.0	0.9624014	0.691529368531
10317.000009385	691.666666667	6.51591645079	477.0	0.97454182	0.732302722385
10317.000006053	539.916666667	5.47997789847	398.0	0.92745872	0.634504582431
10317.000002185	439.386363636	5.33621987662	320.0	0.9326779	0.641223982685
10317.000016488	363.6	4.17208889287	244.0	0.8321109	0.526065700488
10317.000001516	435.263157895	5.01435996295	332.0	0.88685736	0.598726728877
10317.000011352	627.866666667	6.42959460995	507.0	0.96631076	0.715525006451
10317.000004009	456.353846154	5.5464864767	359.0	0.947967	0.653462654173
10317.000013801	526.166666667	5.70717296633	378.0	0.95219458	0.666551200441
10317.000003996	760.917647059	6.63214538116	565.0	0.96507782	0.725450417457
10317.000017339	649.555555556	5.93219579775	414.0	0.94887804	0.682372427399
10317.000010183	747.172413793	6.88979174401	562.0	0.97901108	0.754266497148
10317.000012318	494.154929577	5.1449612561	385.0	0.88606724	0.599037396677
10317.000007666	673.033898305	6.31418110391	452.0	0.96823672	0.715879023636
10317.000002349	442.436619718	5.68681915579	367.0	0.95117876	0.667495534671
10317.000015908	470.914893617	5.49517677834	319.0	0.94948108	0.660683440093
10317.000001423	402.55	4.79154978998	315.0	0.89356702	0.577350245875
10317.000005845	536.046875	6.1159026265	413.0	0.96447176	0.703786427409
10317.000009118	507.328947368	5.83146503216	397.0	0.9600385	0.675485726448
10317.000005576	580.411764706	6.12892991707	429.0	0.96814236	0.700862935873
10317.000002801	584.014925373	6.56063186574	447.0	0.97325306	0.745176537009
10317.000013265	813.373333333	6.36024267091	540.0	0.96471554	0.700712998177
10317.000010833	436.56	4.90892525196	321.0	0.9101773	0.589559457574
10317.000013238	401.88372093	4.91034007066	265.0	0.94119122	0.609991609221
10317.000012983	671.05	5.83214287195	451.0	0.92426976	0.661466905367
10317.000004915	491.109589041	6.02362385125	390.0	0.96544168	0.699824873879
10317.000001099	825.175	7.30591060536	656.0	0.9862642	0.780750200667
10317.000015856	844.526315789	6.39678933564	539.0	0.9694991	0.704947058837
10317.000003061	543.217391304	5.95387386967	416.0	0.95524378	0.6843187313
10317.000028859	620.096385542	6.35279653631	480.0	0.97122484	0.713245151955
10317.000012903	772.217391304	6.54691627811	512.0	0.9750888	0.727435142013
10317.000004736	593.202702703	5.71546291839	456.0	0.90904246	0.647066012282
10317.000010962	590.217391304	6.15830120463	441.0	0.96395088	0.701030983404
10317.000002348	680.166666667	5.73250224036	483.0	0.92715058	0.642954216492
10317.000002444	489.25	5.74344226669	380.0	0.95151784	0.670191252827
10317.000015584	633.012987013	5.60944025645	453.0	0.93425844	0.635748247108
10317.000023375	647.014285714	4.96915505767	449.0	0.85523552	0.563999166419
10317.000015624	685.233333333	6.13847276379	518.0	0.95750206	0.680781111003
10317.000006671	642.341463415	6.57841992898	493.0	0.97541314	0.735393352114
10317.000009102	559.957446809	5.39411196695	376.0	0.92580272	0.630551866428
10317.000015214	864.363636364	6.36783376244	540.0	0.9716578	0.701549314773
10317.000002172	677.0	5.79287086293	428.0	0.94308248	0.662688639325
10317.000001189	478.016666667	5.67473821138	361.0	0.9487097	0.66794197799
10317.000007678	314.632653061	3.03585426548	258.0	0.70123278	0.378949962183
10317.000003358	549.545454545	5.8317961545	400.0	0.95490282	0.67467528687
10317.000009231	519.016666667	5.09016570283	402.0	0.90026224	0.588386925027
10317.000018318	511.692307692	6.29981794611	432.0	0.9671963	0.719577258366
10317.000013859	601.939759036	6.05393813119	460.0	0.95350402	0.684409580059
10317.000013757	537.101123596	6.52641933279	466.0	0.96960518	0.736268307804
10317.000012298	611.208333333	5.82678359185	456.0	0.94015406	0.65966898518
10317.000017171	758.68	6.16855477057	496.0	0.96391124	0.68890099756
10317.000014587	572.871794872	5.23054080146	334.0	0.9352305	0.623893760919
10317.000016764	625.438596491	6.19100022208	432.0	0.96816308	0.707147889742
10317.000016727	622.796875	6.02675925818	429.0	0.96516794	0.68917939096
10317.000002013	567.714285714	5.8269935464	457.0	0.93746686	0.65945680618
10317.000013454	586.220338983	6.34536363433	426.0	0.97494084	0.726453873136
10317.000016766	594.915254237	6.08200223891	430.0	0.96266492	0.695229556948
10317.000001234	583.220338983	4.66594919602	373.0	0.85091634	0.546170176372
10317.000026623	854.019417476	6.56283402595	618.0	0.96384628	0.707853119427
10317.000006761	644.537313433	6.85314533863	493.0	0.98098574	0.766104562723
10317.000009532	571.459016393	6.61730879859	434.0	0.9794824	0.755266804134
10317.000005846	486.052631579	6.21922822917	377.0	0.9723101	0.726679423405
10317.000004821	854.75	6.78081877864	591.0	0.97261004	0.736484004785
10317.000002712	567.014084507	5.63538244191	428.0	0.93625008	0.644672393166
10317.000013734	805.739130435	6.70746108735	540.0	0.97872542	0.738966327522
10317.000009659	662.056603774	5.8625236427	416.0	0.95569554	0.673819235881
10317.000017292	681.868421053	6.87547874248	506.0	0.98121564	0.7653883625
10317.000015862	607.692307692	5.95117164291	412.0	0.9639959	0.685105771224
10317.000002446	485.808823529	4.44700756823	370.0	0.83961816	0.52125292824
10317.000006678	505.01754386	5.79692125563	388.0	0.95313802	0.674067442543
10317.000014224	633.753424658	6.6569456252	466.0	0.98161764	0.750993437702
10317.000017218	657.513888889	6.51629848898	465.0	0.97745552	0.735383656442
10317.000009661	603.214285714	6.22265059497	452.0	0.96655028	0.705501625476
10317.000006729	545.166666667	5.79973259383	383.0	0.96244096	0.675864937366
10317.000013686	466.468085106	5.53729022992	327.0	0.9539115	0.662898706989
10317.000010845	687.492537313	6.50179307526	468.0	0.97692756	0.732979226987
10317.000017205	681.876712329	6.36751303981	492.0	0.96206742	0.712049506434
10317.000014551	520.211267606	5.876091388	389.0	0.96514664	0.682978450293
10317.000005238	542.621621622	5.66981226443	424.0	0.93718356	0.649617774812
10317.000022448	732.029850746	5.87960482025	478.0	0.95112378	0.660565419873
10317.000001004	341.833333333	5.28425404336	276.0	0.94504858	0.65169120122
10317.000014122	603.28358209	5.77584629595	432.0	0.95456546	0.659728214043
10317.000016728	789.240963855	6.76712520288	559.0	0.97598882	0.741464262705
10317.000010773	501.0	4.46923361137	370.0	0.8509026	0.523858138574
10317.000005553	469.442622951	6.30643255623	385.0	0.97003428	0.734269657779
10317.000014054	587.87628866	6.36320638886	489.0	0.97156812	0.712270732738
10317.000026081	562.788461538	5.3579868709	381.0	0.93992074	0.624936710566
10317.000016769	599.7	5.66061783221	388.0	0.94777782	0.658218046635
10317.000004738	652.0125	6.3785403554	489.0	0.96985256	0.713987152875
10317.000036427	663.670731707	6.34207823191	478.0	0.97089708	0.712523664125
10317.000043092	603.985074627	6.33707588319	446.0	0.96479598	0.720048626306
10317.000036069	381.90625	5.15950990895	265.0	0.94009658	0.640944966511
10317.000028711	601.365384615	5.70404193956	395.0	0.95074994	0.661283848475
10317.000027901	895.851851852	6.86541577705	593.0	0.97774334	0.745277792949
10317.000031057	635.549295775	5.6865725042	426.0	0.94652906	0.65103166006
10317.000021275	802.307692308	5.39023234642	446.0	0.92261852	0.612463771627
10317.000031439	678.381818182	5.73741766011	411.0	0.94613356	0.660764855352
10317.000036437	607.478723404	6.19988125158	487.0	0.96375302	0.69444841459
10317.000043117	664.08	5.97484185437	468.0	0.95884944	0.673573414764
10317.000040144	572.171428571	4.54190705064	306.0	0.84987226	0.550041627832
10317.000039994	520.220588235	5.69080154377	395.0	0.94180818	0.659748856274
10317.000036067	667.596774194	6.65469637817	465.0	0.97984992	0.751002269673
10317.000036877	749.632183908	6.56573536943	554.0	0.9711854	0.720421452549
10317.000038417	611.208333333	5.88119897884	456.0	0.94834472	0.665829526849
10317.000031891	513.181818182	6.16971324676	431.0	0.96296322	0.704985680824
10317.000028719	624.328947368	5.85384672704	424.0	0.95995102	0.67070349203
10317.000023341	605.296875	5.36783698971	399.0	0.93567832	0.621259817208
10317.000035492	641.087912088	6.33022199228	496.0	0.96145634	0.706955909034
10317.000027775	722.904761905	5.97641802124	484.0	0.95067602	0.670087416103
10317.000036094	410.75	4.15990894561	287.0	0.81379026	0.50948638888
10317.000039831	541.666666667	5.61879767663	427.0	0.93534858	0.643023386534
10317.000043164	599.972972973	5.32719027132	337.0	0.94153402	0.634445756367
10317.000036422	658.630769231	6.34143039051	453.0	0.9696057	0.718708653736
10317.000036939	549.904761905	5.54486010425	391.0	0.94721966	0.643925692326
10317.000036147	724.109090909	6.04575211044	466.0	0.9421738	0.682042548722
10317.000035412	723.30952381	6.05898267468	428.0	0.96225214	0.693131105352
10317.000031272	407.689655172	3.84577830408	223.0	0.81964382	0.492991623199
10317.000037565	567.014492754	5.7444641471	426.0	0.93765606	0.657659429662
10317.000014232	602.470588235	6.169879063	488.0	0.9635285	0.690858865264
10317.000009677	631.275862069	5.40219478013	398.0	0.94410548	0.625498388257
10317.000036045	719.56	6.28263827582	422.0	0.9705767	0.720395232284
10317.000018424	694.181818182	4.87535167188	398.0	0.88370838	0.564497345442
10317.000014978	618.28358209	6.33319157792	447.0	0.97093358	0.71934317682
10317.000017133	754.232142857	5.80198081114	447.0	0.95210412	0.659006640994
10317.000026136	555.012987013	5.98003340931	425.0	0.96271104	0.684894617647
10317.000013197	651.11627907	6.29352951635	488.0	0.97215318	0.704704357375
10317.000001936	532.372881356	4.83987796065	348.0	0.9146703	0.573245333577
10317.000009495	347.338709677	4.77645009612	287.0	0.91947246	0.584997494646
10317.000033748	580.096774194	5.12562188776	395.0	0.87059	0.594226165178
10317.000006717	533.08	6.03694761742	423.0	0.9604037	0.691952321821
10317.000022553	768.371134021	6.4798043708	557.0	0.9714802	0.710385414742
10317.000034127	523.083333333	5.57323146121	403.0	0.94168874	0.643959080756
10317.000005085	387.318181818	5.75014200993	337.0	0.96093204	0.684817513719
10317.000009648	613.341463415	6.09677290451	464.0	0.95784994	0.688280197018
10317.000013001	880.654545455	5.87342663362	474.0	0.94824554	0.66077132269
10317.000034147	870.536585366	5.60280286676	509.0	0.9430748	0.623120642164
10317.000028856	631.519230769	5.40078826069	393.0	0.94019384	0.626658932729
10317.000005163	393.222222222	4.45859402795	281.0	0.88476336	0.548114132752
10317.000009628	528.333333333	6.03162217098	425.0	0.96243696	0.690803090524
10317.000016762	576.080645161	5.75142012375	403.0	0.94547208	0.664547891419
10317.000014291	615.368421053	6.46186895927	478.0	0.96819892	0.72598198565
10317.000011191	559.491803279	6.0610777058	409.0	0.96779684	0.698606238227
10317.000013764	669.220779221	5.9031838899	460.0	0.95119636	0.66736651739
10317.000016333	725.5	6.11531633624	469.0	0.96658044	0.689170547388
10317.000034126	676.416666667	5.99848607191	437.0	0.95666476	0.683861742383
10317.000006036	525.411764706	6.46640872238	440.0	0.97382516	0.73637898154
10317.000013902	650.329411765	6.16755779672	495.0	0.95709194	0.689013699498
10317.000015295	528.222222222	4.80763049252	339.0	0.88766034	0.57198686228
10317.000006795	721.619047619	6.27075145876	519.0	0.96181082	0.695236807037
10317.000002141	468.130434783	5.08966981532	333.0	0.91186054	0.60740422408
10317.000006017	435.372093023	4.875515072	301.0	0.8887919	0.592147228485
10317.000014451	434.693548387	5.32668870117	338.0	0.93393308	0.634063224162
10317.000013984	556.514285714	6.07351048387	399.0	0.9701429	0.702932674791
10317.000015587	439.381818182	4.89441201196	316.0	0.89424156	0.589419706564
10317.000003508	594.238095238	6.13420260059	442.0	0.95832138	0.698028062912
10317.000036114	412.063829787	5.19066218965	313.0	0.93216074	0.626133943178
10317.000010712	558.643835616	6.36195733813	442.0	0.97309132	0.723944911216
10317.000013986	603.615384615	5.94610155141	420.0	0.95923692	0.682342669753
10317.000014259	707.114285714	5.7680021606	456.0	0.94690172	0.653014149543
10317.000006899	795.142857143	6.55856426913	517.0	0.97674796	0.727595892502
10317.000003879	384.516129032	5.42401377175	317.0	0.94620654	0.652839725495
10317.000003287	609.243589744	6.79939327552	495.0	0.98027506	0.759599710213
10317.000013952	569.015873016	5.99094891866	394.0	0.9636966	0.694840282117
10317.000010169	312.142857143	3.90483352971	235.0	0.8436859	0.495756380162
10317.000001805	529.095890411	6.21139542285	416.0	0.96919396	0.713917413841
10317.000005009	495.0	5.84432938646	376.0	0.95794798	0.683180628291
10317.000033803	712.885714286	5.53752280412	363.0	0.94315998	0.651180183453
10317.000014237	698.882352941	5.96662786049	440.0	0.9523467	0.679465146075
10317.000017185	779.117647059	6.41054779297	545.0	0.97130502	0.705222058541
10317.000035361	370.348837209	5.49412518506	295.0	0.95052656	0.669641970124
10317.000044399	521.8	5.45190312161	344.0	0.92906448	0.647013033689
10317.000005987	603.3	6.1962744961	422.0	0.97130286	0.710492377397
10317.000003922	694.684931507	6.11123577778	474.0	0.96798922	0.687525289758
10317.000015542	440.775	4.86970830371	299.0	0.91176552	0.59213367125
10317.000017114	315.394736842	5.03187859716	228.0	0.94656092	0.642403836651
10317.000014222	470.941176471	5.40111059953	301.0	0.9499276	0.655982521852
10317.000001882	644.615384615	6.40759824584	484.0	0.96327684	0.718432167348
10317.000012004	704.45	6.48878261713	527.0	0.9647009	0.717653973492
10317.000001732	537.178571429	6.35831298242	455.0	0.96676884	0.720103356944
10317.000001151	572.202702703	6.06477140405	435.0	0.9676403	0.691940702298
10317.000002262	546.193548387	6.38718146242	453.0	0.96634346	0.723893870521
10317.000027295	657.857142857	6.06987662008	480.0	0.962476	0.681480989906
10317.000029188	734.452054795	5.83383671105	478.0	0.94967272	0.655423436492
10317.000014392	544.92	5.48174611864	372.0	0.94735508	0.641953878585
10317.000002512	458.0	5.33520303199	347.0	0.93079916	0.632223560575
10317.000012242	605.041666667	6.14626945517	456.0	0.96373396	0.69583901139
10317.000031519	601.385964912	5.73778139572	392.0	0.95439626	0.666044649158
10317.000015329	623.545454545	6.29480118194	438.0	0.97015078	0.71737366835
10317.000014318	546.753424658	6.26425775072	421.0	0.97332828	0.718569656261
10317.000013609	495.305084746	4.68277941474	342.0	0.88408498	0.556291453962
10317.000014317	683.857142857	5.53890955552	396.0	0.93054276	0.641868194743
10317.000029154	527.220588235	5.8305686279	402.0	0.94914648	0.673972233208
10317.000009529	384.192307692	5.04276422856	289.0	0.93009538	0.616857501146
10317.000011955	565.666666667	5.52828145115	375.0	0.94643916	0.646526156125
10317.000003266	421.264150943	5.39882740709	344.0	0.92929048	0.640714191194
10317.000016405	644.786885246	6.3778168415	431.0	0.97627404	0.728764752646
10317.000010984	652.333333333	6.07841891733	427.0	0.96909934	0.695623110483
10317.000010843	561.015625	6.08904000898	430.0	0.96396802	0.696034039678
10317.000008955	351.960784314	5.79103233009	299.0	0.96681976	0.704162348149
10317.000027648	430.97826087	4.57389428802	310.0	0.8649792	0.552661374339
10317.000014357	532.508196721	5.43044274792	373.0	0.92802038	0.635657558367
10317.000017093	460.882352941	4.97962687283	339.0	0.90100406	0.592450096726
10317.000014379	645.837837838	5.92174844723	463.0	0.95052972	0.668756235657
10317.000005915	380.279069767	4.53366665278	272.0	0.86773894	0.56057959607
10317.000001363	441.344827586	5.11736412146	356.0	0.86858612	0.603766525121
10317.000013604	473.607142857	2.6190110196	210.0	0.55855646	0.339503197506
10317.000014095	525.25	5.43343549735	364.0	0.935145	0.638642060267
10317.000012275	543.039473684	5.80957218561	396.0	0.95938878	0.673233526135
10317.000011389	582.370786517	6.18046663161	450.0	0.96551234	0.701227599997
10317.000002205	375.046511628	3.88903836605	269.0	0.80100878	0.481825744997
10317.000011155	540.085714286	5.63131953432	407.0	0.93425538	0.649601366789
10317.000006929	491.022222222	5.28578906347	335.0	0.9349765	0.63015953397
10317.000013648	494.0	4.99592808152	322.0	0.9052262	0.599685263293
10317.000012155	765.034090909	6.9424398409	561.0	0.98318384	0.760244041364
10317.000006654	533.352941176	6.28695791979	398.0	0.97157406	0.727941550781
10317.000002071	575.803278689	5.50661237301	414.0	0.93225134	0.633418143943
10317.000004159	399.42	5.01408987106	312.0	0.89170092	0.605171570264
10317.000002568	332.139534884	4.8414799999	253.0	0.9061273	0.606474244856
10317.000008957A	618.4	6.46825009449	460.0	0.97322386	0.731248360152
10317.000002749	708.085365854	6.33694291073	496.0	0.96671496	0.70770649772
10317.000017661	576.529411765	6.21308466889	423.0	0.97199662	0.71214107439
10317.000002201	228.325	3.68049159877	187.0	0.81870114	0.487682929493
10317.000001939	498.255319149	4.96585653979	336.0	0.8824934	0.591714575322
10317.000009447	596.527777778	5.17966540212	349.0	0.92427356	0.613189815159
10317.000029245	706.166666667	6.22126351554	515.0	0.96940614	0.69060474102
10317.000014958	513.254237288	5.94355478065	384.0	0.95979358	0.692321577427
10317.000015364	730.862068966	5.91347996026	450.0	0.95722354	0.670935644074
10317.000016484	561.428571429	5.40089544267	375.0	0.94160636	0.631628508975
10317.000010908	631.454545455	6.03429602488	439.0	0.94815524	0.687428002264
10317.000001524	541.245901639	5.33913950793	408.0	0.92583274	0.615645485248
10317.000014949	452.107142857	5.28955152076	347.0	0.93369902	0.62681383937
10317.000015933	523.3	6.19174463364	409.0	0.96937996	0.713667046774
10317.000014012	644.225806452	5.74019471011	426.0	0.9544584	0.65717063986
10317.000004774	540.685185185	5.52247822189	383.0	0.93256876	0.643555429006
10317.000008954B	552.846153846	5.75085340708	401.0	0.94440324	0.665033946794
10317.000016703	674.815384615	6.28952936281	459.0	0.9707832	0.711296105508
10317.000003365	365.256410256	5.03458879243	278.0	0.91723718	0.62010411793
10317.000017216	689.578947368	6.89126240046	505.0	0.9838069	0.767389230521
10317.000004163	455.318181818	5.39735462979	356.0	0.94235776	0.63680089443
10317.000013697	613.448275862	5.41900897111	405.0	0.91894322	0.625623158426
10317.000017161	511.631578947	4.7094421163	331.0	0.89816756	0.562611155743
10317.000001072	499.762711864	5.11528151099	362.0	0.91611766	0.601808736175
10317.000011956	641.714285714	5.43557274597	411.0	0.94038822	0.626002088748
10317.000007641	484.833333333	6.02647556216	394.0	0.9638092	0.698960721688
10317.000017079	427.578947368	4.5694342318	264.0	0.91691872	0.568027145861
10317.000009193	417.622222222	4.96729929491	312.0	0.89312512	0.599524219066
10317.000012984	598.4	6.11034716735	443.0	0.96619908	0.695055619468
10317.000015581	560.0	5.1565966801	347.0	0.9319885	0.611058640879
10317.000014802	468.6	5.59640151107	365.0	0.95070138	0.65749108776
10317.000017353	705.108108108	6.59401311133	497.0	0.97655336	0.736177067173
10317.000001059	425.020408163	5.20488485353	324.0	0.93601616	0.624098137464
10317.000017088	602.333333333	5.64096424888	409.0	0.94887672	0.650183516061
10317.000004602	439.388888889	5.47968917927	318.0	0.9483117	0.65918036002
10317.000014399	492.418181818	5.48792103393	356.0	0.94595994	0.647486271085
10317.000005008	500.016393443	5.64416598912	375.0	0.93838344	0.660078719529
10317.000010104	608.970588235	6.38484113286	449.0	0.97144432	0.724679555148
10317.000010565	585.654545455	5.53984085895	377.0	0.93443642	0.647297094236
10317.000027194	470.133333333	4.98231864008	332.0	0.91877406	0.594900917294
10317.000015224	731.0625	6.69822977987	456.0	0.97712126	0.758328222035
10317.000013933	455.733333333	5.82144654283	339.0	0.95927174	0.692605421141
10317.000018033	612.181818182	5.42873926935	378.0	0.93654912	0.634032418189
10317.000006084	391.157894737	5.43787048906	281.0	0.95461056	0.668500798334
10317.000002059	618.043478261	6.22617371993	436.0	0.97023888	0.710087001973
10317.000003047	430.967213115	5.19320810532	338.0	0.92633518	0.618174340521
10317.000008982	434.275	5.55706798495	313.0	0.95097914	0.670332370476
10317.000010765	494.098360656	5.24924442023	365.0	0.89544094	0.616705469925
10317.000012072	551.294117647	5.17217228627	355.0	0.91584824	0.610525327681
10317.000017183	514.720588235	5.9133036167	420.0	0.94699478	0.678578954967
10317.000012228	602.017241379	6.2116181376	417.0	0.97069342	0.713658887094
10317.000011224	701.666666667	5.38592428114	420.0	0.89741564	0.618059735662
10317.000026111	374.133333333	4.46341955457	277.0	0.88820082	0.550106161032
10317.000006637	610.287671233	6.35401302981	477.0	0.96933308	0.714106921864
10317.000012113	388.11627907	4.29783633536	273.0	0.86413686	0.531071952429
10317.000013079	585.5	5.54604507186	384.0	0.94903046	0.646018555281
10317.000004162	458.047619048	5.84433088128	354.0	0.96394422	0.690198763596
10317.000012906	773.1	5.29518180613	414.0	0.94073086	0.609097572932
10317.000012976	671.12244898	6.08670776398	418.0	0.96679832	0.699030288248
10317.000009533	269.724137931	3.86479532418	198.0	0.81851518	0.50656896992
10317.000014309	461.775862069	5.70381789949	364.0	0.94158592	0.670422611348
10317.000002371	530.970588235	5.85664901993	417.0	0.94888018	0.672876137759
10317.000002329	580.012345679	5.96812695651	465.0	0.93270894	0.673520869373
10317.000010761	583.012987013	6.09464913228	453.0	0.9515053	0.69073959708
10317.000009129	505.808823529	6.02017999393	390.0	0.95913658	0.69942476639
10317.000014323	623.677966102	5.75891555274	424.0	0.9450454	0.659826768899
10317.000006894	689.254237288	5.90471376159	440.0	0.95275312	0.672414518278
10317.000014241	351.725490196	4.8898399849	285.0	0.91363022	0.599625880003
10317.000001685	491.75	5.03547998641	325.0	0.9229037	0.603463736423
10317.000011302	591.92	5.28605839497	386.0	0.91310834	0.615197535704
10317.000012231	397.56097561	5.28519239795	284.0	0.94564824	0.648509986929
10317.000001579	589.633802817	5.81687951499	428.0	0.95437416	0.66543516369
10317.000017662	649.578947368	6.13047421623	465.0	0.96391038	0.691842240266
10317.000003432	419.5	4.76540635579	277.0	0.87365728	0.587325337466
10317.000011116	712.619047619	6.51051191366	510.0	0.97592944	0.72384434961
10317.000006841	622.701754386	6.26256364172	437.0	0.96593044	0.713968096695
10317.000013563	571.0	5.37814685866	436.0	0.87343256	0.613370643163
10317.000017217	740.681818182	6.80599521979	510.0	0.981647	0.756696439335
10317.000006728	336.0	4.44192086226	255.0	0.87390046	0.55563228438
10317.000013286	506.355932203	5.43337940311	375.0	0.93479694	0.635427470779
10317.000022964	655.610169492	5.54183536593	415.0	0.94602262	0.637214678475
10317.000002466	557.220588235	5.51170353852	410.0	0.9211251	0.635026922734
10317.000017644	591.0	5.83799667679	417.0	0.9556912	0.670733151801
10317.000017173	485.567164179	5.58624356573	379.0	0.94302038	0.652137324939
10317.000013332	724.505617978	6.95961302626	565.0	0.9777378	0.761270129812
10317.000002173	326.695652174	4.76798578799	258.0	0.91028874	0.595162967666
10317.000011329	512.0	5.81980540473	389.0	0.9562847	0.676436327122
10317.000007039	445.391891892	6.17550798303	396.0	0.96316968	0.715639445084
10317.000002886	533.0	5.90825633779	419.0	0.96080834	0.678267435141
10317.000009126	502.382978723	5.25228758949	353.0	0.91452256	0.620579247822
10317.000022636	460.352941176	5.01453195663	325.0	0.91228934	0.600953275383
10317.000014233	611.949152542	6.53884644084	435.0	0.9775503	0.746028777849
10317.000023088	645.25	5.98271000377	444.0	0.96106806	0.680285091664
10317.000004974	619.671875	6.22098817816	452.0	0.96532546	0.705313146668
10317.000002414	242.291666667	3.82813639134	171.0	0.85122902	0.516070706941
10317.000006027	566.018518519	5.76278926852	401.0	0.95391482	0.666414220725
10317.000017098	548.342465753	6.29993128158	437.0	0.97258504	0.718228221499
10317.000014559	458.717391304	5.28662959796	326.0	0.93685118	0.633225744124
10317.000016313	519.23255814	5.69241822313	339.0	0.9500659	0.677254302987
10317.000022899	524.379746835	6.02987930661	434.0	0.9575336	0.688220515596
10317.000003837	613.161290323	5.51333748201	408.0	0.9418409	0.635731904814
10317.000010285	451.025641026	4.85302571449	280.0	0.93508592	0.596980779778
10317.000005848	454.245283019	4.68497394421	324.0	0.86808758	0.561757578684
10317.000005907	458.779411765	5.68011890251	369.0	0.94659534	0.66609606786
10317.000014132	808.246575342	6.17137527441	519.0	0.95142996	0.684218991779
10317.000003382	706.815384615	6.26456732666	491.0	0.96307128	0.700767583852
10317.000003221	312.818181818	4.41190473437	241.0	0.85883894	0.557559261466
10317.000014607	423.5	3.92643029349	287.0	0.7857534	0.480891004485
10317.000017125	814.441860465	6.86986473235	599.0	0.97545476	0.744586800243
10317.000013826	660.6	5.146490536	424.0	0.89556034	0.589658276882
10317.000004872	416.571428571	5.41485663527	303.0	0.94238056	0.656889766748
10317.000014293	624.234042553	5.5673337491	367.0	0.9547912	0.653470827142
10317.000016721	586.084507042	6.66990073286	437.0	0.98171246	0.760406856333
10317.000016763	600.881355932	6.26558625685	419.0	0.96966882	0.719288886114
10317.000012173	436.625	5.26500353488	284.0	0.94670164	0.646032748952
10317.000012951	599.226415094	5.83933769452	413.0	0.94648084	0.671960766128
10317.000004705	613.098591549	5.41894665506	445.0	0.88291652	0.615953073341
10317.000007651	363.056603774	4.14701883034	262.0	0.86880834	0.516220648353
10317.000001827	512.161290323	5.23779412184	379.0	0.89933936	0.611459383574
10317.000014666	643.192307692	6.49320915211	498.0	0.9697685	0.724688365175
10317.000017146	435.193548387	4.98441117034	342.0	0.89654508	0.592123841743
10317.000004161	526.022222222	5.93072004552	370.0	0.96142512	0.695165264028
10317.000023299	441.109090909	5.0745975505	324.0	0.9277022	0.608475877713
10317.000013733	498.451612903	5.64636808301	389.0	0.940886	0.656277696939
10317.000012034	339.340909091	4.81122957413	240.0	0.92994736	0.608485663986
10317.000014391	766.76744186	6.46536345205	526.0	0.97206558	0.715280605979
10317.000014646	579.085714286	5.54313733486	432.0	0.93221804	0.633147751298
10317.000001793	566.04	5.9240516501	440.0	0.95276294	0.674616670237
10317.000013214	397.381818182	4.74270401416	300.0	0.89724286	0.576352960558
10317.000023154	567.807692308	5.51558111983	378.0	0.94420094	0.644174837216
10317.000009222	440.0	5.83284530084	341.0	0.96260608	0.693261616754
10317.000027198	423.083333333	4.56222091129	280.0	0.8895386	0.561208276521
10317.000007734	564.105263158	5.97517501976	417.0	0.96114878	0.68649370588
10317.000006818	333.677419355	3.74205140167	213.0	0.7919342	0.483799856156
10317.000026639	831.881578947	6.11930501305	532.0	0.95107752	0.675771855449
10317.000005041	340.782608696	4.80279875501	265.0	0.9266333	0.596632188233
10317.000013312	493.05	5.50589895674	378.0	0.93380436	0.643044039627
10317.000001285	572.947368421	6.06331581776	466.0	0.94770342	0.684023972287
10317.000017215	668.070588235	6.77350423111	505.0	0.98218412	0.754276052454
10317.000016698	741.279411765	6.62407932754	507.0	0.97645538	0.737168467237
10317.000014979	528.114285714	6.07988435147	412.0	0.96783976	0.699923327287
10317.000014538	452.05	4.26126683957	327.0	0.82178172	0.510139104291
10317.000004278	345.947368421	4.31625464748	252.0	0.84737444	0.541068470566
10317.000009556	460.195652174	5.67310776758	346.0	0.95153298	0.672597252004
10317.000022663	784.942307692	5.83232345544	436.0	0.94931942	0.665168892373
10317.000001141	421.40625	5.39013761399	356.0	0.93641116	0.635949402832
10317.000002359	396.818181818	5.53973962866	324.0	0.95109574	0.664249312247
10317.000014236	454.666666667	5.63852574103	331.0	0.94878292	0.673603668015
10317.000001799	415.196078431	5.02957738021	322.0	0.89299162	0.603724350368
10317.000023213	590.319148936	5.62151378246	362.0	0.94928182	0.661366553834
10317.000013652	591.281690141	5.84662092513	421.0	0.9545326	0.670662759363
10317.000010205	482.328125	5.36300780465	341.0	0.9335321	0.637419178729
10317.000005989	563.128205128	5.9060515208	416.0	0.96406056	0.678822187399
10317.000011072	332.487179487	3.90273722115	218.0	0.88226638	0.502400182331
10317.000013178	309.071428571	3.60399286256	230.0	0.69966526	0.459371287091
10317.000003423	364.142857143	4.33839901239	273.0	0.82623944	0.536084172161
10317.000013306	549.193548387	5.59460133163	390.0	0.9400646	0.649981019398
10317.000002489	422.631578947	5.70260286156	325.0	0.96571358	0.683413307066
10317.000004759	356.9	3.97768888035	259.0	0.84635318	0.496168641884
10317.000002687	487.086956522	4.93735554596	356.0	0.88386994	0.582528413166
10317.000004158	498.620689655	5.25404975586	365.0	0.92531502	0.617270022941
10317.000004157	470.057692308	5.32429194285	344.0	0.92748268	0.631868579714
10317.000001321	505.0	5.8893427292	400.0	0.95771126	0.681332798684
10317.000003022	488.25	6.01287633724	379.0	0.96632092	0.701942377487
10317.000003757	441.064516129	5.68833057332	353.0	0.95619924	0.67209950872
10317.000002087	506.016129032	5.53472238321	385.0	0.93030192	0.644418008753
10317.000009214	501.161290323	4.87653327142	368.0	0.8804039	0.572123872222
10317.000013829	514.169491525	5.43838336546	387.0	0.9258828	0.632650455578
10317.000016757	486.25	5.68639714689	383.0	0.94493462	0.662657525903
10317.000014593	523.164179104	6.07824810264	413.0	0.95887352	0.699453339647
10317.000006047	439.06	5.42401743324	344.0	0.93565236	0.6437036565
10317.000010098	588.544117647	5.50324197531	422.0	0.92337578	0.631026187896
10317.000009117	472.323943662	5.96306485198	380.0	0.96250726	0.695818590711
10317.000026135	642.086956522	6.12852036535	446.0	0.96680426	0.696351558936
10317.000009624	505.0	5.82686823604	384.0	0.95877958	0.678729608376
10317.000009075	595.4	5.81123121932	407.0	0.96128498	0.670355095247
10317.000001765	603.444444444	6.26940783127	458.0	0.97311414	0.709272914345
10317.000016353	662.04	5.78464310529	475.0	0.942248	0.650560483516
10317.000008949A	515.553846154	6.00193566392	402.0	0.96036406	0.693781042834
10317.000005571	273.166666667	3.33461330079	194.0	0.711536	0.438769939871
10317.000006626	504.797101449	5.55599269746	387.0	0.94851696	0.646332020939
10317.000014608	515.5	5.12493138598	358.0	0.89894474	0.604083294655
10317.000015264	553.0	5.43294428102	406.0	0.93118452	0.626974456956
10317.000007732	426.204081633	5.29989522623	319.0	0.93889196	0.637204798215
10317.000027644	541.533333333	5.69360461856	428.0	0.92329858	0.651332851502
10317.000007697	559.923076923	6.30667854858	462.0	0.96884952	0.712478236682
10317.000004881	326.56	5.14979960324	274.0	0.92943996	0.63593223026
10317.000004642	331.837837838	3.14724685728	226.0	0.7470504	0.402452024744
10317.000001353	469.230769231	5.69670360848	377.0	0.95205274	0.665625563329
10317.000028759	424.936170213	5.28708456694	302.0	0.94251896	0.641760721187
10317.000004631	525.642857143	6.30814915216	432.0	0.96778326	0.72052886466
10317.000009433	405.486486486	4.97902880132	269.0	0.92783134	0.616868242416
10317.000009061	604.857142857	6.4086956111	473.0	0.9677598	0.721237294393
10317.000013995	748.596774194	6.4328478221	480.0	0.9749723	0.722232720055
10317.000015155	517.769230769	5.53430437945	359.0	0.95153562	0.652027413028
10317.000022965	767.5	6.10106007091	490.0	0.96019804	0.682701941441
10317.000016701	713.041666667	6.53204083931	504.0	0.97434036	0.727619155799
10317.000022638	473.525	4.49364029815	289.0	0.8721792	0.549685767513
10317.000013972	488.638888889	5.76654587458	381.0	0.9554187	0.672589593258
10317.000017163	622.47826087	5.50517455229	424.0	0.94214564	0.630754436976
10317.000001026	631.85	6.53584066614	465.0	0.97329662	0.73758904923
10317.000010919	539.873015873	5.10315468876	392.0	0.88608982	0.592376850887
10317.000014311	543.915254237	5.40126795716	379.0	0.93970034	0.630543297193
10317.000005039	462.818181818	5.1234188289	319.0	0.92482542	0.615987094403
10317.000004249	552.630434783	5.53585163343	356.0	0.94726506	0.65314130966
10317.000017176	413.42	5.15175096679	300.0	0.92732394	0.626062034001
10317.000002258	532.6875	5.15651759598	358.0	0.91613142	0.607806408267
10317.000013118	558.081967213	6.2737551877	412.0	0.96998696	0.722241962464
10317.000013431	770.098360656	6.68662341794	506.0	0.97967874	0.744364711201
10317.000014197	778.024096386	6.54642377859	531.0	0.97486576	0.723156538769
10317.000015541	405.02	4.6553574925	302.0	0.89286028	0.565079968732
10317.000022661	634.192307692	5.99259143895	467.0	0.95492492	0.675809525657
10317.000014258	674.918032787	6.35339892726	469.0	0.97176726	0.716001458588
10317.000014324	578.046511628	5.30125426222	355.0	0.9373501	0.625762216806
10317.000002369	527.387096774	3.98490892989	359.0	0.75839878	0.469484452347
10317.000002372	461.1	5.18212982806	363.0	0.8859142	0.609388055179
10317.000013056	668.118421053	5.89136721011	449.0	0.95707596	0.668670258224
10317.000013852	613.444444444	5.94981566546	424.0	0.96197108	0.681699116809
10317.000012017	629.602739726	5.88519173672	442.0	0.95298068	0.669692420568
10317.000021237	302.636363636	2.25807109948	202.0	0.46115374	0.294856195153
10317.000016489	404.384615385	4.23556836765	285.0	0.81740134	0.519394585018
10317.000012355	555.518518519	6.09771644033	412.0	0.96541728	0.701976178008
10317.000018409	636.109090909	5.62207008658	399.0	0.93903432	0.650684110008
10317.000004077	307.333333333	4.60194322399	202.0	0.92451116	0.600916184459
10317.000004294	502.108108108	5.98034838735	404.0	0.95921838	0.690714057893
10317.000022993	722.897058824	6.36692435665	499.0	0.97098878	0.710364635812
10317.000008963	311.078947368	3.94625519274	230.0	0.81300958	0.502996647387
10317.000013372	425.333333333	4.83411144789	304.0	0.91703076	0.586100137278
10317.000016407	608.0	6.02943694193	421.0	0.96163994	0.691633486874
10317.000006657	500.632653061	5.64985078857	350.0	0.95445846	0.668525577436
10317.000005805	569.142857143	5.92101371677	438.0	0.9521872	0.674775772512
10317.000012988	288.146341463	3.89501319989	213.0	0.82422858	0.503575879527
10317.000011093	807.614285714	6.68299844466	529.0	0.9781271	0.738687621566
10317.000004979	540.053571429	5.60137280436	388.0	0.92675554	0.65132902009
10317.000014188	505.886792453	5.65404074841	362.0	0.93882326	0.665193325094
10317.000011223	933.838235294	6.76142382325	586.0	0.97563946	0.735356456979
10317.000013608	425.196078431	5.10435690079	314.0	0.9169066	0.615381589505
10317.000009594	619.957446809	4.99298472865	379.0	0.89915646	0.582880367833
10317.000022994	765.183908046	6.63419117784	550.0	0.97921172	0.728768695165
10317.000002494	388.622222222	4.476253435	283.0	0.83310076	0.549593770732
10317.000005887	463.528301887	5.09383249659	342.0	0.91694366	0.60512256393
10317.000028817	643.161290323	5.93504807923	438.0	0.9518286	0.67637516887
10317.000027879	694.38028169	5.9341872765	475.0	0.94683506	0.667378725637
10317.000002325	631.171875	4.54168141695	396.0	0.86090342	0.52630591328
10317.000026127	707.146341463	5.61905676115	393.0	0.95185702	0.651984847937
10317.000031851	792.857142857	5.68267635435	453.0	0.9367567	0.644048490757
10317.000036428	476.642857143	5.48697257592	347.0	0.94433282	0.650208308461
10317.000026648	378.677419355	4.58723318275	258.0	0.85482378	0.572600556256
10317.000027761	881.294117647	6.62591388573	518.0	0.97479744	0.734840275442
10317.000030744	563.125	5.41847397993	337.0	0.9394489	0.645317258718
10317.000021239	404.282608696	5.03796540114	281.0	0.93683648	0.619338746559
10317.000036165	600.739130435	6.05665900182	430.0	0.96564858	0.692332588679
10317.000027762	397.916666667	4.64777811051	252.0	0.88608934	0.582626929866
10317.000023342	707.660377358	5.35757192551	390.0	0.93427096	0.622442932968
10317.000029227	529.172413793	5.55120438472	359.0	0.95144702	0.654018497356
10317.000030751	404.803571429	4.56287309134	311.0	0.8692609	0.551020335908
10317.000026658	742.12244898	6.24820682398	442.0	0.9707267	0.711000922206
10317.000036106	418.037037037	3.94664685205	231.0	0.85447778	0.502645567405
10317.000030756	489.733333333	4.3420201319	323.0	0.84601826	0.520913832122
10317.000038402	510.4	5.61041658954	385.0	0.95493368	0.65323122581
10317.000033785	798.373333333	6.46917642248	525.0	0.97201066	0.715919890416
10317.000028955	880.133333333	6.54412930894	556.0	0.97282684	0.71764136392
10317.000035491	657.516129032	6.11850852208	460.0	0.9581346	0.691709389399
10317.000036399	351.625	4.11170403691	240.0	0.87649694	0.5200152939
10317.000002326	657.78125	5.1296899468	327.0	0.91290362	0.614102691353
10317.000036934	339.818181818	4.51092195104	234.0	0.89889336	0.573152847645
10317.000036101	495.048387097	5.71118454584	376.0	0.9508768	0.667616485709
10317.000043083	670.892307692	4.92208750348	442.0	0.87351404	0.56009809738
10317.000036085	617.447368421	4.85505376574	354.0	0.89398058	0.573367965362
10317.000036124	398.282608696	3.4579656735	275.0	0.68048422	0.426736129242
10317.000033728	460.901639344	5.01487562735	359.0	0.89787556	0.590830600879
10317.000036081	488.886363636	5.55211471472	332.0	0.94287578	0.662935949166
10317.000037612	449.025	4.5441832255	288.0	0.8711636	0.556208683029
10317.000028718	559.0	5.08460916971	331.0	0.93313446	0.607430300834
10317.000030771	292.384615385	3.6102809178	203.0	0.80733336	0.470987958885
10317.000034241	494.029850746	5.88216218148	391.0	0.95940574	0.683096648765
10317.000009144	256.0	4.36617032333	195.0	0.88898786	0.573942519025
10317.000004765	480.625	5.91189399003	358.0	0.96431608	0.696843748761
10317.000006675	653.0375	6.69339752387	498.0	0.9778671	0.747030812562
10317.000031829	435.535714286	3.82889951358	233.0	0.76770326	0.48687803711
10317.000033666	499.928571429	5.01871931332	336.0	0.92504346	0.598013523618
10317.000031926	905.666666667	5.70564315016	474.0	0.96516036	0.641895371527
10317.000027821	451.622222222	5.13048368164	311.0	0.92580918	0.61956595878
10317.000013063	496.936170213	4.88981536692	324.0	0.90377576	0.586319342102
10317.000014234	369.157894737	4.81375673048	259.0	0.9107923	0.600458007443
10317.000022526	496.25	5.09263904145	335.0	0.9304228	0.607132635545
10317.000033713	554.043478261	3.75456038679	259.0	0.74133014	0.46833605745
10317.000014018	582.0	5.79112130734	384.0	0.95820476	0.674565707987
10317.000010207	505.272727273	5.49470068301	343.0	0.94768448	0.652417291432
10317.000006777	367.693548387	5.34050450572	318.0	0.93894794	0.642437110501
10317.000014678	363.772727273	2.2739910167	230.0	0.5825256	0.289846905921
10317.000002711	263.181818182	3.40507420613	190.0	0.73432652	0.449820232024
10317.000013755	481.025641026	4.82604100845	301.0	0.91051738	0.58613844189
10317.000016381	470.774193548	4.01820886406	263.0	0.82542102	0.499844428014
10317.000001221	437.264150943	5.52676040716	360.0	0.9341056	0.650830901626
10317.000009497	385.4	4.40105535624	269.0	0.88998834	0.545261212721
10317.000002161	541.6	5.46515429727	370.0	0.95272604	0.640594295608
10317.000023343	316.21875	4.131496446	202.0	0.8932291	0.539485812752
10317.000036151	588.857142857	6.02194065572	407.0	0.96384778	0.694661501064
10317.000038424	784.1	5.68742955023	425.0	0.93952904	0.651382629591
10317.000036191	470.017857143	5.56611750181	361.0	0.94711502	0.655156836386
10317.000005799	150.4	1.81180105823	106.0	0.41830066	0.269295850102
10317.000016723	486.775862069	5.61368131338	351.0	0.95128566	0.6639224204
10317.000004927	257.622222222	3.50365745503	207.0	0.80343206	0.455405653429
10317.000016717	563.352941176	6.06232863735	378.0	0.9682914	0.708030482785
10317.000002382	587.976470588	6.2737906263	460.0	0.96857878	0.709264335856
10317.000001575	444.5	5.36654411252	365.0	0.92390984	0.630486379341
10317.000012154	423.188679245	4.98103602075	308.0	0.92647954	0.602535942622
10317.000006034	702.3125	5.73559130418	417.0	0.9532491	0.658967698318
10317.000001782	590.388888889	5.81986161634	461.0	0.94575386	0.657713822312
10317.000014556	342.857142857	3.66404682914	241.0	0.79274798	0.463047904937
10317.000010979	482.181818182	4.87461953222	339.0	0.903532	0.579956869685
10317.000005228	219.545454545	0.935710248818	99.0	0.20725526	0.141146464498
10317.000002067	380.7	4.54067278241	285.0	0.86976986	0.556808591154
10317.000012156	639.35443038	6.00453916688	466.0	0.96245184	0.677393171679
10317.000008991	417.789473684	5.21404186236	322.0	0.93713048	0.62586650889
10317.000001405	347.972972973	5.00164567626	256.0	0.93572558	0.625205709533
10317.000010776	470.016129032	6.42938596829	398.0	0.97277276	0.744432721204
10317.000013965	546.076923077	5.21149550238	321.0	0.93387702	0.625897992703
10317.000003281	226.636363636	4.54932417898	188.0	0.9164773	0.602193483762
10317.000002272	522.677966102	4.69882582666	353.0	0.89208342	0.555185478227
10317.000002126	432.2	4.86464395642	323.0	0.9019337	0.583613214188
10317.000012202	504.069767442	4.84393491815	303.0	0.92658858	0.587629828979
10317.000001794	421.022222222	4.97049276692	328.0	0.90152206	0.594730701547
10317.000002276	500.105263158	5.1862006193	393.0	0.8712495	0.601760111327
10317.000009198	505.657894737	5.12042977382	345.0	0.89872978	0.607373061225
10317.000014594	369.303030303	3.76685089611	234.0	0.75038994	0.478611986905
10317.000016737	731.126760563	6.09566876207	494.0	0.95872908	0.681204582279
10317.000015605	434.75	5.52342695195	333.0	0.95147816	0.659169058847
10317.000009219	508.737704918	4.80357687264	367.0	0.863783	0.563824173953
10317.000007005	262.028571429	3.51554660967	195.0	0.76729454	0.462126194693
10317.000006703	366.6	2.93994625042	224.0	0.67417432	0.376561111897
10317.000017746	341.736842105	4.90620637277	241.0	0.93013568	0.620027168876
10317.000026105	314.035714286	4.26095914815	204.0	0.89294172	0.555360131671
10317.000001301	281.4	3.34468672085	223.0	0.69473344	0.428756523447
10317.000009097	296.097560976	3.95704865587	232.0	0.79224168	0.50357065744
10317.000016414	418.763157895	4.57058302694	261.0	0.90775026	0.569336889208
10317.000003732	332.442307692	5.22221593	286.0	0.93537986	0.639987533438
10317.000013814	434.913043478	4.09890551449	224.0	0.8771014	0.525005658819
10317.000018426	306.777777778	5.01460841159	249.0	0.9289337	0.629975778196
10317.000002132	536.220779221	4.92983787724	417.0	0.852754	0.566393898512
10317.000003225	272.441176471	4.0322743714	215.0	0.8565732	0.520414817968
10317.000009392	267.857142857	2.738755756	174.0	0.65383992	0.367966753682
10317.000009149	354.775862069	5.29453051517	303.0	0.93669736	0.642292704944
10317.000013912	283.636363636	4.02860936082	192.0	0.8361809	0.531131084753
10317.000007677	351.065217391	4.86652687282	264.0	0.92578434	0.604958782552
10317.000017208	350.5	5.31798719007	295.0	0.94615182	0.648173694465
10317.000013117	506.909090909	3.84753206913	340.0	0.7058135	0.457528030073
10317.000005026	236.0	3.78913330377	166.0	0.84930736	0.513778039974
10317.000009033	381.108108108	5.61129594151	280.0	0.95238322	0.69025717641
10317.000013524	670.075949367	6.32861820308	505.0	0.96469568	0.704734948534
10317.000002274	226.848484848	3.85314970044	175.0	0.83613118	0.51711723673
10317.000008999	338.275	3.12333982041	229.0	0.66886416	0.398425644343
10317.000016761	481.263157895	5.12146685532	356.0	0.9165707	0.604250581621
10317.000004025	162.15	2.95353629186	117.0	0.76481716	0.429895123826
10317.000001128	352.714285714	5.44314767093	302.0	0.94042812	0.660704085701
10317.000003559	431.815384615	5.63621455213	351.0	0.95736956	0.666587395766
10317.000017117	294.9375	3.02543623628	144.0	0.71923168	0.421962047814
10317.000014561	601.0	5.99669647301	403.0	0.95359138	0.692888349463
10317.000002056	519.872340426	6.08691920168	373.0	0.96414736	0.712501056972
10317.000002243	384.857142857	4.89328983374	267.0	0.9056793	0.60705550429
10317.000003189	438.03125	4.81711009673	332.0	0.89276992	0.575174616934
10317.000016315	359.4	3.22147749863	243.0	0.67049788	0.406505200869
10317.000011315	467.0	5.61615716303	350.0	0.95080302	0.664538737551
10317.000013913	359.576923077	3.42151886281	219.0	0.75437902	0.44007878757
10317.000013498	379.75	4.08226987098	245.0	0.86784838	0.514357578404
10317.000002589	558.767857143	5.61101973572	380.0	0.95859014	0.65473912189
10317.000004086	574.089552239	6.57725413598	447.0	0.9747631	0.747064545059
10317.000013551	370.208333333	3.24304538508	265.0	0.6844965	0.40287036025
10317.000006766	403.518518519	5.6380466067	331.0	0.94916286	0.673546428471
10317.000011962	521.03125	3.37438890752	271.0	0.7215893	0.417511343858
10317.000002199	222.088235294	4.10007297087	180.0	0.88002732	0.547270871192
10317.000010556	424.326086957	4.06806407381	294.0	0.77976612	0.496125199
10317.000028914	427.162790698	4.67738374708	280.0	0.91423214	0.575374696309
10317.000038479	270.026315789	4.65654387505	225.0	0.91169012	0.595939886348
10317.000042999	510.222222222	6.10148654535	362.0	0.9707766	0.717834961529
10317.000041554	715.294117647	6.28077849865	465.0	0.97158974	0.708804525368
10317.000037489	469.552238806	5.97060909125	370.0	0.96741184	0.699840831041
10317.000031493	369.5	5.20724182728	302.0	0.92337362	0.632069192039
10317.000039813	397.523809524	4.73660454927	270.0	0.88786946	0.586444557555
10317.000009455	353.0	5.11067072785	234.0	0.94006148	0.649356276353
10317.000023819	514.363636364	4.71200876827	298.0	0.86908018	0.573295067079
10317.000008950B	352.651162791	3.66472486246	251.0	0.77767708	0.459725878389
10317.000001067	195.0	2.02505427784	101.0	0.63868426	0.304143880543
10317.000009526	335.075	5.42199086492	250.0	0.95462	0.680660016788
10317.000010876	272.032258065	5.07333288268	213.0	0.94041904	0.655917692038
10317.000001622	292.078947368	4.35484316001	221.0	0.89323144	0.559180488816
10317.000002271	348.035714286	3.44365425201	205.0	0.77902804	0.448422836883
10317.000002465	451.548387097	6.07595206485	378.0	0.96722522	0.709621587876
10317.000001747	266.617647059	4.3078603741	218.0	0.8686725	0.554551770915
10317.000002038	312.916666667	3.78844507018	209.0	0.8389822	0.491536076788
10317.000023378	393.534883721	4.60205518023	283.0	0.86439436	0.565039691417
10317.000010178	299.448979592	4.77904322456	257.0	0.89740114	0.596960698718
10317.000011259	343.02173913	3.75668111566	248.0	0.74916256	0.472289213022
10317.000005025	311.025641026	4.28937063282	230.0	0.87653118	0.546730746578
10317.000001225	173.555555556	2.37858168554	121.0	0.63516908	0.343782150907
10317.000015394	295.1875	3.53282456813	157.0	0.83755976	0.484305447774
10317.000042586	579.378378378	6.33516236444	446.0	0.97129802	0.719831203227
10317.000001208	263.375	4.16127607777	182.0	0.89805088	0.554260775259
