	chao1	shannon	observed_otus	simpson	equitability
10317.000002503	489.058823529	5.46021337669	356.0	0.93100104	0.644217213904
10317.000013618	761.049180328	6.62120314321	479.0	0.97961936	0.743631065408
10317.000031796	950.189873418	6.43884764921	578.0	0.96591038	0.70178744461
10317.000026504	697.630769231	6.09667943973	458.0	0.9637259	0.689731743479
10317.000007104	682.588235294	5.83112814821	435.0	0.95798698	0.665283922057
10317.000007077	601.448275862	5.841257777	393.0	0.96122152	0.677767056889
10317.000016408	789.038961039	6.47025982822	528.0	0.97320676	0.715388973858
10317.000005802	492.833333333	4.52185144956	281.0	0.89140694	0.555890639554
10317.000006952	418.023809524	5.84187118936	331.0	0.9656303	0.697896230674
10317.000013023	635.47826087	5.97603083542	386.0	0.96819808	0.695497319277
10317.000002645	467.4	4.79812114459	334.0	0.891361	0.572315169667
10317.000002027	565.405797101	5.85302070514	412.0	0.95809462	0.673806521605
10317.000027353	1006.01176471	6.57670395666	619.0	0.9613378	0.709170682737
10317.000023798	760.777777778	6.02012919056	449.0	0.95055034	0.683284744751
10317.000041962	814.139240506	6.53571391491	539.0	0.97398574	0.720257000812
10317.000040352	494.773584906	4.35870554796	339.0	0.79113486	0.518576108097
10317.000028811	589.520833333	4.99948528897	378.0	0.91212536	0.583899058362
10317.000027772	951.00952381	7.05311540392	645.0	0.98177744	0.75570534714
10317.000027617	869.42	5.52895117884	443.0	0.93675516	0.628921480461
10317.000039952	147.5	4.43705985574	136.0	0.89896698	0.626043473542
10317.000026028	711.387096774	6.14262141042	463.0	0.96747496	0.693699911117
10317.000001441	461.169491525	5.08286486514	352.0	0.89784102	0.600851817744
10317.000016347	717.666666667	6.16233456761	461.0	0.9532784	0.696417353197
10317.000001595	624.85	6.28106316218	446.0	0.96977334	0.713684195207
10317.000002146	684.381818182	5.8554622462	417.0	0.95876616	0.672739788164
10317.000012158	812.655172414	6.59452617102	558.0	0.97251964	0.722757397194
10317.000014313	355.416666667	4.04686009922	234.0	0.84899374	0.514189652374
10317.000007749	404.108108108	5.5405100616	303.0	0.94241166	0.672133097361
10317.000017335	770.59375	5.9843469319	472.0	0.9665502	0.67371241855
10317.000002578	573.5	5.92916713745	374.0	0.9648649	0.693721815014
10317.000007719	487.962264151	5.06555632091	337.0	0.92811954	0.603286263069
10317.000006716	547.154929577	5.99225952857	438.0	0.95587104	0.682895150375
10317.000006802	576.467741935	5.74659434534	415.0	0.94068954	0.660758399753
10317.000002898	490.166666667	5.76621802259	379.0	0.95702246	0.673147518904
10317.000001647	550.52173913	5.80894401617	395.0	0.95285376	0.673445408587
10317.000002878	392.75	5.63909566136	338.0	0.92948438	0.671250635618
10317.000017667	618.246153846	5.97501701962	425.0	0.9639028	0.684320089369
10317.000009213	491.294117647	5.68911994776	365.0	0.9501403	0.668384077778
10317.000031434	764.918367347	5.2151886957	410.0	0.91981386	0.600864180332
10317.000027217	531.733333333	4.76491196183	365.0	0.83750716	0.559803856579
10317.000001546	545.118644068	6.3746725386	403.0	0.97662692	0.736561597459
10317.000009074	551.692307692	6.00775443271	402.0	0.9683754	0.694453651091
10317.000027277	775.5	5.50714648291	480.0	0.92345546	0.618301799466
10317.000001333	244.171428571	4.30943179736	181.0	0.90685568	0.574602713474
10317.000023984	623.263888889	5.83488822455	451.0	0.94919998	0.661778276321
10317.000028933	717.220588235	6.17334432113	475.0	0.96427698	0.694275133896
10317.000015568	752.911764706	6.0984322775	469.0	0.96669092	0.687267784658
10317.000006944	592.6875	2.95705302891	444.0	0.55356544	0.3362421193
10317.000002028	543.238095238	5.57658749823	406.0	0.9157516	0.643551219655
10317.000003896	565.381818182	5.88017985676	391.0	0.95676074	0.682866441007
10317.000011025	627.815384615	6.27407388373	437.0	0.97160602	0.715280330158
10317.000017293	905.246153846	5.99314654478	521.0	0.9568454	0.664050290129
10317.000031284	366.2	3.68975246404	211.0	0.8081784	0.477879168997
10317.000020034	640.6	5.95436465477	471.0	0.957071	0.670568030884
10317.000031847	713.958333333	5.45788351874	404.0	0.9347956	0.630370779186
10317.000013935	584.078651685	6.16658591946	470.0	0.96516976	0.69470784054
10317.000014019	676.846153846	6.31986828116	497.0	0.96865216	0.705570646826
10317.000023052	482.942307692	5.39252295319	341.0	0.93996316	0.640927195578
10317.000015385	725.142857143	6.44221791237	482.0	0.97405684	0.722797924371
10317.000017354	748.413793103	6.66981778925	531.0	0.97516664	0.736787368161
10317.000023475	696.873239437	6.50564539756	475.0	0.97610634	0.73164683428
10317.000003475	550.563380282	5.93199170049	450.0	0.94547702	0.673035961728
10317.000017269	575.164179104	5.66585915381	415.0	0.93656434	0.651475256946
10317.000014801	561.471698113	5.68313459141	359.0	0.95592834	0.66956193434
10317.000009716	644.658536585	6.604347643	512.0	0.97706	0.733816404778
10317.000013155	601.642857143	5.79294918805	442.0	0.94513178	0.659195883079
10317.000015604	519.773584906	5.69179354404	364.0	0.9539453	0.669009277345
10317.000009236	509.529411765	5.59354955907	360.0	0.93341694	0.658695987273
10317.000041289	664.056603774	5.5547034876	418.0	0.93802046	0.637932053031
10317.000030735	710.135135135	6.21974182183	490.0	0.96342132	0.695982299415
10317.000022541	592.185185185	5.2535500392	388.0	0.9059157	0.610884102619
10317.000034132	371.783783784	3.47028123085	238.0	0.77090648	0.439564450364
10317.000026633	717.75862069	5.84187480599	440.0	0.95449278	0.665258570036
10317.000028715	501.555555556	4.78211020671	263.0	0.90885886	0.594869809371
10317.000026126	461.5	4.45473949273	280.0	0.8952821	0.547986763832
10317.000033665	732.027777778	4.86658184537	347.0	0.89595552	0.576691774176
10317.000028755	893.833333333	6.1518629884	499.0	0.9613375	0.686370006384
10317.000016485	477.518518519	4.54406099384	327.0	0.85499846	0.543993908975
10317.000001001	458.178571429	4.58892655542	322.0	0.87200338	0.550830913639
10317.000002334	607.776119403	5.87719848396	425.0	0.95728028	0.673116909722
10317.000006797	362.0	4.73680676662	277.0	0.89616494	0.583800504094
10317.000013156	743.613333333	6.57644193101	494.0	0.9768817	0.734932056408
10317.000001529	631.666666667	6.17122307308	455.0	0.96818022	0.698914706411
10317.000002418b	761.0	6.46340216167	554.0	0.97172172	0.709193001504
10317.000005849	425.622222222	4.22206061979	285.0	0.82991032	0.517738171879
10317.000011341	532.0	5.712333859	395.0	0.9568391	0.662245151434
10317.000013355	832.220779221	6.32686147334	539.0	0.9659828	0.697240780223
10317.000006794	626.196078431	5.29535787104	383.0	0.92251874	0.617088229146
10317.000028723	682.828947368	5.55778835922	454.0	0.9403778	0.629667232579
10317.000002774	456.267857143	4.58283199465	333.0	0.84882092	0.546917896996
10317.000001531	533.537313433	6.2474109166	416.0	0.96774186	0.718056916546
10317.000018027	728.038461538	6.46332193099	471.0	0.97597352	0.727885729466
10317.000001948	380.56097561	4.98582539777	267.0	0.9268884	0.618535352285
10317.000001032	553.87804878	5.54670030715	343.0	0.9545244	0.658591504714
10317.000016697	920.5	7.0545042791	589.0	0.98478538	0.766616969534
10317.000011162	621.018518519	4.14133104286	400.0	0.74759696	0.4791068884
10317.000005999	446.230769231	4.97757542459	354.0	0.91373318	0.587837422887
10317.000001362	598.375	6.57790524666	483.0	0.97697052	0.737774140628
10317.000010947	500.384615385	5.68862736147	308.0	0.9616707	0.688130428126
10317.000002851	453.935483871	5.44279007915	359.0	0.93512722	0.641245600466
10317.000035452	729.025	6.49884578745	415.0	0.97512242	0.747254231759
10317.000005928	691.3125	6.1775592148	501.0	0.95271072	0.688793480374
10317.000027807	789.182926829	6.35860999897	519.0	0.97066478	0.704977663674
10317.000031313	969.679012346	6.38488423426	573.0	0.9667656	0.696857840401
10317.000014458	538.807692308	5.49812543439	349.0	0.94686124	0.650890406446
10317.000016759	629.714285714	6.10694724056	457.0	0.96002748	0.691139931888
10317.000014308	657.137931034	6.0789403235	446.0	0.95696874	0.690718039363
10317.000010546	451.162790698	4.59841238406	304.0	0.8858025	0.557523375001
10317.000015305	755.890625	6.71081251179	518.0	0.97537386	0.744255871665
10317.000014295	606.523809524	5.0973297829	344.0	0.91843326	0.604933494411
10317.000011055	735.901408451	6.21601495113	509.0	0.95441798	0.691319562755
10317.000002818	457.509090909	3.75404022984	332.0	0.68678306	0.448241499113
10317.000009667	517.28125	4.77785827482	345.0	0.90921902	0.56673805416
10317.000012254	532.042857143	5.27241680765	387.0	0.9199371	0.61334346463
10317.000026037	620.041666667	6.26022694376	471.0	0.96451622	0.705013598925
10317.000007037	426.895833333	5.74867168901	356.0	0.92803162	0.678250647668
10317.000015594	763.470588235	6.63947256473	527.0	0.97913522	0.734320156664
10317.000004286	560.0	5.52971300979	390.0	0.94377972	0.642442291421
10317.000001351	593.8125	5.0737594337	361.0	0.90851426	0.597204097486
10317.000010115	459.875	5.51518325489	361.0	0.93457402	0.649161648526
10317.000010981	528.8	6.01517547905	386.0	0.96265072	0.700053017776
10317.000013028	430.578125	5.96568115239	368.0	0.95880346	0.699904709222
10317.000017095	718.225806452	6.41577583311	467.0	0.97546882	0.723533794464
10317.000011048	675.538461538	6.33813791928	487.0	0.9692324	0.709934537597
10317.000002079	476.178571429	5.21782061301	340.0	0.9431409	0.620475448535
10317.000014937	625.590909091	6.28581586784	454.0	0.96832912	0.712148794842
10317.000013653	431.936170213	4.99640972596	309.0	0.9112282	0.604053927231
10317.000021178	614.677966102	5.75878837562	415.0	0.94617602	0.662160501146
10317.000006741	552.142857143	5.83479611686	421.0	0.95409864	0.669306341931
10317.000014548	683.564516129	6.00431176009	438.0	0.96173606	0.684268657382
10317.000013215	622.246575342	6.16451713439	448.0	0.96368728	0.699928320018
10317.000010867	558.060606061	5.76905000309	391.0	0.96142512	0.669960909286
10317.000026613	505.47826087	5.90081399285	402.0	0.95915672	0.682092097411
10317.000006909	598.131578947	6.16707693248	455.0	0.96497904	0.69844514007
10317.000011163	518.622641509	5.28070331976	353.0	0.9149723	0.623936682505
10317.000012276	599.04	6.03162958442	454.0	0.9531784	0.683350869607
10317.000015003	549.467741935	5.49467654433	388.0	0.92006168	0.638922352489
10317.000001613	604.761904762	5.84878525277	425.0	0.95369208	0.669862735743
10317.000006029	543.88	5.8727624364	416.0	0.9580296	0.674996049241
10317.000005024	582.616438356	6.19851563618	455.0	0.95767116	0.702005693967
10317.000026632	587.018181818	6.21904855256	405.0	0.97126674	0.717987517385
10317.000033799	489.459459459	5.1954069459	280.0	0.95337222	0.639097806666
10317.000029152	626.622222222	4.29676535158	351.0	0.7837766	0.508172568563
10317.000022999	607.195652174	5.39069170282	361.0	0.93693406	0.634508438027
10317.000037575	719.172413793	6.82380724042	534.0	0.97929932	0.753121757078
10317.000027681	643.058823529	6.41769764763	421.0	0.97218722	0.736170664771
10317.000021296	775.256097561	6.41495986988	535.0	0.97131426	0.707787734326
10317.000028712	782.066666667	5.63450544046	432.0	0.94605406	0.643583991122
10317.000027363	700.323943662	5.85472790696	458.0	0.95471854	0.662359195162
10317.000033801	711.781818182	5.59351246507	409.0	0.9392277	0.644714173183
10317.000011225	646.0	6.00635845551	443.0	0.9603724	0.683226841734
10317.000011409	492.865384615	5.27424999233	339.0	0.93438438	0.627502822583
10317.000009475	419.362068966	4.91778579978	316.0	0.90460952	0.592234543387
10317.000012928	479.0	5.67780302945	347.0	0.9521303	0.672821788787
10317.000028841	706.264705882	5.98218477265	445.0	0.9657872	0.679974417642
10317.000014534	502.685185185	5.60173314488	366.0	0.95023968	0.657812423084
10317.000016715	616.917647059	6.56185272272	471.0	0.97802534	0.73898206011
10317.000008954A	563.122807018	5.77532914293	385.0	0.94462428	0.672432300754
10317.000015912	512.7	5.25326868786	345.0	0.92960546	0.623130093629
10317.000016725	711.807692308	6.40345849977	429.0	0.9784568	0.732256166184
10317.000018358	527.388888889	4.73724222075	342.0	0.87664598	0.562761370833
10317.000010102	480.0	5.57138710125	361.0	0.95311446	0.655777091725
10317.000008949B	551.392857143	5.96479121356	397.0	0.95824914	0.690929518359
10317.000010869	602.838709677	6.07503132281	425.0	0.95650378	0.695774750782
10317.000014571	637.5	6.38777498479	459.0	0.9730948	0.722406909555
10317.000010827	535.358490566	5.90573957042	382.0	0.96238004	0.688520964594
10317.000014162	644.35	5.85677856843	427.0	0.9575113	0.670258266269
10317.000016736	580.847826087	5.75775782552	461.0	0.9527404	0.650695352743
10317.000001929	554.681818182	5.75680387234	403.0	0.95348432	0.665169956699
10317.000003196	601.135135135	6.14719676286	462.0	0.9607772	0.69446125665
10317.000028833	387.045454545	4.11193979538	205.0	0.89095622	0.53544507468
10317.000004291	976.666666667	6.30402849695	545.0	0.97171842	0.693503909073
10317.000035347	983.085714286	6.33708011657	542.0	0.97222026	0.697751169653
10317.000031035	595.782608696	4.91447723379	343.0	0.88299186	0.583524037185
10317.000016765	656.518987342	6.14651356103	466.0	0.96396864	0.693409802178
10317.000004918	616.075949367	6.28284337699	465.0	0.97117144	0.709037553027
10317.000001347	660.571428571	5.96962320008	451.0	0.95384926	0.67705957674
10317.000005938	496.229508197	5.68819586345	405.0	0.9414108	0.656700714246
10317.000003982	528.962264151	5.10850049938	378.0	0.88385192	0.596631144772
10317.000001934	508.75	5.45267889787	376.0	0.91933366	0.637398125428
10317.000015355	650.068965517	5.93529217473	428.0	0.95352032	0.678981249253
10317.000002418a	754.2625	6.43005405228	508.0	0.97721052	0.715349828851
10317.000026083	709.098360656	5.67779008725	445.0	0.93414206	0.64537491816
10317.000009476	434.317073171	4.68476436652	296.0	0.88695504	0.570654848487
10317.000003729	582.923076923	5.79053240719	476.0	0.94363502	0.651000679416
10317.000017219	763.047619048	6.41990308118	487.0	0.97352718	0.719093049631
10317.000004283	237.555555556	3.15876783104	152.0	0.75034984	0.435816697281
10317.000003473	675.353846154	6.54553818972	508.0	0.96796196	0.728197552568
10317.000007068	304.468085106	4.95701115265	247.0	0.9324502	0.62365150077
10317.000011342	590.013888889	6.03527209742	449.0	0.95034858	0.685003464886
10317.000026056	459.942307692	4.7538195286	318.0	0.91011408	0.571861718031
10317.000012209	627.842105263	5.78752165155	413.0	0.9481448	0.665998044026
10317.000016355	734.225352113	6.47904301303	484.0	0.97620222	0.726442691256
10317.000015185	526.269230769	5.18923591882	360.0	0.90855906	0.611084042547
10317.000003028	444.5	5.30141540983	365.0	0.91395654	0.622834758654
10317.000012985	644.714285714	6.13526791708	463.0	0.9594119	0.692869464743
10317.000016755	688.618421053	6.0930090396	479.0	0.94465606	0.684309287249
10317.000014327	491.15625	5.58781084387	372.0	0.95547702	0.654374859102
10317.000013249	423.216216216	5.28086931031	284.0	0.94684106	0.64797953027
10317.000008950A	451.5	3.81192729026	266.0	0.79245972	0.473220811409
10317.000016716	613.12244898	6.13249863351	403.0	0.9687138	0.708579611355
10317.000022662	605.043478261	5.92997059126	423.0	0.95886152	0.679690661404
10317.000022443	515.295774648	5.24458918269	386.0	0.93338856	0.61037130124
10317.000017074	497.352941176	5.47452702858	355.0	0.94765378	0.646215404868
10317.000002511	557.454545455	4.96441386331	378.0	0.8890734	0.579803002221
10317.000013821	411.018867925	5.07034606722	308.0	0.92992606	0.613339420615
10317.000004819	409.88372093	4.95527484921	273.0	0.91998952	0.612309842359
10317.000017075	488.151515152	5.01106108264	365.0	0.90303868	0.588722591747
10317.000010834	590.716981132	5.67474698573	391.0	0.94036606	0.659009481369
10317.000014303	509.981132075	6.05374386013	373.0	0.96863658	0.70861773519
10317.000015265	562.754098361	5.66510731009	382.0	0.95680758	0.660466839617
10317.000003193	424.75	4.89069726379	292.0	0.92159178	0.597167525217
10317.000013619	700.518987342	6.70803199332	510.0	0.97898492	0.745804803025
10317.000005015	603.131147541	5.93097489896	410.0	0.96656548	0.683332968215
10317.000022925	391.0	5.29584959619	274.0	0.94637568	0.6539674753
10317.000003439	548.042253521	5.40355492523	401.0	0.94228586	0.62487203277
10317.000016735	600.647058824	6.0908582086	451.0	0.965198	0.690809745017
10317.000011168	509.631578947	5.94048204959	378.0	0.96161544	0.693799796276
10317.000004972	532.042553191	6.33998781993	395.0	0.9726702	0.735010644955
10317.000009382	587.406779661	5.93452269089	398.0	0.9664259	0.687134494276
10317.000027308	494.037735849	5.52822906271	366.0	0.91910078	0.649180826907
10317.000003895	552.014084507	6.01034006731	413.0	0.96431454	0.691638834333
10317.000001322	485.553191489	5.05322163795	318.0	0.93427314	0.607878357621
10317.000026106	507.785714286	5.60957830164	388.0	0.93423496	0.652283157351
10317.000008957B	645.192307692	6.34071101894	436.0	0.96971814	0.723149831718
10317.000001047	424.571428571	4.88365282131	287.0	0.90937922	0.598127188119
10317.000017071	493.0	4.56627981902	318.0	0.84605034	0.549301589303
10317.000015262	562.734693878	5.48463132141	367.0	0.95070434	0.643763554997
10317.000003981	488.553846154	5.44888302007	375.0	0.94662436	0.637240600947
10317.000014334	691.718309859	6.4368099922	487.0	0.9714599	0.720986791958
10317.000011378	689.474576271	5.76333305438	446.0	0.95502522	0.654857244136
10317.000016718	595.319148936	5.92321027101	367.0	0.9669837	0.695242155325
10317.000016714	686.967741935	6.57859312529	458.0	0.9786055	0.744251776856
10317.000007748	440.109090909	5.29195119525	337.0	0.92573618	0.630248931938
10317.000007073	662.1375	5.76022315788	463.0	0.95479804	0.650514825129
10317.000001247	781.898734177	6.75785659238	530.0	0.98053936	0.74673698189
10317.000002036	426.947368421	4.96789380797	286.0	0.92855028	0.608820115286
10317.000012112	574.672413793	5.78299739484	382.0	0.96030454	0.674211061471
10317.000002437	411.0625	4.92987825088	310.0	0.91920974	0.595674739706
10317.000003731	566.114754098	5.50873811185	402.0	0.94593742	0.636770916242
10317.000013171	585.018518519	5.5305836927	389.0	0.93936602	0.64282007039
10317.000001487	434.344827586	5.76042335134	349.0	0.9602362	0.681942298552
10317.000014306	573.5625	5.33206638325	365.0	0.93360972	0.626435776524
10317.000002064	597.142857143	6.20582016702	448.0	0.9677024	0.704617926942
10317.000002336	519.948275862	5.35984784123	364.0	0.90809698	0.629992620639
10317.000006074	456.452054795	5.68954435448	357.0	0.96222238	0.670954220195
10317.000012061	499.108695652	4.62392148826	314.0	0.89308068	0.557460265906
10317.000016756	639.296875	6.06113948049	433.0	0.9633432	0.692051267921
10317.000011018	748.090909091	6.20413045164	493.0	0.95980032	0.693551998662
10317.000015261	670.909090909	5.84502822644	457.0	0.95873942	0.661497840276
10317.000013458	584.843373494	6.34283303229	452.0	0.9690984	0.71912747568
10317.000041935	472.529411765	4.2876860408	323.0	0.81394726	0.51439535023
10317.000033721	677.232876712	6.22915382206	459.0	0.9702593	0.704468108606
10317.000031491	492.081967213	6.40898020147	392.0	0.97731356	0.743957755681
10317.000017671	445.4	5.19145086735	290.0	0.93994804	0.634658748676
10317.000036943	542.147058824	5.96899392103	415.0	0.96087528	0.686330482784
10317.000036102	634.1	6.29719705742	430.0	0.97037156	0.719828330913
10317.000028894	612.571428571	5.27249898834	369.0	0.93855662	0.618295304062
10317.000040358	557.078431373	5.65410063809	358.0	0.95187276	0.666457262455
10317.000031506	801.0	6.12045874314	460.0	0.95885402	0.691929865715
10317.000016446	662.123076923	5.90634002748	459.0	0.94458368	0.667960417547
10317.000028793	502.0	5.47718855576	349.0	0.95302782	0.648411813768
10317.000042026	727.280487805	6.50758978679	506.0	0.97341328	0.724434425192
10317.000037582	476.017241379	5.75390212081	357.0	0.95704174	0.678543776094
10317.000029202	443.282608696	4.62602456572	320.0	0.86300546	0.555883746288
10317.000022618	779.342465753	6.30934994097	504.0	0.96612414	0.702813100932
10317.000021229	390.88372093	3.27296124211	254.0	0.69209018	0.409699640234
10317.000034121	451.933333333	4.50584149547	241.0	0.91117434	0.569430621865
10317.000036071	530.083333333	4.93935260718	336.0	0.9128992	0.588556456858
10317.000036166	574.196721311	5.82270500268	391.0	0.96184172	0.676191874921
10317.000031593	632.083333333	4.85804917663	334.0	0.8828475	0.579463326372
10317.000034194	818.6	6.06229501852	526.0	0.94921066	0.670688057466
10317.000036131	856.333333333	6.00428464892	475.0	0.95930066	0.675262112679
10317.000002347	445.82	4.98143414379	317.0	0.92272602	0.599570398575
10317.000016767	686.5	6.21773738387	445.0	0.96594844	0.706748874754
10317.000036109	468.428571429	4.08368667321	261.0	0.80856612	0.508686409003
10317.000004973	685.016666667	6.36196597711	454.0	0.96886862	0.720776188594
10317.000031379	744.109090909	5.94182690794	438.0	0.95327402	0.677147703708
10317.000004737	631.020408163	5.75075058342	415.0	0.9306501	0.661236294844
10317.000006666	498.132075472	4.81251746223	335.0	0.91048176	0.573737189435
10317.000003969	364.87804878	5.01792067351	265.0	0.9340499	0.623355910696
10317.000001749	599.129411765	6.27460494263	478.0	0.96380932	0.704943133966
10317.000009507	544.101265823	6.36069905142	446.0	0.9744365	0.722732802753
10317.000040348	829.103448276	5.93877526217	486.0	0.9563376	0.665422972166
10317.000026595	646.8	6.06527845102	413.0	0.96267924	0.69796085925
10317.000012335	548.438596491	5.47132531056	385.0	0.93410894	0.637036569814
10317.000022554	715.344262295	6.29173458593	460.0	0.972331	0.711292935688
10317.000003718	679.714285714	6.42237753712	504.0	0.9682505	0.715403506613
10317.000006113	526.6	5.15139315871	367.0	0.91034648	0.604649424674
10317.000006662	637.957746479	6.31023855567	452.0	0.97129026	0.715432031771
10317.000013756	740.304347826	6.64860850931	512.0	0.97314006	0.738734278812
10317.000001216	582.044117647	6.22928438036	451.0	0.96917634	0.706509691583
10317.000016722	575.346938776	6.15786879832	388.0	0.97252676	0.716038512403
10317.000016358	379.406779661	4.91369595216	316.0	0.91709966	0.591742015014
10317.000035392	760.766666667	5.97408212816	439.0	0.96514698	0.68056842518
10317.000043118	738.6	6.54242892693	534.0	0.9712869	0.722066933517
10317.000006685	525.0	4.91627729378	294.0	0.92523976	0.599569969021
10317.000005992	439.97826087	4.36372461382	319.0	0.8293808	0.524649288963
10317.000012947	678.508196721	6.02255838921	454.0	0.96235368	0.682323152462
10317.000012122	693.519230769	5.69689728693	414.0	0.9498635	0.655306359207
10317.000004758	581.838709677	5.68625139204	404.0	0.95093932	0.656746650665
10317.000042014	753.404494382	6.67159792624	558.0	0.97668172	0.731204430348
10317.000027267	812.0	6.3558534046	512.0	0.9674524	0.706205933845
10317.000006625	376.949152542	4.9556879099	306.0	0.91492592	0.60015200985
10317.000008951B	329.527777778	4.19855891092	228.0	0.87634154	0.536016579236
10317.000006778	920.493150685	6.56995039188	566.0	0.9763678	0.718446793463
10317.000012971	784.036585366	6.37324085083	534.0	0.96868158	0.703394187255
10317.000017652	803.566666667	6.91600706559	578.0	0.9798896	0.753794341766
10317.000015254	717.901408451	6.27780281711	491.0	0.965404	0.702248133453
10317.000001438	574.125	5.96079514394	411.0	0.96571538	0.68649071314
10317.000006803	487.875	5.81747268458	389.0	0.95622052	0.67616519492
10317.000013299	622.3	5.82392576993	454.0	0.95220962	0.65981915562
10317.000036039	398.818181818	5.25271028065	307.0	0.932539	0.635760104302
10317.000011026	758.660377358	5.86470293301	441.0	0.94578474	0.667609187646
10317.000012993	631.90625	5.96355920597	443.0	0.96192568	0.678358401677
10317.000009419	591.0	6.11212732439	442.0	0.96043066	0.695516055519
10317.000010693	778.8	6.29090100764	524.0	0.9682624	0.696402792892
10317.000008951A	268.097560976	3.94099382204	204.0	0.8590637	0.513656848569
10317.000001669	471.444444444	5.07377195674	337.0	0.92237098	0.604264710436
10317.000036068	521.5	5.76800172864	409.0	0.94955054	0.664825990578
10317.000042981	673.878378378	6.15989550437	461.0	0.96596576	0.696141709941
10317.000028776	829.535714286	6.75770425293	595.0	0.9734642	0.733198501607
10317.000004011	326.4	4.77483289467	268.0	0.9159056	0.591963810705
10317.000004285	627.220930233	6.21617255164	483.0	0.96465346	0.697202405676
10317.000026116	547.8125	4.99882039889	348.0	0.9002736	0.592070810536
10317.000022498	664.559322034	6.37630070606	457.0	0.9701561	0.72162340071
10317.000023929	732.203125	5.32086079395	472.0	0.8692846	0.599017743298
10317.000009558	563.229508197	5.52510134373	406.0	0.93889494	0.637609597197
10317.000002051	607.098591549	5.81566201817	439.0	0.93317706	0.66252118002
10317.000016726	721.517241379	6.80312889154	528.0	0.98016286	0.752192883432
10317.000005927	668.012345679	5.88129761257	509.0	0.93160188	0.654093679941
10317.000013539	678.492537313	6.17045546826	479.0	0.9620636	0.693007339402
10317.000004289	616.48	6.08793019003	449.0	0.95594036	0.69098015911
10317.000011073	561.701754386	5.49364948758	391.0	0.9449227	0.63797859336
10317.000001111	483.630434783	4.94729560841	331.0	0.89225586	0.591026204657
10317.000013053	512.341463415	4.2270945772	295.0	0.85896542	0.515212130273
10317.000010225	735.514285714	6.90038561733	513.0	0.98306088	0.766469776994
10317.000003226	612.034482759	6.40860538856	487.0	0.97005002	0.717827595598
10317.000013167	579.545454545	6.02812795309	430.0	0.96249914	0.689071223821
10317.000010879	497.264150943	5.10431426445	358.0	0.91635338	0.601653123837
10317.000013055	598.625	5.35187798561	407.0	0.92260848	0.617366362032
10317.000006665	564.247191011	6.93719970689	488.0	0.98465338	0.776777934976
10317.000002638	480.391891892	5.69863257503	379.0	0.95519242	0.665257602816
10317.000002443	667.078947368	6.71408044466	522.0	0.97715426	0.74370296359
10317.000017349	804.739130435	7.01658215444	539.0	0.9825024	0.773250249982
10317.000005814	503.95890411	6.20272283037	411.0	0.97001296	0.714352953994
10317.000020071	501.514285714	5.79186803999	378.0	0.96156768	0.676442893465
10317.000004026	538.121621622	6.03796633997	430.0	0.95211672	0.690195843162
10317.000013134	584.092307692	6.26222588964	419.0	0.97517332	0.718903116182
10317.000004822	443.62295082	6.13271590112	375.0	0.96637778	0.717214069724
10317.000009101	567.444444444	6.61230646097	433.0	0.9794204	0.754982637329
10317.000013159	650.88	6.27119085147	477.0	0.96662124	0.704798805787
10317.000016772	537.573170732	6.27154595732	440.0	0.9705888	0.714188481273
10317.000006635	543.725490196	5.30099745519	399.0	0.91013132	0.613523979276
10317.000001734	586.5	6.25687330595	422.0	0.96840432	0.717440906308
10317.000001286	558.02	5.68406305256	398.0	0.93865228	0.658134780924
10317.000014397	745.942857143	6.37539847228	484.0	0.9740088	0.714821867168
10317.000016731	741.509090909	6.29550903253	471.0	0.96161202	0.708986993596
10317.000016458	1020.9047619	6.66388409008	577.0	0.97115332	0.726512592637
10317.000009174	502.170731707	6.26952081161	425.0	0.96685878	0.718049677183
10317.000013222	602.944444444	5.38375428097	396.0	0.92513416	0.623888259345
10317.000004847	394.888888889	5.48159868967	324.0	0.93647498	0.657277851253
10317.000002261	648.04	6.17956829573	472.0	0.9614437	0.695690264867
10317.000016729	678.643835616	6.63480912109	500.0	0.97731608	0.740014360199
10317.000001652	452.515151515	6.25297740161	376.0	0.9732339	0.730950079545
10317.000017083	548.661764706	5.73810088145	393.0	0.9587548	0.665797657804
10317.000002606	452.918918919	5.64859751143	390.0	0.93209658	0.656254297852
10317.000011357	570.674157303	6.13114137911	466.0	0.9642324	0.691675612296
10317.000004813	637.263157895	6.26212004957	449.0	0.96491046	0.71075071053
10317.000013453	504.392857143	5.44864569927	366.0	0.93035116	0.639835339754
10317.000016768	708.333333333	6.44755806253	492.0	0.97171846	0.721000570776
10317.000013174	374.115384615	4.04126144047	277.0	0.80796132	0.498076147574
10317.000016166	606.568181818	5.42325343425	366.0	0.9304162	0.636853521993
10317.000011358	742.549295775	6.93648403002	533.0	0.98248508	0.76578608618
10317.000001436	563.43902439	6.1287086157	458.0	0.96159012	0.693355279799
10317.000009385	600.363636364	6.49156131153	474.0	0.97419544	0.730312613353
10317.000006053	532.338709677	5.45159446372	395.0	0.92705132	0.632016981202
10317.000002185	446.936170213	5.32692858787	324.0	0.93246064	0.638731941944
10317.000016488	461.774193548	4.15063327453	254.0	0.83245336	0.519564038046
10317.000001516	443.428571429	5.0208023392	332.0	0.88789492	0.59949596421
10317.000011352	687.181818182	6.4251758494	505.0	0.96678938	0.715487303271
10317.000004009	439.558823529	5.54585626958	353.0	0.9474248	0.655265587359
10317.000013801	494.358208955	5.74372970194	386.0	0.95311352	0.668461847062
10317.000003996	764.623188406	6.62168419083	549.0	0.96419504	0.727604645043
10317.000017339	608.0	5.92738356528	413.0	0.94917852	0.68209262934
10317.000010183	826.957746479	6.8611951319	566.0	0.97837266	0.750295412875
10317.000012318	544.269230769	5.17196181573	378.0	0.89026278	0.604042908328
10317.000007666	585.975	6.28061609169	450.0	0.96732854	0.71259042577
10317.000002349	531.818181818	5.66740683194	377.0	0.95011946	0.662202411148
10317.000015908	414.277777778	5.50240261536	317.0	0.9498092	0.662274685157
10317.000001423	428.3	4.82426466137	317.0	0.89400574	0.580653322387
10317.000005845	539.3	6.1014910111	412.0	0.96479662	0.702410710965
10317.000009118	557.620689655	5.79928896493	397.0	0.95877392	0.671758622877
10317.000005576	545.405797101	6.08564884935	422.0	0.96716798	0.697807548987
10317.000002801	649.6	6.56945488086	480.0	0.97243794	0.737569953324
10317.000013265	789.202702703	6.42149984894	544.0	0.966521	0.706632859041
10317.000010833	481.632653061	4.91282047355	331.0	0.90977276	0.586907649849
10317.000013238	365.019607843	4.92884911685	266.0	0.94170168	0.611877877197
10317.000012983	596.652173913	5.80686082008	439.0	0.92274682	0.661518546077
10317.000004915	461.181818182	6.01790421574	379.0	0.96543044	0.70252933135
10317.000001099	808.862745098	7.33519435186	642.0	0.9864747	0.786495449516
10317.000015856	860.272727273	6.39571508589	533.0	0.96964658	0.706085331235
10317.000003061	539.098591549	5.98924350542	421.0	0.95655932	0.687022919269
10317.000028859	573.459183673	6.35376842016	477.0	0.97097232	0.714079430979
10317.000012903	652.276315789	6.49189441039	487.0	0.97400214	0.727156795114
10317.000004736	647.458333333	5.70787839114	473.0	0.9098815	0.642367030261
10317.000010962	616.015873016	6.1239345292	441.0	0.96306152	0.697118848634
10317.000002348	685.844827586	5.76117412133	472.0	0.92884254	0.648587823389
10317.000002444	459.014285714	5.73359021526	378.0	0.95099762	0.669636519405
10317.000015584	675.130434783	5.62867806514	457.0	0.93518522	0.637012900444
10317.000023375	675.8875	4.95882588696	470.0	0.85160776	0.558645459341
10317.000015624	734.725274725	6.11400274461	529.0	0.95755568	0.67579518132
10317.000006671	690.465753425	6.58482601972	496.0	0.97543716	0.735389954773
10317.000009102	506.417910448	5.40488475431	387.0	0.92478666	0.628753541701
10317.000015214	812.467532468	6.36544666129	522.0	0.97198526	0.705085616057
10317.000002172	603.068493151	5.78860121218	431.0	0.94345904	0.661437704375
10317.000001189	485.05	5.68255108483	360.0	0.94920812	0.669176800443
10317.000007678	312.411764706	3.02739749065	258.0	0.70027388	0.377894346786
10317.000003358	553.438596491	5.78922031605	390.0	0.95364756	0.672591861242
10317.000009231	489.649350649	5.1254781243	406.0	0.9025945	0.59149214448
10317.000018318	524.95890411	6.30831631921	432.0	0.96776338	0.7205479588
10317.000013859	655.638888889	6.08122252732	470.0	0.95414328	0.68509107389
10317.000013757	524.641304348	6.5165999749	463.0	0.96939216	0.735934142987
10317.000012298	752.153846154	5.83193605541	473.0	0.94118434	0.656328531876
10317.000017171	713.0625	6.19998020587	498.0	0.96457876	0.691961927338
10317.000014587	490.638297872	5.26229365268	331.0	0.93684376	0.628657289054
10317.000016764	617.484375	6.17306766224	431.0	0.96797504	0.705368974955
10317.000016727	596.514705882	6.00856694672	421.0	0.96493346	0.689239500886
10317.000002013	593.220779221	5.85103923779	474.0	0.93832208	0.658252699392
10317.000013454	537.1	6.31608590687	410.0	0.97477588	0.727703253474
10317.000016766	663.305084746	6.09465088701	445.0	0.96288054	0.692758054978
10317.000001234	576.928571429	4.64822390082	372.0	0.84736376	0.544342130606
10317.000026623	898.865979381	6.58091776087	625.0	0.96436664	0.708561752553
10317.000006761	621.192307692	6.880366143	500.0	0.98110504	0.767402596867
10317.000009532	574.0	6.62897843011	445.0	0.97937148	0.753493233472
10317.000005846	456.305084746	6.22726330462	369.0	0.97237932	0.730258586472
10317.000004821	836.021276596	6.80932263377	607.0	0.97231654	0.736497086774
10317.000002712	584.308823529	5.60506506858	435.0	0.93416426	0.639491977784
10317.000013734	696.705128205	6.69928209084	519.0	0.9790888	0.742747902051
10317.000009659	600.666666667	5.86781122654	410.0	0.95572252	0.676055611543
10317.000017292	663.077922078	6.89009644633	502.0	0.98159698	0.767994537941
10317.000015862	601.318181818	5.95066866137	411.0	0.96397022	0.685324470034
10317.000002446	625.109090909	4.49567754604	388.0	0.84442526	0.522758500992
10317.000006678	466.810344828	5.76044748335	378.0	0.95159688	0.672773229015
10317.000014224	643.638888889	6.6153552311	458.0	0.98105334	0.748410760708
10317.000017218	658.164383562	6.51557825171	466.0	0.97745946	0.735045287338
10317.000009661	602.04109589	6.20620910348	451.0	0.96613218	0.703892551996
10317.000006729	463.75	5.83446888736	379.0	0.9633928	0.681115115707
10317.000013686	493.468085106	5.54710493056	339.0	0.95362804	0.659965683492
10317.000010845	679.652173913	6.52387556422	469.0	0.97742176	0.735213461819
10317.000017205	712.821428571	6.34495529792	508.0	0.96141888	0.705882508845
10317.000014551	549.603448276	5.84182699942	377.0	0.96458486	0.682582358958
10317.000005238	574.473684211	5.66228258808	439.0	0.93612336	0.645048169949
10317.000022448	690.538461538	5.85743366309	484.0	0.94856404	0.656746662356
10317.000001004	361.066666667	5.28879843895	276.0	0.9460376	0.652251647897
10317.000014122	572.082191781	5.81213391362	433.0	0.95467614	0.663620208246
10317.000016728	794.178571429	6.77290138922	562.0	0.97579402	0.7414698145
10317.000010773	517.442307692	4.44587515705	366.0	0.84931266	0.522079833892
10317.000005553	492.258064516	6.30529809984	392.0	0.97030356	0.731922283389
10317.000014054	621.9	6.37072925241	491.0	0.97180922	0.71264307857
10317.000026081	595.944444444	5.35361820566	389.0	0.93911752	0.622251361344
10317.000016769	582.625	5.70016919832	391.0	0.94933872	0.661961767908
10317.000004738	768.379746835	6.42142504411	524.0	0.97064214	0.710851804793
10317.000036427	689.085714286	6.35783284962	479.0	0.97084144	0.714051798954
10317.000043092	635.266666667	6.31976635635	444.0	0.96467154	0.718611270196
10317.000036069	369.736842105	5.14875510028	269.0	0.93866688	0.637896191422
10317.000028711	627.466666667	5.69530178076	389.0	0.95091426	0.661965263529
10317.000027901	920.858974359	6.86100396703	592.0	0.97732678	0.744995787984
10317.000031057	710.142857143	5.73285824129	432.0	0.94796852	0.654818036197
10317.000021275	767.0	5.42674887301	482.0	0.92114568	0.608865281312
10317.000031439	640.6	5.70458924558	404.0	0.94448426	0.658864623132
10317.000036437	704.085714286	6.18333857436	494.0	0.96293704	0.691001879374
10317.000043117	739.8	5.99398041227	486.0	0.95853556	0.671608553103
10317.000040144	506.2	4.55627069766	303.0	0.8511966	0.552732564761
10317.000039994	563.428571429	5.70310185505	400.0	0.94311008	0.659786758344
10317.000036067	585.153846154	6.63200445263	446.0	0.97974146	0.753559809571
10317.000036877	681.554455446	6.55128754021	541.0	0.97094466	0.721548380353
10317.000038417	543.12195122	5.84839730456	444.0	0.9477871	0.66501259361
10317.000031891	517.53164557	6.19117351864	436.0	0.96337188	0.70609527461
10317.000028719	680.014705882	5.83979720196	427.0	0.95930226	0.668314893967
10317.000023341	611.246153846	5.31342787496	398.0	0.93421388	0.615220425619
10317.000035492	669.04	6.34196908943	493.0	0.96192652	0.708960807919
10317.000027775	689.518987342	6.00838464104	499.0	0.94979122	0.670361972008
10317.000036094	408.790697674	4.14881074491	289.0	0.8126221	0.507504398944
10317.000039831	566.454545455	5.59165960622	414.0	0.93452854	0.643201011695
10317.000043164	588.076923077	5.3173723007	335.0	0.9416511	0.633924814388
10317.000036422	663.086956522	6.37396976445	467.0	0.97028212	0.71881914977
10317.000036939	554.181818182	5.54583324135	396.0	0.9470929	0.642670535651
10317.000036147	623.291666667	6.11683190887	466.0	0.94670054	0.690061310655
10317.000035412	669.767857143	6.0690583179	434.0	0.96201982	0.692692213615
10317.000031272	384.903225806	3.84420171157	222.0	0.81931944	0.493199461959
10317.000037565	591.147540984	5.73537011868	420.0	0.93891932	0.658160262648
10317.000014232	687.253521127	6.17258159512	499.0	0.9632599	0.688681603741
10317.000009677	539.693548387	5.37492542612	385.0	0.94248984	0.625812552189
10317.000036045	678.396226415	6.27404457808	420.0	0.97003038	0.719975649683
10317.000018424	543.6	4.82692673783	372.0	0.88351264	0.565269582708
10317.000014978	718.553571429	6.3307989541	459.0	0.9698022	0.715963370397
10317.000017133	735.444444444	5.83674521646	447.0	0.95316758	0.662955287968
10317.000026136	607.442857143	5.98001424278	428.0	0.96287464	0.684097331956
10317.000013197	803.016666667	6.3280306789	491.0	0.97345106	0.707866726967
10317.000001936	494.545454545	4.84978671683	345.0	0.91516796	0.575270032909
10317.000009495	394.326086957	4.80034896723	291.0	0.9215914	0.586490174391
10317.000033748	561.725806452	5.11579241603	391.0	0.8697671	0.594097977471
10317.000006717	496.12345679	6.04071414425	418.0	0.96020154	0.693748133346
10317.000022553	938.558823529	6.47335891997	558.0	0.97110136	0.709477515559
10317.000034127	521.789473684	5.58934425971	388.0	0.94312182	0.649930337932
10317.000005085	396.015873016	5.74947410689	338.0	0.96078766	0.684389551177
10317.000009648	624.0	6.06460216094	463.0	0.9566723	0.68488902358
10317.000013001	831.304347826	5.90845899827	501.0	0.94847364	0.658788996683
10317.000034147	912.780821918	5.60565158945	510.0	0.94304898	0.623241195579
10317.000028856	568.017857143	5.38252868506	379.0	0.93946846	0.62835567708
10317.000005163	436.028571429	4.41649705366	283.0	0.87968434	0.542256890588
10317.000009628	549.098591549	6.06704774941	431.0	0.96254148	0.693254551248
10317.000016762	579.524590164	5.76627753746	406.0	0.94605678	0.665441893144
10317.000014291	664.246575342	6.4929968251	490.0	0.96854868	0.726559235075
10317.000011191	597.666666667	6.02987639213	407.0	0.96719436	0.695576928644
10317.000013764	769.844827586	5.8804516079	457.0	0.95056614	0.665506801297
10317.000016333	685.530120482	6.11406650823	476.0	0.96626348	0.687374004834
10317.000034126	632.067567568	6.04178370672	447.0	0.95797368	0.686244183802
10317.000006036	523.0	6.46234469395	438.0	0.97378696	0.736467409415
10317.000013902	732.441558442	6.18284523052	509.0	0.9579229	0.687630563142
10317.000015295	521.909090909	4.79075843	345.0	0.88653062	0.568268239532
10317.000006795	775.904761905	6.26083749572	539.0	0.95952432	0.689964722439
10317.000002141	511.348837209	5.01886157147	334.0	0.90813542	0.598644870618
10317.000006017	536.139534884	4.87514313199	332.0	0.88737226	0.582103901952
10317.000014451	519.807692308	5.34812647925	351.0	0.93488134	0.632515612927
10317.000013984	593.131147541	6.07919202153	400.0	0.97036712	0.703296293698
10317.000015587	482.857142857	4.89137860374	310.0	0.89478776	0.591022846469
10317.000003508	557.411764706	6.07852431631	436.0	0.95570882	0.693247779832
10317.000036114	417.388888889	5.19377941037	322.0	0.9326744	0.623434309376
10317.000010712	565.25	6.36288967704	448.0	0.97300372	0.722451829562
10317.000013986	559.229508197	5.92751264077	402.0	0.95890368	0.685178271078
10317.000014259	688.238095238	5.7339196975	441.0	0.94525158	0.652721461769
10317.000006899	712.11627907	6.55258323504	531.0	0.9765853	0.723836948617
10317.000003879	423.0	5.46143070076	322.0	0.94833104	0.655561780373
10317.000003287	596.285714286	6.79538189459	498.0	0.98011528	0.758412994339
10317.000013952	493.328125	5.98636351906	378.0	0.96316254	0.699158377265
10317.000010169	314.1	3.92783940369	241.0	0.84654552	0.496384978582
10317.000001805	496.232876712	6.21519398889	408.0	0.9687957	0.716661573183
10317.000005009	549.018518519	5.84617465079	384.0	0.95800642	0.680978472567
10317.000033803	624.41025641	5.5672221513	353.0	0.94510478	0.65779005362
10317.000014237	761.365384615	5.95036794652	455.0	0.95178896	0.673902015391
10317.000017185	803.154929577	6.42600611984	534.0	0.9719024	0.709217721054
10317.000035361	353.1875	5.48097385677	289.0	0.95033528	0.670461612698
10317.000044399	499.142857143	5.48195735043	354.0	0.9317751	0.647403485909
10317.000005987	537.529411765	6.2230526973	418.0	0.97237104	0.714688874423
10317.000003922	655.876712329	6.11974819126	466.0	0.9684905	0.690390306724
10317.000015542	484.025641026	4.86984028229	304.0	0.91208994	0.590431993292
10317.000017114	338.714285714	5.04831528903	223.0	0.9469273	0.647145246548
10317.000014222	464.676470588	5.38031488973	301.0	0.94915894	0.65345681498
10317.000001882	638.820895522	6.39856802908	483.0	0.96304088	0.717659779502
10317.000012004	756.784810127	6.46448617943	539.0	0.96433686	0.712407471932
10317.000001732	563.8125	6.35827486712	459.0	0.96661702	0.719070679195
10317.000001151	609.571428571	6.0599780501	425.0	0.96810264	0.694050695956
10317.000002262	530.151515152	6.37986714806	449.0	0.96634308	0.724115007805
10317.000027295	738.577464789	6.05166589274	491.0	0.96219002	0.676951984837
10317.000029188	772.6	5.85505134089	467.0	0.95088588	0.660298555257
10317.000014392	549.758064516	5.50435268789	386.0	0.94808346	0.640602875756
10317.000002512	498.382978723	5.31344561084	349.0	0.93081276	0.629027259297
10317.000012242	708.052631579	6.11814380626	459.0	0.96297372	0.691913752413
10317.000031519	569.264150943	5.73201370583	375.0	0.95474888	0.670352408941
10317.000015329	640.75	6.28784346971	442.0	0.96989864	0.715511286933
10317.000014318	642.524590164	6.31549929217	434.0	0.97434586	0.72081976406
10317.000013609	492.75	4.74906678272	342.0	0.89123232	0.564166071373
10317.000014317	535.333333333	5.51834207119	379.0	0.93153646	0.644210513569
10317.000029154	513.716981132	5.81195085113	379.0	0.94944672	0.678486363176
10317.000009529	375.538461538	5.01858444215	286.0	0.92946214	0.615032300758
10317.000011955	547.915254237	5.48441312288	383.0	0.94481904	0.639119557983
10317.000003266	391.818181818	5.3951053264	339.0	0.92984106	0.64188156143
10317.000016405	653.887096774	6.42343938953	433.0	0.97685898	0.733418095434
10317.000010984	607.397058824	6.11489236911	425.0	0.96975154	0.700340045688
10317.000010843	549.417910448	6.09359877294	430.0	0.96415388	0.696555148898
10317.000008955	393.981132075	5.78164935164	315.0	0.9664506	0.696650733279
10317.000027648	528.857142857	4.62199835639	323.0	0.86742606	0.554502927843
10317.000014357	467.272727273	5.39937139362	365.0	0.92541756	0.634343079886
10317.000017093	422.333333333	4.96447947143	334.0	0.90168628	0.592158227228
10317.000014379	601.725806452	5.87292836921	431.0	0.94902654	0.671073393398
10317.000005915	377.020408163	4.48988147461	276.0	0.8623019	0.553723615011
10317.000001363	439.559322034	5.14870546629	359.0	0.8703786	0.606597844184
10317.000013604	385.387096774	2.55408674587	199.0	0.54636752	0.334452310121
10317.000014095	494.0	5.44508731945	362.0	0.93525262	0.640610123029
10317.000012275	556.358208955	5.82102614132	394.0	0.95983618	0.675132354016
10317.000011389	661.25	6.1993768184	457.0	0.9664381	0.701600440162
10317.000002205	339.288461538	3.88460047518	269.0	0.80310492	0.481275920111
10317.000011155	543.779661017	5.62687494261	395.0	0.9346826	0.652337685515
10317.000006929	479.632653061	5.22831971859	329.0	0.93243832	0.625251718986
10317.000013648	407.118644068	4.99945874345	311.0	0.9039286	0.603743163799
10317.000012155	781.7	6.94056977139	565.0	0.983205	0.759187102917
10317.000006654	543.065217391	6.29683432161	393.0	0.9719219	0.730628064846
10317.000002071	580.0	5.45762626385	406.0	0.93052238	0.629822815412
10317.000004159	392.781818182	5.03876945433	315.0	0.89337962	0.607138589991
10317.000002568	318.837209302	4.82692200175	249.0	0.90617976	0.606397089215
10317.000008957A	614.758064516	6.44618355431	451.0	0.97245392	0.731109847738
10317.000002749	602.569620253	6.28755580979	463.0	0.9656708	0.710067675503
10317.000017661	613.615384615	6.22610353579	430.0	0.97236734	0.711701678602
10317.000002201	255.56097561	3.70685013022	200.0	0.82168302	0.484945037974
10317.000001939	449.591836735	4.88341548214	325.0	0.8783546	0.585239969439
10317.000009447	480.019230769	5.18028724416	345.0	0.92561104	0.614473210354
10317.000029245	673.732673267	6.23686351148	516.0	0.96962742	0.692121431931
10317.000014958	472.828947368	5.90372855478	382.0	0.95764766	0.688286510228
10317.000015364	680.678571429	5.95094395906	442.0	0.95740936	0.677174549767
10317.000016484	685.3	5.41771806682	398.0	0.94180152	0.627295767137
10317.000010908	597.517241379	5.95970008485	420.0	0.94686132	0.683903164395
10317.000001524	601.630769231	5.34903307092	432.0	0.9249129	0.610976790917
10317.000014949	453.018181818	5.28965170832	346.0	0.93382242	0.627135134539
10317.000015933	600.018181818	6.22597772522	418.0	0.96994986	0.715024800376
10317.000014012	597.246153846	5.74574379431	416.0	0.95464136	0.660396943194
10317.000004774	522.654545455	5.53520348202	384.0	0.93076308	0.644755697134
10317.000008954B	570.172413793	5.75216874395	400.0	0.94278694	0.665463262884
10317.000016703	640.888888889	6.32250834079	462.0	0.97114402	0.714266560338
10317.000003365	372.142857143	5.03211017105	281.0	0.91686626	0.61861893795
10317.000017216	816.044776119	6.88360414203	522.0	0.9835959	0.762480706451
10317.000004163	509.810344828	5.35323739407	363.0	0.94000068	0.629509300755
10317.000013697	573.671875	5.4325559331	406.0	0.91992684	0.626929640699
10317.000017161	560.615384615	4.68782009303	337.0	0.89716548	0.558299481183
10317.000001072	553.738095238	5.08044291815	351.0	0.91591816	0.600857043823
10317.000011956	695.7	5.43811772515	405.0	0.94140342	0.627829259047
10317.000007641	461.549295775	6.02923573804	389.0	0.96389518	0.700778427174
10317.000017079	401.216216216	4.60495384653	262.0	0.91861716	0.573224370937
10317.000009193	410.06	4.97196219087	315.0	0.89320568	0.599088753994
10317.000012984	524.676056338	6.0680320209	419.0	0.9653475	0.696609672949
10317.000015581	516.365384615	5.15510945959	345.0	0.93162754	0.611486682121
10317.000014802	557.395833333	5.61905162635	380.0	0.95139182	0.655676347789
10317.000017353	735.365853659	6.60038797005	521.0	0.97633164	0.731333618112
10317.000001059	443.196078431	5.17974996149	332.0	0.93468034	0.618474695426
10317.000017088	541.810344828	5.62467247012	395.0	0.94881552	0.65208234737
10317.000004602	470.071428571	5.4683699264	314.0	0.94789712	0.659267022803
10317.000014399	504.52	5.47464312625	352.0	0.9456099	0.647164416364
10317.000005008	555.362068966	5.66463395823	390.0	0.93894408	0.65811741292
10317.000010104	614.818181818	6.38505113923	450.0	0.97150706	0.724439488649
10317.000010565	750.097560976	5.52916900632	383.0	0.93374994	0.644335131609
10317.000027194	420.456521739	4.91042654024	315.0	0.91622086	0.591674112682
10317.000015224	653.131147541	6.73014107352	460.0	0.97799708	0.76085564901
10317.000013933	419.786885246	5.77291758493	337.0	0.9573973	0.687529988058
10317.000018033	690.146341463	5.40119104048	376.0	0.93330208	0.631379384109
10317.000006084	385.666666667	5.44212075834	286.0	0.95454246	0.666937079487
10317.000002059	624.677966102	6.19731052978	425.0	0.96919458	0.709779416805
10317.000003047	362.014285714	5.15595618003	318.0	0.92587728	0.620236830924
10317.000008982	434.317073171	5.54032345815	316.0	0.95052454	0.667204930641
10317.000010765	488.015873016	5.25168842086	365.0	0.89561582	0.616992602403
10317.000012072	585.788461538	5.23181399765	368.0	0.91859652	0.613806061905
10317.000017183	499.901408451	5.91818801883	417.0	0.94737756	0.679946413571
10317.000012228	541.142857143	6.19131930654	410.0	0.97044362	0.713328360173
10317.000011224	627.482142857	5.33908170255	406.0	0.89635836	0.616142496214
10317.000026111	373.340909091	4.44595318289	274.0	0.88625414	0.549016494049
10317.000006637	588.817204301	6.42842268163	493.0	0.97032884	0.718625347072
10317.000012113	433.222222222	4.29146596268	285.0	0.86452962	0.52624913337
10317.000013079	451.873015873	5.46918625593	346.0	0.9467358	0.648420547809
10317.000004162	460.018181818	5.83301901139	347.0	0.9638317	0.69121494087
10317.000012906	631.227272727	5.28599539908	411.0	0.93914512	0.608775618611
10317.000012976	592.157894737	6.08640994291	419.0	0.96696276	0.698719457175
10317.000009533	269.09375	3.8664101602	200.0	0.81894168	0.505819322631
10317.000014309	503.958333333	5.68799847718	365.0	0.94064684	0.668252322236
10317.000002371	479.575	5.82624148203	406.0	0.94791682	0.672361872374
10317.000002329	575.4	5.99013208931	453.0	0.93512318	0.678894114497
10317.000010761	603.013888889	6.11969560572	456.0	0.9524522	0.692830500086
10317.000009129	543.87755102	5.98198788439	378.0	0.95846362	0.698647338864
10317.000014323	593.881355932	5.72071695547	412.0	0.94485178	0.65857556073
10317.000006894	707.5	5.8815383507	445.0	0.95159144	0.668534284187
10317.000014241	351.725490196	4.8884070799	285.0	0.91343904	0.599450167315
10317.000001685	409.12	5.01594687458	316.0	0.92200486	0.604055794185
10317.000011302	583.157894737	5.29681393956	400.0	0.91224802	0.612783672388
10317.000012231	407.384615385	5.28936116148	283.0	0.94580956	0.649427023674
10317.000001579	623.3	5.80823310909	437.0	0.95319168	0.662171815777
10317.000017662	702.762711864	6.17333085445	465.0	0.9652052	0.696678739294
10317.000003432	335.725490196	4.74381775231	269.0	0.87341674	0.587727172503
10317.000011116	789.0	6.49387547023	516.0	0.97547292	0.720642736684
10317.000006841	558.964912281	6.25510646436	423.0	0.96572042	0.71695759439
10317.000013563	624.661290323	5.34699882301	442.0	0.871671	0.608449944327
10317.000017217	752.666666667	6.81384068475	511.0	0.98160514	0.757330750063
10317.000006728	302.0	4.43957506085	256.0	0.87268582	0.554946882606
10317.000013286	617.765957447	5.40735905845	380.0	0.93379166	0.630974348412
10317.000022964	638.1875	5.56849962952	419.0	0.94741478	0.639263387598
10317.000002466	546.0	5.58060566507	411.0	0.923251	0.642705187857
10317.000017644	606.017857143	5.84377763489	417.0	0.95558138	0.671397331735
10317.000017173	494.048387097	5.59906163055	375.0	0.9433886	0.654803816682
10317.000013332	761.662650602	6.98148198017	574.0	0.97817458	0.761762452803
10317.000002173	373.578947368	4.77980058635	261.0	0.91119342	0.595398175863
10317.000011329	494.714285714	5.82693983514	387.0	0.95693732	0.677851466805
10317.000007039	445.573170732	6.16311527694	401.0	0.96273168	0.712708286412
10317.000002886	536.666666667	5.90800231051	425.0	0.96027992	0.676644879143
10317.000009126	529.285714286	5.22804969592	366.0	0.91094236	0.613930715643
10317.000022636	445.692307692	5.00837115501	324.0	0.91117918	0.600534920086
10317.000014233	581.227272727	6.58276828728	438.0	0.97802072	0.750191228866
10317.000023088	658.766666667	5.93008622681	436.0	0.96007748	0.676318609093
10317.000004974	557.797101449	6.21935341321	440.0	0.9642549	0.708244920616
10317.000002414	232.84	3.79486213724	169.0	0.84773164	0.512758270137
10317.000006027	553.033898305	5.75969543305	402.0	0.95365766	0.665779796336
10317.000017098	559.28	6.29074766316	444.0	0.97217396	0.715311597582
10317.000014559	491.568181818	5.29375801599	332.0	0.93748892	0.632087533365
10317.000016313	553.127659574	5.70642820749	352.0	0.95039254	0.674564020934
10317.000022899	537.397590361	6.03345484353	441.0	0.95798348	0.686819082364
10317.000003837	663.6	5.49280150156	393.0	0.9426779	0.637335322274
10317.000010285	457.27027027	4.84902836666	277.0	0.93507702	0.597631557353
10317.000005848	458.489795918	4.69489148859	320.0	0.86780914	0.564159102922
10317.000005907	496.947368421	5.70709440393	390.0	0.94662686	0.663050469297
10317.000014132	918.692307692	6.19790749182	531.0	0.95134192	0.684657376452
10317.000003382	637.287671233	6.22990613902	478.0	0.96205494	0.69992128558
10317.000003221	321.622222222	4.40876156649	246.0	0.85794806	0.555083854556
10317.000014607	412.325	3.91919642944	281.0	0.78559432	0.481803666928
10317.000017125	755.070588235	6.85379238017	578.0	0.9758021	0.747013394697
10317.000013826	605.720588235	5.12384469278	421.0	0.89205832	0.587753484314
10317.000004872	401.902439024	5.43190406163	293.0	0.94320338	0.662851156919
10317.000014293	607.083333333	5.59718817583	368.0	0.95642766	0.656672433976
10317.000016721	600.454545455	6.65705772416	421.0	0.98163204	0.763627531133
10317.000016763	683.06	6.26330866897	419.0	0.9694668	0.719027419176
10317.000012173	455.5	5.26828433727	286.0	0.94683914	0.645633260604
10317.000012951	591.909090909	5.83562584913	415.0	0.9460307	0.670995474173
10317.000004705	691.518518519	5.36158125547	444.0	0.8774406	0.609657461843
10317.000007651	394.857142857	4.1632108461	268.0	0.86931876	0.51613746734
10317.000001827	567.96875	5.28012583642	398.0	0.90197216	0.611364516626
10317.000014666	638.3	6.49167966844	485.0	0.97015664	0.727616611215
10317.000017146	425.593220339	4.96935161845	340.0	0.89466376	0.590928838508
10317.000004161	483.103448276	5.95454526509	374.0	0.9620394	0.696691095583
10317.000023299	527.857142857	5.07132408209	346.0	0.92655938	0.601250457663
10317.000013733	503.5625	5.6576956403	392.0	0.94138512	0.656748253009
10317.000012034	400.677419355	4.84795770908	241.0	0.93244856	0.612665930621
10317.000014391	755.975903614	6.47933853547	521.0	0.9726505	0.71792114579
10317.000014646	555.936708861	5.55454317085	431.0	0.93304448	0.634692933424
10317.000001793	559.158730159	5.88839390166	424.0	0.95167168	0.674661728681
10317.000013214	423.234042553	4.74738651273	298.0	0.89763034	0.577599364329
10317.000023154	583.850746269	5.5392375424	394.0	0.94586046	0.642450040709
10317.000009222	472.56	5.83699637181	357.0	0.96240582	0.688342880366
10317.000027198	372.736842105	4.57052370534	272.0	0.8889992	0.565136903261
10317.000007734	600.122807018	5.95987102178	422.0	0.96066456	0.683385304171
10317.000006818	318.857142857	3.73552990026	206.0	0.78834246	0.485985772986
10317.000026639	717.658227848	6.16439874503	516.0	0.95228946	0.684079822903
10317.000005041	323.1875	4.78992955269	259.0	0.92608506	0.59748585482
10317.000013312	436.323943662	5.49734351585	368.0	0.93380348	0.644958474425
10317.000001285	624.039473684	6.04251023399	477.0	0.9455728	0.679098132673
10317.000017215	773.791044776	6.76358632759	517.0	0.98181902	0.750340688693
10317.000016698	699.246153846	6.59366844666	486.0	0.9765859	0.738801901329
10317.000014979	599.590909091	6.07486269926	428.0	0.96766986	0.694947736885
10317.000014538	555.56097561	4.25838132998	325.0	0.82462734	0.510334410114
10317.000004278	334.595744681	4.33120060649	255.0	0.85146158	0.541782476932
10317.000009556	444.636363636	5.68205402567	341.0	0.95210076	0.675339351063
10317.000022663	703.0	5.83005882562	428.0	0.95055574	0.666942840909
10317.000001141	414.681818182	5.40186175094	354.0	0.93712962	0.637944424665
10317.000002359	451.634146341	5.52970279454	326.0	0.95081202	0.662340741295
10317.000014236	441.97826087	5.63652784505	330.0	0.94828456	0.673716323697
10317.000001799	418.609375	5.03162720037	330.0	0.89382966	0.601414465223
10317.000023213	642.375	5.64618063411	363.0	0.95008882	0.663957706575
10317.000013652	626.593220339	5.81437959686	411.0	0.95303174	0.669628380027
10317.000010205	527.428571429	5.3761120138	341.0	0.93587922	0.638976676786
10317.000005989	593.181818182	5.88281256068	410.0	0.9636027	0.677783979367
10317.000011072	366.0	3.90718518197	216.0	0.88339382	0.503835185344
10317.000013178	308.0	3.62078236275	229.0	0.702863	0.46188139263
10317.000003423	294.734375	4.34564291363	268.0	0.8250936	0.538754632018
10317.000013306	597.411764706	5.61522056559	387.0	0.94175468	0.653222034981
10317.000002489	433.107142857	5.71547766988	328.0	0.9659453	0.683869830151
10317.000004759	370.818181818	3.98296295529	265.0	0.84626994	0.494787315665
10317.000002687	534.962264151	4.96240499843	354.0	0.88564256	0.586045838942
10317.000004158	478.970588235	5.24837722785	365.0	0.92521184	0.616603588161
10317.000004157	519.660377358	5.28183252636	359.0	0.92366692	0.62228228917
10317.000001321	492.285714286	5.91711424509	397.0	0.95826234	0.685406873277
10317.000003022	527.654545455	6.01950830369	389.0	0.96604334	0.699647806904
10317.000003757	410.815384615	5.68393462775	345.0	0.9555657	0.674214651339
10317.000002087	510.0	5.52414175494	385.0	0.9302482	0.643186086549
10317.000009214	511.053571429	4.85975002181	359.0	0.87978988	0.572554383971
10317.000013829	545.385964912	5.47826188101	396.0	0.926882	0.63484013029
10317.000016757	554.269230769	5.67487756056	388.0	0.94421908	0.659876171386
10317.000014593	502.135135135	6.07077856427	412.0	0.9592366	0.69887505852
10317.000006047	489.529411765	5.40992800129	361.0	0.93456654	0.636772636088
10317.000010098	556.723684211	5.51796366166	425.0	0.9237366	0.631973661946
10317.000009117	531.882352941	5.91846581499	375.0	0.96144534	0.692157768618
10317.000026135	579.28	6.13221529825	442.0	0.96720992	0.697801922223
10317.000009624	554.75	5.87129088674	398.0	0.96074874	0.6798131382
10317.000009075	550.640625	5.79413965565	392.0	0.96112988	0.672586745288
10317.000001765	618.52173913	6.27540650941	450.0	0.9733235	0.711999353429
10317.000016353	678.481481481	5.80607255294	484.0	0.94450382	0.650987956478
10317.000008949A	494.0	5.96125037709	381.0	0.9593228	0.69529924042
10317.000005571	274.848484848	3.32408041505	193.0	0.7102275	0.437813529761
10317.000006626	495.049180328	5.55976475401	378.0	0.94797468	0.649335124906
10317.000014608	475.666666667	5.12264614904	350.0	0.89978964	0.606143436871
10317.000015264	611.0	5.41095933363	406.0	0.93291262	0.624437342688
10317.000007732	428.055555556	5.29092794337	325.0	0.93873264	0.634077218948
10317.000027644	602.524590164	5.6687506726	429.0	0.9235791	0.648239952633
10317.000007697	632.763888889	6.30666895647	467.0	0.96874244	0.71122935701
10317.000004881	403.848484848	5.13169389417	277.0	0.92903004	0.632469431386
10317.000004642	338.885714286	3.13378989496	227.0	0.74449212	0.40040509556
10317.000001353	476.720588235	5.70397088153	382.0	0.9523262	0.664997751178
10317.000028759	411.386363636	5.26788071456	292.0	0.94259816	0.643222657175
10317.000004631	503.901408451	6.28909362322	427.0	0.96721182	0.719733030548
10317.000009433	346.56	4.98573261874	270.0	0.92762814	0.617289395657
10317.000009061	573.467532468	6.40101689429	456.0	0.9678017	0.724679791554
10317.000013995	757.217391304	6.44758896376	497.0	0.97451912	0.719829799174
10317.000015155	574.630434783	5.54363403452	357.0	0.95277426	0.653747368671
10317.000022965	663.048387097	6.10174736753	463.0	0.96065396	0.689083914456
10317.000016701	692.014285714	6.53383563078	494.0	0.9744098	0.730170707313
10317.000022638	468.571428571	4.44786090354	287.0	0.87097364	0.54475341158
10317.000013972	521.394366197	5.78930028261	394.0	0.95632874	0.671452735826
10317.000017163	659.553846154	5.48497579516	428.0	0.9407343	0.627466282683
10317.000001026	635.567164179	6.53272387387	471.0	0.97255154	0.735701630384
10317.000010919	499.095890411	5.08755608505	386.0	0.88607632	0.592095609322
10317.000014311	530.681818182	5.41457523689	379.0	0.94095812	0.632096787244
10317.000005039	460.133333333	5.14868707747	322.0	0.92591482	0.618021659896
10317.000004249	719.717948718	5.59121309252	377.0	0.94910302	0.653299630837
10317.000017176	416.404255319	5.15100811513	298.0	0.9274216	0.626706716416
10317.000002258	548.446808511	5.14662352235	356.0	0.91693812	0.607218663054
10317.000013118	532.016393443	6.28302514199	407.0	0.97025826	0.724778925247
10317.000013431	729.75	6.67041506083	506.0	0.97893514	0.74256037315
10317.000014197	789.465753425	6.54128241124	525.0	0.97440074	0.723899594199
10317.000015541	405.267857143	4.64638605887	304.0	0.89316196	0.563339827041
10317.000022661	677.875	5.99938062822	476.0	0.95508324	0.674480443317
10317.000014258	656.084745763	6.30905114807	459.0	0.97090642	0.713503865267
10317.000014324	626.88372093	5.29021794623	367.0	0.93690444	0.620944109494
10317.000002369	543.590909091	4.01864743746	372.0	0.7606425	0.470613971043
10317.000002372	470.052631579	5.15529485059	361.0	0.88363248	0.606801179431
10317.000013056	656.558441558	5.88769471229	445.0	0.95705892	0.669234056685
10317.000013852	692.448979592	5.89974162904	423.0	0.96022988	0.676225830844
10317.000012017	599.6	5.91419749827	430.0	0.95460744	0.676047910689
10317.000021237	300.285714286	2.26416956692	210.0	0.45977868	0.293504991737
10317.000016489	466.5625	4.2262459026	286.0	0.81625094	0.517930458481
10317.000012355	574.082191781	6.10312967371	435.0	0.96491334	0.696317066431
10317.000018409	678.22	5.60878217228	401.0	0.93683458	0.648604699286
10317.000004077	314.344827586	4.56806399075	197.0	0.92349466	0.599322085306
10317.000004294	538.22972973	5.99249375687	416.0	0.95939978	0.688757574445
10317.000022993	759.347826087	6.38413106257	510.0	0.97092308	0.709793217198
10317.000008963	274.4	3.97577839508	224.0	0.81574494	0.509235001454
10317.000013372	384.42	4.80608552807	297.0	0.91586846	0.585086293506
10317.000016407	656.428571429	5.99170765162	423.0	0.96090586	0.68676693653
10317.000006657	510.3	5.66789049944	364.0	0.9537542	0.666199730851
10317.000005805	548.533333333	5.92051830019	435.0	0.95225826	0.675482605638
10317.000012988	367.517241379	3.89754665077	220.0	0.82214896	0.500882467108
10317.000011093	696.06741573	6.72004901507	525.0	0.97847422	0.743683034789
10317.000004979	558.982758621	5.58828869332	396.0	0.9254399	0.647590421784
10317.000014188	485.545454545	5.64435045049	370.0	0.93799904	0.661598649247
10317.000011223	811.858695652	6.80818571558	589.0	0.9768016	0.739849391936
10317.000013608	436.325	5.07508299527	305.0	0.9155468	0.6149628913
10317.000009594	485.685185185	4.90428977198	349.0	0.89477224	0.580589730282
10317.000022994	747.108695652	6.64832237462	554.0	0.9790633	0.729483263131
10317.000002494	377.227272727	4.47110642398	280.0	0.8316154	0.550000094063
10317.000005887	456.053571429	5.07488504209	339.0	0.91735376	0.603783418084
10317.000028817	594.040540541	5.96260821205	441.0	0.95351592	0.67875424726
10317.000027879	647.012987013	5.94685815115	467.0	0.94706234	0.670651992084
10317.000002325	646.238095238	4.52668026788	399.0	0.85690384	0.523906475024
10317.000026127	691.509090909	5.67147278137	421.0	0.95309148	0.650571609468
10317.000031851	738.7	5.65965330637	448.0	0.93476706	0.642605340247
10317.000036428	504.06	5.5006929279	354.0	0.94342616	0.649616104029
10317.000026648	390.228571429	4.62806896061	268.0	0.85964634	0.573768632026
10317.000027761	911.679245283	6.6311302307	521.0	0.97489312	0.734739910108
10317.000030744	520.352941176	5.38224198642	343.0	0.93725646	0.639064426106
10317.000021239	384.56097561	5.03457458704	271.0	0.93706044	0.622925234524
10317.000036165	590.846153846	6.08544045258	428.0	0.9667729	0.696157803038
10317.000027762	359.322580645	4.59948485348	233.0	0.88173076	0.58486469787
10317.000023342	648.5	5.37215653421	365.0	0.93499576	0.631145752553
10317.000029227	603.571428571	5.55532265952	360.0	0.95189074	0.654194390377
10317.000030751	390.571428571	4.56192815064	312.0	0.8690657	0.550598272737
10317.000026658	667.35	6.28456598332	450.0	0.9717501	0.713038575269
10317.000036106	293.87755102	3.956694826	231.0	0.85395232	0.503925278957
10317.000030756	442.5	4.34323846572	313.0	0.84752154	0.523911772206
10317.000038402	535.086956522	5.61787384468	390.0	0.9552462	0.652684820949
10317.000033785	908.552238806	6.51731473661	549.0	0.97268468	0.716136308967
10317.000028955	861.5	6.51179524934	547.0	0.9722081	0.71594403554
10317.000035491	647.723684211	6.11131476124	474.0	0.95698812	0.687534175543
10317.000036399	400.02173913	4.12820778825	260.0	0.87798774	0.514587199748
10317.000002326	544.471698113	5.11500704608	342.0	0.91081492	0.607637997581
10317.000036934	410.171428571	4.49958852137	242.0	0.89804506	0.568211419562
10317.000036101	512.514285714	5.72782938983	389.0	0.95209088	0.665745949459
10317.000043083	612.217391304	4.94474309979	437.0	0.87580202	0.563729012842
10317.000036085	623.41025641	4.8836101238	352.0	0.89554252	0.577297665371
10317.000036124	410.88372093	3.46970195034	279.0	0.67645374	0.427086427832
10317.000033728	450.2	4.99349310756	341.0	0.8960607	0.593500586154
10317.000036081	443.117647059	5.59834601925	334.0	0.94432874	0.667765205445
10317.000037612	457.848484848	4.5581960066	286.0	0.8702904	0.558611259721
10317.000028718	486.5	5.04429411149	296.0	0.93172884	0.614449450753
10317.000030771	269.2	3.6354765007	184.0	0.8144899	0.483212143654
10317.000034241	534.762711864	5.86634004655	397.0	0.95882968	0.679525461625
10317.000009144	311.541666667	4.3982280216	208.0	0.89026164	0.571165827224
10317.000004765	464.054545455	5.93003896464	359.0	0.965117	0.698651122194
10317.000006675	639.943181818	6.66434059025	499.0	0.97741876	0.743547686627
10317.000031829	464.181818182	3.88731769231	255.0	0.77233542	0.486257922296
10317.000033666	539.651162791	4.92672949856	323.0	0.92209448	0.591061640656
10317.000031926	1065.98507463	5.70963242399	483.0	0.96504658	0.640389150793
10317.000027821	463.8	5.15743387744	313.0	0.92720312	0.622125711976
10317.000013063	484.37254902	4.90857381401	325.0	0.90549372	0.58825500296
10317.000014234	393.75	4.81781764183	270.0	0.9101362	0.596499645676
10317.000022526	475.886792453	5.1273425113	332.0	0.93329988	0.612217118896
10317.000033713	559.130434783	3.76129976402	259.0	0.74210232	0.469176713356
10317.000014018	568.115384615	5.81195870624	381.0	0.95864166	0.677886385938
10317.000010207	442.923076923	5.56540006795	349.0	0.95026096	0.658854650642
10317.000006777	360.491803279	5.34406970234	315.0	0.93919424	0.643925262567
10317.000014678	435.391304348	2.24144242236	207.0	0.58080968	0.291342850744
10317.000002711	273.848484848	3.40168254926	192.0	0.73377156	0.448477174269
10317.000013755	410.634146341	4.81992750692	280.0	0.9104273	0.592909300472
10317.000016381	386.333333333	3.96960401534	249.0	0.82354066	0.498693850732
10317.000001221	432.172413793	5.51967759942	360.0	0.93363934	0.649996830705
10317.000009497	468.5	4.38692309883	280.0	0.88876534	0.539644528267
10317.000002161	525.5	5.46277945681	358.0	0.95188302	0.643905949897
10317.000023343	271.0	4.17975155298	198.0	0.89520612	0.547851117876
10317.000036151	547.144927536	6.06274265162	418.0	0.96446844	0.696278005725
10317.000038424	660.086956522	5.65246248076	424.0	0.9378549	0.647629926302
10317.000036191	554.172413793	5.54517541377	384.0	0.94601638	0.64591725512
10317.000005799	173.5	1.83554293993	109.0	0.4242651	0.271201677119
10317.000016723	494.022222222	5.59150027793	338.0	0.95070288	0.665585111694
10317.000004927	276.162162162	3.50714844605	209.0	0.80356914	0.455038929151
10317.000016717	545.365384615	6.0532726039	374.0	0.96805044	0.708242348412
10317.000002382	581.117647059	6.30584344957	465.0	0.96879362	0.711633179593
10317.000001575	435.783783784	5.35532238072	362.0	0.92341802	0.630049350525
10317.000012154	402.12244898	4.95578658787	297.0	0.92585114	0.603310696235
10317.000006034	582.75	5.72926236992	409.0	0.95262334	0.660360851047
10317.000001782	592.518987342	5.74909286234	464.0	0.94387002	0.649029712922
10317.000014556	336.65	3.61537126312	232.0	0.78986344	0.460089082088
10317.000010979	476.942307692	4.87070303762	335.0	0.90330864	0.580673939017
10317.000005228	188.461538462	0.925679199629	98.0	0.2065088	0.139942525287
10317.000002067	374.071428571	4.54019142299	285.0	0.8702985	0.556749563543
10317.000012156	618.012820513	5.97991586593	459.0	0.96167832	0.676281263882
10317.000008991	401.288461538	5.20696432912	308.0	0.93718166	0.62986558362
10317.000001405	321.87755102	4.99436002871	259.0	0.93486134	0.622986087416
10317.000010776	467.765625	6.42346351812	398.0	0.97295388	0.743746984538
10317.000013965	620.157894737	5.244194232	330.0	0.93540296	0.626821929362
10317.000003281	259.0	4.57327653081	196.0	0.9177245	0.600584477207
10317.000002272	555.8	4.69303965598	347.0	0.89158904	0.556126959637
10317.000002126	383.466666667	4.85700751041	306.0	0.90108086	0.588201450984
10317.000012202	441.8	4.85240649679	299.0	0.92750994	0.590029852744
10317.000001794	420.3	4.98644108933	331.0	0.9018348	0.595702700029
10317.000002276	491.017857143	5.17229195532	382.0	0.86955866	0.603011935047
10317.000009198	481.418604651	5.13241914134	342.0	0.90104922	0.609706469942
10317.000014594	421.275862069	3.76832528451	233.0	0.75393528	0.479175494475
10317.000016737	696.896103896	6.0912759207	490.0	0.95858628	0.681607105745
10317.000015605	481.982142857	5.5582163902	348.0	0.95227778	0.658326849271
10317.000009219	527.0	4.83818349976	374.0	0.86686002	0.56607502555
10317.000007005	290.541666667	3.48638074764	187.0	0.76449556	0.461962303325
10317.000006703	287.15	2.93850050184	214.0	0.67314034	0.379579284779
10317.000017746	371.323529412	4.89511945833	240.0	0.9296827	0.619095382583
10317.000026105	245.25	4.24130653095	191.0	0.89225508	0.559728982904
10317.000001301	282.0	3.31883351346	215.0	0.69155142	0.428336462177
10317.000009097	339.555555556	3.98375657065	234.0	0.7946816	0.506171786517
10317.000016414	423.578947368	4.53908385851	260.0	0.9057301	0.565803508926
10317.000003732	352.682926829	5.22464639933	285.0	0.93560788	0.640682150045
10317.000013814	350.571428571	4.09910059991	223.0	0.87657636	0.525465094092
10317.000018426	312.416666667	5.01859983976	251.0	0.92909266	0.629564375556
10317.000002132	556.486486486	5.01083757334	425.0	0.85980788	0.573892393066
10317.000003225	241.341463415	4.03300269597	209.0	0.8575866	0.523266481665
10317.000009392	302.125	2.72783922107	177.0	0.65289808	0.365289677229
10317.000009149	427.3	5.31097543882	316.0	0.93730922	0.639585220261
10317.000013912	293.043478261	4.04171860665	194.0	0.83686424	0.531811178704
10317.000007677	371.021276596	4.88622131042	274.0	0.92648748	0.603383792551
10317.000017208	428.825	5.33839610661	310.0	0.9464647	0.645035749246
10317.000013117	493.75	3.86009784736	343.0	0.70603466	0.458331532057
10317.000005026	257.142857143	3.79660975168	170.0	0.8499705	0.512405106492
10317.000009033	334.11627907	5.60171046593	273.0	0.95172216	0.692188134203
10317.000013524	664.329411765	6.28400425772	509.0	0.9634536	0.698881053207
10317.000002274	225.363636364	3.85012351658	177.0	0.83532134	0.515576712074
10317.000008999	324.885714286	3.0976227133	218.0	0.66576576	0.398757622604
10317.000016761	477.833333333	5.11696936197	350.0	0.91775738	0.605471724024
10317.000004025	152.454545455	2.96390063059	117.0	0.76555832	0.431403681109
10317.000001128	352.558139535	5.43192605254	298.0	0.94016756	0.660885105229
10317.000003559	452.0	5.62096564861	357.0	0.95713022	0.662866899094
10317.000017117	190.454545455	3.03770139733	137.0	0.71925252	0.427963886585
10317.000014561	538.068965517	5.97527581834	389.0	0.95342304	0.69450666251
10317.000002056	441.918032787	6.06931322978	364.0	0.9635979	0.713382666891
10317.000002243	369.333333333	4.89367341078	268.0	0.9044228	0.606697160821
10317.000003189	462.015873016	4.81638074662	339.0	0.89446878	0.573027921986
10317.000016315	430.5	3.20853173807	245.0	0.6690821	0.404268376954
10317.000011315	486.666666667	5.60888711881	349.0	0.94991866	0.664002824242
10317.000013913	326.607142857	3.43689964314	208.0	0.7564412	0.446325115051
10317.000013498	426.171428571	4.08253893368	258.0	0.8675404	0.50960218747
10317.000002589	490.092307692	5.56967933881	367.0	0.95806356	0.653746142853
10317.000004086	556.638888889	6.5890387048	449.0	0.97534174	0.747855982331
10317.000013551	474.447368421	3.25603471049	277.0	0.68874562	0.401298764966
10317.000006766	400.0	5.64422989488	334.0	0.9492546	0.673238188989
10317.000011962	385.0	3.36007159426	255.0	0.72316058	0.420305609553
10317.000002199	238.034482759	4.12440040307	183.0	0.8811793	0.548771304312
10317.000010556	462.875	4.0830994512	299.0	0.78278106	0.496485727138
10317.000028914	454.022222222	4.71230605456	290.0	0.91551164	0.576082937194
10317.000038479	309.37037037	4.63461136783	225.0	0.91084486	0.593132985736
10317.000042999	490.833333333	6.0930765208	363.0	0.97084006	0.716510040131
10317.000041554	684.897058824	6.28201198784	461.0	0.97136974	0.709942330024
10317.000037489	516.632653061	5.92422273878	366.0	0.96644962	0.695682427902
10317.000031493	351.322033898	5.23615507306	308.0	0.92447928	0.633396670796
10317.000039813	378.902439024	4.7614737588	270.0	0.889105	0.589523643519
10317.000009455	395.965517241	5.12318705477	242.0	0.9398879	0.646959910945
10317.000023819	380.097560976	4.65875837377	278.0	0.86201462	0.573813546871
10317.000008950B	328.533333333	3.68096042628	231.0	0.78270548	0.46880770219
10317.000001067	167.6875	2.04758546547	103.0	0.64010156	0.306226770961
10317.000009526	315.454545455	5.38988905141	258.0	0.95125912	0.67279193057
10317.000010876	278.777777778	5.07722902673	211.0	0.94067242	0.657578526404
10317.000001622	294.454545455	4.35113681684	217.0	0.89317442	0.560601442486
10317.000002271	433.933333333	3.46716511998	223.0	0.78136166	0.44445707091
10317.000002465	454.524590164	6.05220561379	375.0	0.966887	0.707798484238
10317.000001747	262.6	4.33410835245	217.0	0.86809526	0.558407491319
10317.000002038	332.441176471	3.79959828238	212.0	0.84038302	0.491671505254
10317.000023378	353.0	4.59688029971	268.0	0.86530458	0.5699019923
10317.000010178	298.6	4.77164768133	257.0	0.8968671	0.596036905304
10317.000011259	337.022727273	3.74523610326	246.0	0.74751618	0.471542872317
10317.000005025	297.46875	4.30002113617	222.0	0.87574792	0.551679716595
10317.000001225	174.0	2.41500349974	129.0	0.63816032	0.344448041942
10317.000015394	259.230769231	3.54188083908	169.0	0.83709012	0.478575670578
10317.000042586	699.762711864	6.3452922027	462.0	0.97160092	0.71684049932
10317.000001208	227.294117647	4.16253364711	182.0	0.89815338	0.554428277089
