	chao1	shannon	observed_otus	simpson	equitability
10317.000002503	522.818181818	5.42753294314	368.0	0.92888486	0.636768169355
10317.000013618	687.120689655	6.58804438466	451.0	0.979664	0.747199344602
10317.000031796	1028.88297872	6.52591335121	631.0	0.96756584	0.70159823908
10317.000026504	662.402985075	6.1037625041	448.0	0.96404558	0.693030150155
10317.000007104	720.5	5.85594351313	410.0	0.95926246	0.674688281556
10317.000007077	617.0	5.85366022649	385.0	0.96078788	0.681552534327
10317.000016408	929.265625	6.42731040814	532.0	0.97258286	0.70978574704
10317.000005802	598.25	4.48895301261	280.0	0.8885315	0.552195440022
10317.000006952	407.957446809	5.84277552664	332.0	0.9656182	0.697641554352
10317.000013023	600.418181818	5.95849798422	389.0	0.96759118	0.692556573856
10317.000002645	477.914893617	4.81712146274	336.0	0.8915699	0.573991809422
10317.000002027	617.5	5.80429836506	416.0	0.95758366	0.667127013473
10317.000027353	1003.23595506	6.54971706198	622.0	0.9598463	0.705729860612
10317.000023798	684.982758621	6.09798749529	446.0	0.95402574	0.692882269385
10317.000041962	848.0	6.54189140281	548.0	0.97440596	0.719044661874
10317.000040352	566.5	4.3523658947	349.0	0.78711648	0.515250741367
10317.000028811	543.518518519	4.96255450161	371.0	0.91143202	0.581417034909
10317.000027772	979.012345679	7.0064340951	619.0	0.98069498	0.755508790348
10317.000027617	787.136363636	5.51204745005	421.0	0.93576042	0.632284014977
10317.000039952	160.714285714	4.42442631488	140.0	0.89858546	0.620599056646
10317.000026028	770.660377358	6.09031181121	453.0	0.96760858	0.69024802499
10317.000001441	471.208333333	5.05629441795	367.0	0.89603142	0.593487124085
10317.000016347	702.603448276	6.15933939192	452.0	0.95330118	0.698323630185
10317.000001595	539.220779221	6.29319216408	432.0	0.97086544	0.718820448866
10317.000002146	589.776119403	5.8627801326	407.0	0.95923534	0.676301524734
10317.000012158	847.178571429	6.59424881241	563.0	0.972703	0.721709010277
10317.000014313	362.571428571	4.08716164157	235.0	0.8527787	0.518904697254
10317.000007749	387.9375	5.5674822379	310.0	0.94296896	0.672716112671
10317.000017335	711.95890411	5.95672705207	466.0	0.96634288	0.671999318929
10317.000002578	484.103448276	6.00594436762	375.0	0.9664906	0.702388284715
10317.000007719	455.269230769	5.07087695147	327.0	0.92885268	0.607061872298
10317.000006716	562.0	5.96715010614	431.0	0.9554927	0.681839692042
10317.000006802	571.381818182	5.77430205548	402.0	0.94212118	0.667468217924
10317.000002898	512.958333333	5.7617741794	374.0	0.9569354	0.674136577495
10317.000001647	508.948275862	5.77544256643	371.0	0.95231246	0.67665568029
10317.000002878	409.25	5.63271766931	341.0	0.9291978	0.669475488674
10317.000017667	678.672413793	6.00211429005	431.0	0.96418182	0.685834893765
10317.000009213	467.092307692	5.6987678995	368.0	0.95027342	0.668589954397
10317.000031434	693.326086957	5.22691267286	392.0	0.921252	0.606742742059
10317.000027217	548.518518519	4.71088842423	376.0	0.8277727	0.550685545022
10317.000001546	522.631578947	6.34719895704	391.0	0.97613948	0.737101460796
10317.000009074	531.578947368	6.00184003255	409.0	0.9682502	0.691778441244
10317.000027277	730.5	5.51453934102	459.0	0.92404332	0.623650853772
10317.000001333	288.772727273	4.32970983665	179.0	0.91050136	0.578543080898
10317.000023984	768.459016393	5.82467497731	471.0	0.94846816	0.655962652027
10317.000028933	651.197368421	6.17582348424	471.0	0.96410846	0.695508258736
10317.000015568	712.741935484	6.07879942533	450.0	0.9669199	0.689692572739
10317.000006944	635.108695652	2.97187391709	442.0	0.55628742	0.3381778413
10317.000002028	569.703125	5.58604502335	422.0	0.91442534	0.64052075346
10317.000003896	609.0	5.90726821747	396.0	0.9564633	0.684554883701
10317.000011025	623.245283019	6.23854661398	418.0	0.9722595	0.716468279228
10317.000017293	930.710144928	5.98780330225	539.0	0.95539292	0.659875463352
10317.000031284	408.607142857	3.69092323952	221.0	0.8114528	0.473930331225
10317.000020034	701.651515152	6.00447024773	484.0	0.95841988	0.673232685376
10317.000031847	618.815384615	5.48028257601	403.0	0.9375234	0.633219300956
10317.000013935	607.463414634	6.16029909085	473.0	0.96449274	0.693282645729
10317.000014019	633.1875	6.29904578052	484.0	0.96851156	0.706261057372
10317.000023052	501.163265306	5.39753175857	343.0	0.94032776	0.640879868349
10317.000015385	698.5	6.44098142918	485.0	0.9744805	0.721934124875
10317.000017354	762.278481013	6.67243257427	535.0	0.9747345	0.736195709712
10317.000023475	635.88	6.5075895496	462.0	0.97670748	0.735175558994
10317.000003475	594.092307692	5.93361877979	457.0	0.9461481	0.671523875641
10317.000017269	572.661764706	5.67102739994	417.0	0.93753304	0.651549888172
10317.000014801	594.441860465	5.63082029847	355.0	0.9535072	0.664664326237
10317.000009716	626.178571429	6.60158175914	507.0	0.97709036	0.734664798849
10317.000013155	637.4	5.80624121623	449.0	0.94673374	0.659008456765
10317.000015604	561.725806452	5.72493327349	391.0	0.95449066	0.664837624818
10317.000009236	467.054545455	5.61770765144	362.0	0.93292302	0.660918765595
10317.000041289	601.661290323	5.59065412244	419.0	0.9390427	0.641806721914
10317.000030735	700.322033898	6.23331167302	471.0	0.96417678	0.701982457711
10317.000022541	562.263157895	5.13472030382	374.0	0.90172794	0.600770294745
10317.000034132	372.486486486	3.47911738396	236.0	0.77240698	0.441364319325
10317.000026633	778.0	5.82397274674	437.0	0.95332704	0.66396622455
10317.000028715	353.447368421	4.81057891288	255.0	0.91054444	0.601747089477
10317.000026126	376.595744681	4.42927071285	267.0	0.89274526	0.549489864199
10317.000033665	522.015873016	4.8944730839	347.0	0.89678066	0.579996896404
10317.000028755	782.1	6.17235481879	486.0	0.96196314	0.691594900878
10317.000016485	444.75	4.48283818463	312.0	0.85142846	0.54105257249
10317.000001001	422.192307692	4.55227339756	309.0	0.86819808	0.550358912589
10317.000002334	549.014705882	5.8801883891	416.0	0.95732824	0.675849563884
10317.000006797	367.529411765	4.77093587052	289.0	0.89762804	0.583606023567
10317.000013156	708.443037975	6.57072251131	493.0	0.97619438	0.734532867401
10317.000001529	619.590909091	6.15422976894	448.0	0.96784522	0.69876027745
10317.000002418b	805.0	6.43428674025	553.0	0.97087308	0.706200299626
10317.000005849	473.23255814	4.23105434711	293.0	0.82975448	0.516312371713
10317.000011341	497.52173913	5.74753559011	387.0	0.95789872	0.668614322526
10317.000013355	784.62962963	6.33547212223	529.0	0.96614298	0.700274715343
10317.000006794	505.5	5.33064418818	390.0	0.92208098	0.619314467305
10317.000028723	690.0	5.6092697081	435.0	0.94326528	0.639971692686
10317.000002774	511.282608696	4.57653757374	329.0	0.84668972	0.547305470782
10317.000001531	508.808219178	6.26040026323	411.0	0.96775218	0.720995527856
10317.000018027	737.347826087	6.46763956406	496.0	0.97532928	0.722302632182
10317.000001948	359.0	5.03331567875	272.0	0.92863666	0.622360284993
10317.000001032	542.552631579	5.52454661992	332.0	0.95384664	0.659644251852
10317.000016697	876.11627907	7.07413812251	596.0	0.98513774	0.767329299471
10317.000011162	525.15625	4.17516278912	388.0	0.75315438	0.485488965498
10317.000005999	460.169491525	4.99918330631	351.0	0.9145365	0.591246580535
10317.000001362	618.083333333	6.58313428176	481.0	0.97719142	0.738856709039
10317.000010947	442.1875	5.7417628707	315.0	0.96263818	0.691844674574
10317.000002851	544.358490566	5.40895133272	366.0	0.93407002	0.635174023914
10317.000035452	596.022222222	6.50542400206	398.0	0.97540308	0.753236859061
10317.000005928	732.209302326	6.18206597297	519.0	0.95207962	0.685404267128
10317.000027807	827.6	6.36482777912	518.0	0.97047686	0.705884784954
10317.000031313	992.178082192	6.47208681699	576.0	0.96817298	0.705794956444
10317.000014458	584.4	5.46159819665	327.0	0.94735812	0.65383720779
10317.000016759	664.741935484	6.10680285121	457.0	0.96004116	0.691123590951
10317.000014308	593.660377358	6.09935649338	423.0	0.95689328	0.699105600159
10317.000010546	471.279069767	4.59880045039	308.0	0.88708676	0.556298439273
10317.000015305	930.019607843	6.72108457378	528.0	0.97524576	0.743121593894
10317.000014295	540.636363636	5.03814628501	332.0	0.91511414	0.601566873363
10317.000011055	691.884057971	6.18521243677	491.0	0.95374338	0.691890780146
10317.000002818	479.163265306	3.75611441907	331.0	0.69251574	0.448722337429
10317.000009667	546.692307692	4.77652718406	351.0	0.90937694	0.564913345114
10317.000012254	553.818181818	5.27126826389	389.0	0.91986186	0.61267982273
10317.000026037	638.590909091	6.24970390503	467.0	0.96422946	0.704805170615
10317.000007037	441.571428571	5.72431194027	358.0	0.92623744	0.674733173204
10317.000015594	820.65625	6.64196651461	519.0	0.97916264	0.736393336975
10317.000004286	544.454545455	5.50123465528	380.0	0.943143	0.6419285116
10317.000001351	561.204081633	5.05462221146	354.0	0.90861752	0.59693642808
10317.000010115	482.269230769	5.53730432367	354.0	0.93612294	0.653939805169
10317.000010981	498.166666667	6.02633328355	387.0	0.96274112	0.701047028335
10317.000013028	440.0	5.96620268978	371.0	0.95842358	0.699005295848
10317.000017095	640.8	6.43840812218	447.0	0.97584774	0.731293992183
10317.000011048	737.142857143	6.31946635408	494.0	0.9687015	0.706214462431
10317.000002079	414.078125	5.24031759082	332.0	0.94382328	0.625706617119
10317.000014937	550.016129032	6.26457716463	423.0	0.96801314	0.718043121954
10317.000013653	468.357142857	5.03507842043	315.0	0.91383358	0.606693844674
10317.000021178	622.679245283	5.76406835615	409.0	0.94649306	0.664372625897
10317.000006741	584.295774648	5.85689173715	429.0	0.95425154	0.669754491164
10317.000014548	621.246153846	6.01680853931	428.0	0.96257864	0.688306499203
10317.000013215	679.108108108	6.17885627123	471.0	0.96302178	0.695849804832
10317.000010867	547.267857143	5.72688457183	376.0	0.96014936	0.669451761052
10317.000026613	518.238095238	5.86702072936	403.0	0.95744548	0.677904964463
10317.000006909	633.078125	6.1538415234	449.0	0.9646801	0.698461096342
10317.000011163	587.738095238	5.1996806788	346.0	0.91041388	0.616468270856
10317.000012276	638.054054054	6.01980097498	464.0	0.9528499	0.679590640157
10317.000015003	530.810344828	5.47333384166	384.0	0.9172652	0.637548951576
10317.000001613	556.208333333	5.88450724981	423.0	0.95401164	0.674479672893
10317.000006029	567.529411765	5.8685373089	414.0	0.9577343	0.675049877867
10317.000005024	661.052631579	6.2055422963	465.0	0.95806832	0.700313896267
10317.000026632	639.0	6.24840283127	422.0	0.97162832	0.716469644028
10317.000033799	562.0	5.16725986755	284.0	0.95250382	0.634039288799
10317.000029152	576.634146341	4.23624183941	329.0	0.77649206	0.506609701528
10317.000022999	564.204081633	5.38775515013	357.0	0.93493848	0.635364948427
10317.000037575	728.233333333	6.82254164677	535.0	0.97982006	0.752757833635
10317.000027681	628.232142857	6.43465597889	426.0	0.97340486	0.736676576402
10317.000021296	806.08045977	6.43755093105	549.0	0.97156616	0.707371693537
10317.000028712	686.181818182	5.60432131488	425.0	0.9446726	0.641864224061
10317.000027363	816.225806452	5.86747441705	469.0	0.95426604	0.661239800764
10317.000033801	666.052631579	5.53467304438	402.0	0.93539184	0.639768809846
10317.000011225	637.402985075	5.97065250028	433.0	0.9598728	0.681719608407
10317.000011409	484.06	5.28247022476	334.0	0.93512654	0.630087851441
10317.000009475	400.105263158	4.91039991256	315.0	0.90433484	0.591670904221
10317.000012928	570.133333333	5.65158496654	357.0	0.95107652	0.666477761282
10317.000028841	668.158730159	5.97907427291	432.0	0.96582694	0.68294130238
10317.000014534	550.333333333	5.5755110351	364.0	0.94941288	0.655341515739
10317.000016715	651.857142857	6.56475505323	474.0	0.97800752	0.738547044212
10317.000008954A	505.318181818	5.76277184588	386.0	0.942931	0.670677993604
10317.000015912	502.967213115	5.24036853448	348.0	0.9304075	0.620680280172
10317.000016725	610.484375	6.41749842807	424.0	0.97851392	0.735283789704
10317.000018358	499.659574468	4.77163773563	324.0	0.88009492	0.572149107476
10317.000010102	544.5	5.57256739809	357.0	0.95335046	0.657159410336
10317.000008949B	522.016129032	5.99011525819	401.0	0.9582528	0.692702406047
10317.000010869	606.051724138	6.15111514356	431.0	0.9578311	0.702860558323
10317.000014571	618.076923077	6.43057460522	469.0	0.97402834	0.724698834374
10317.000010827	518.0	5.97534567006	391.0	0.96419948	0.693918065585
10317.000014162	600.878787879	5.88952390112	427.0	0.95817508	0.674005689816
10317.000016736	581.847826087	5.76499848807	462.0	0.95304948	0.651283544201
10317.000001929	564.5	5.73235178669	400.0	0.9525526	0.663170656804
10317.000003196	618.138888889	6.12688129247	465.0	0.96023302	0.691436768138
10317.000028833	342.307692308	4.13302275192	205.0	0.89227686	0.53819043716
10317.000004291	972.345679012	6.28582322675	547.0	0.97101622	0.69109937818
10317.000035347	871.28358209	6.32927002778	515.0	0.9722333	0.702594236277
10317.000031035	561.418181818	4.92270406699	350.0	0.88284358	0.582485042895
10317.000016765	645.0	6.12241785066	463.0	0.96306044	0.691418278135
10317.000004918	624.529411765	6.26219546268	473.0	0.97107086	0.704750106189
10317.000001347	638.35	5.90115689429	442.0	0.95033146	0.671509140481
10317.000005938	491.803278689	5.68163203822	404.0	0.94089154	0.656213127796
10317.000003982	498.164179104	5.12506100368	388.0	0.88584328	0.595943365674
10317.000001934	524.459016393	5.41896716019	387.0	0.91779508	0.63039175657
10317.000015355	656.518518519	5.9214209478	418.0	0.95377068	0.680047860434
10317.000002418a	729.209302326	6.44550115982	507.0	0.9777142	0.717295185583
10317.000026083	677.75	5.72135305956	465.0	0.93537474	0.64567170148
10317.000009476	409.765957447	4.68284318198	298.0	0.88608988	0.569746583286
10317.000003729	614.12345679	5.80680903556	478.0	0.94415248	0.652386914761
10317.000017219	666.0	6.43849117513	477.0	0.97383708	0.723601146701
10317.000004283	231.052631579	3.10357405047	150.0	0.7445837	0.429333502935
10317.000003473	632.5	6.58196203199	515.0	0.96841344	0.730644855848
10317.000007068	346.41025641	4.93386088324	246.0	0.93207558	0.621196332714
10317.000011342	595.529411765	6.01454079505	442.0	0.94940366	0.684411411529
10317.000026056	535.857142857	4.75077573697	330.0	0.90783662	0.567845179197
10317.000012209	579.764705882	5.76397861381	411.0	0.94744174	0.663823817723
10317.000016355	737.2	6.47237379827	481.0	0.97569176	0.726425529175
10317.000015185	529.942307692	5.20370736403	356.0	0.91093008	0.613953636746
10317.000003028	454.923076923	5.29152300095	361.0	0.91504306	0.622835839854
10317.000012985	805.225806452	6.20787149958	497.0	0.96066732	0.693066961923
10317.000016755	668.535714286	6.05510603435	481.0	0.94248668	0.679593568342
10317.000014327	475.692307692	5.5687019805	364.0	0.95543814	0.654541184408
10317.000013249	461.914893617	5.29982757297	310.0	0.94626828	0.640375532489
10317.000008950A	388.285714286	3.77449306577	258.0	0.78714228	0.471150417461
10317.000016716	600.4	6.13379088802	403.0	0.96874544	0.708728924914
10317.000022662	727.358490566	5.9218763664	420.0	0.9593657	0.679562717666
10317.000022443	548.220338983	5.20040026963	388.0	0.93105656	0.60470383422
10317.000017074	511.568181818	5.47701701496	352.0	0.94639434	0.64744503672
10317.000002511	482.82	4.93317686143	354.0	0.88787412	0.582594079549
10317.000013821	394.654545455	5.02994638261	301.0	0.9287533	0.610903415518
10317.000004819	405.9	4.98906544384	286.0	0.92175558	0.611414719415
10317.000017075	581.916666667	4.9985909238	383.0	0.89958062	0.582504846039
10317.000010834	521.0	5.65418605269	388.0	0.93996242	0.657470157715
10317.000014303	460.630769231	6.05116331401	365.0	0.96844044	0.710918603977
10317.000015265	713.434782609	5.67251130362	390.0	0.9577608	0.65903260324
10317.000003193	432.382978723	4.9229867935	288.0	0.9236088	0.602574294456
10317.000013619	737.776119403	6.66534200475	500.0	0.97805144	0.743419849633
10317.000005015	604.642857143	5.8962146841	409.0	0.96588802	0.67960395167
10317.000022925	405.607142857	5.27344506929	272.0	0.94613748	0.652051845282
10317.000003439	534.684210526	5.35949607818	376.0	0.94094082	0.626505396239
10317.000016735	575.368421053	6.08560553124	438.0	0.96502386	0.693533129625
10317.000011168	555.0	5.94102400658	380.0	0.96122606	0.693246686771
10317.000004972	545.762711864	6.34209549861	408.0	0.97302334	0.731294332154
10317.000009382	602.8	5.93178382638	409.0	0.966176	0.683703688695
10317.000027308	488.32	5.54685612032	364.0	0.92029728	0.651973437877
10317.000003895	565.508196721	6.01459963587	406.0	0.96468334	0.694098843178
10317.000001322	424.111111111	5.05833034682	309.0	0.93567638	0.61153998147
10317.000026106	513.0	5.63920924542	384.0	0.93714962	0.656870573978
10317.000008957B	595.615384615	6.36377275927	435.0	0.9715989	0.726054305917
10317.000001047	409.695652174	4.859808104	291.0	0.90768482	0.593754687811
10317.000017071	409.06	4.58282671885	304.0	0.84941696	0.555633728762
10317.000015262	540.454545455	5.45421635505	361.0	0.95080452	0.641985572704
10317.000003981	516.75	5.4183493247	377.0	0.9457255	0.633101538968
10317.000014334	725.118421053	6.41820058966	506.0	0.97076322	0.714483488861
10317.000011378	593.2	5.72226751218	432.0	0.95406458	0.653608342857
10317.000016718	673.8	5.9562972081	384.0	0.96703922	0.693805850357
10317.000016714	714.921875	6.56977522325	466.0	0.97834158	0.74115943822
10317.000007748	491.0	5.32468493571	343.0	0.92629086	0.632230347728
10317.000007073	678.911764706	5.7467904849	442.0	0.9553922	0.653943355205
10317.000001247	756.933333333	6.7255019783	515.0	0.98020896	0.746578816402
10317.000002036	380.666666667	4.98244869691	281.0	0.92853176	0.612513839423
10317.000012112	599.788461538	5.80449051791	382.0	0.96115888	0.676716838376
10317.000002437	354.725490196	4.89608119528	288.0	0.91772202	0.599281045348
10317.000003731	591.553846154	5.53632364018	415.0	0.94676208	0.636580925878
10317.000013171	604.678571429	5.51801012556	386.0	0.9388195	0.642192344009
10317.000001487	443.803571429	5.77586191531	350.0	0.96064454	0.683435999749
10317.000014306	528.659574468	5.33503804871	353.0	0.93461132	0.630356552828
10317.000002064	643.815384615	6.26674398571	453.0	0.96880322	0.71024403895
10317.000002336	500.93220339	5.37457550763	361.0	0.90980596	0.632611490029
10317.000006074	420.630769231	5.69492572216	346.0	0.96176178	0.675183964067
10317.000012061	484.20754717	4.64973426102	326.0	0.89376638	0.556939233752
10317.000016756	661.258064516	6.02322149203	435.0	0.9620271	0.687200197936
10317.000011018	677.342465753	6.27154044622	492.0	0.9614956	0.701317335574
10317.000015261	669.011764706	5.83599961063	460.0	0.95897322	0.659771202841
10317.000013458	617.754098361	6.32594715991	437.0	0.96878568	0.721194180522
10317.000041935	437.731707317	4.23171762433	302.0	0.81055856	0.513657407984
10317.000033721	626.576923077	6.26374931208	451.0	0.9716553	0.710418617038
10317.000031491	494.019607843	6.42123832261	389.0	0.9774713	0.746340910813
10317.000017671	421.553191489	5.19830246861	294.0	0.93957454	0.633964657366
10317.000036943	502.95890411	5.97553322194	410.0	0.96087758	0.688466723057
10317.000036102	588.567164179	6.26513272765	424.0	0.969356	0.717826515522
10317.000028894	534.529411765	5.28065333556	381.0	0.93795024	0.615916799477
10317.000040358	622.411764706	5.6594403123	373.0	0.94984032	0.662462745237
10317.000031506	716.769230769	6.12595633389	447.0	0.95875386	0.695804767007
10317.000016446	675.333333333	5.86422300043	470.0	0.94272646	0.66064460145
10317.000028793	488.365853659	5.41878311008	320.0	0.95006694	0.651145149092
10317.000042026	734.571428571	6.42208969836	476.0	0.97200108	0.722003515896
10317.000037582	584.5	5.73922837322	367.0	0.95690756	0.673647113902
10317.000029202	488.256410256	4.68333733048	326.0	0.86637466	0.560964166512
10317.000022618	855.092307692	6.2913960477	511.0	0.9655583	0.699263148082
10317.000021229	463.947368421	3.27976525113	260.0	0.69271004	0.408827584021
10317.000034121	543.8	4.48375082946	233.0	0.91091782	0.570148105218
10317.000036071	404.761904762	4.95258285524	323.0	0.91223512	0.594163277843
10317.000036166	503.355932203	5.77509085458	372.0	0.95973702	0.676306763035
10317.000031593	597.0	4.8568980436	333.0	0.8827997	0.579625102345
10317.000034194	796.633802817	6.00135376069	505.0	0.94849118	0.668291813152
10317.000036131	701.272727273	5.97351657168	437.0	0.95939636	0.681015076453
10317.000002347	468.386363636	5.00987593191	322.0	0.92362778	0.601359490823
10317.000016767	674.05	6.20983208713	454.0	0.96532936	0.703540245212
10317.000036109	419.794117647	4.11471118561	253.0	0.8133281	0.515434610727
10317.000004973	625.447761194	6.33684262017	445.0	0.96751468	0.720287158303
10317.000031379	828.394366197	5.91211981534	486.0	0.9512799	0.662436304735
10317.000004737	482.25	5.68587784474	396.0	0.92546738	0.658899393671
10317.000006666	490.725806452	4.86960052335	347.0	0.91293536	0.57704948865
10317.000003969	362.87804878	4.99329937201	263.0	0.93367188	0.62114065071
10317.000001749	600.488372093	6.27141841574	474.0	0.96455548	0.705546131791
10317.000009507	564.246575342	6.34870385572	444.0	0.9742888	0.721901710381
10317.000040348	854.077922078	5.97836781115	518.0	0.95635756	0.663024833224
10317.000026595	847.957446809	6.10362011582	433.0	0.9634147	0.696901639314
10317.000012335	593.442857143	5.49594062496	414.0	0.93467742	0.632190587255
10317.000022554	666.545454545	6.31810495649	454.0	0.97323946	0.7158069732
10317.000003718	715.0	6.4158105364	515.0	0.96835224	0.712200851621
10317.000006113	495.909090909	5.1205216458	355.0	0.91009178	0.604428464999
10317.000006662	681.018867925	6.32279852136	438.0	0.97154326	0.720564325769
10317.000013756	723.085365854	6.64029394962	520.0	0.97229426	0.73598129529
10317.000001216	566.0625	6.24491917674	453.0	0.96956602	0.707770515138
10317.000016722	596.018518519	6.18941146026	400.0	0.97285944	0.716047482093
10317.000016358	367.529411765	4.88122001711	304.0	0.91596814	0.591811701686
10317.000035392	662.135135135	5.97823985814	442.0	0.96537276	0.680280626433
10317.000043118	800.015873016	6.52349442807	512.0	0.97175972	0.724832714229
10317.000006685	422.902439024	4.90403322937	274.0	0.92453106	0.605583329274
10317.000005992	488.75	4.31623119488	322.0	0.82413296	0.518097978653
10317.000012947	625.068493151	6.003472679	453.0	0.96184416	0.680406075784
10317.000012122	637.571428571	5.65084770947	394.0	0.94800708	0.655394774678
10317.000004758	528.153846154	5.65691522061	389.0	0.9501016	0.657503591367
10317.000042014	813.891891892	6.65856693499	553.0	0.97660606	0.730816352207
10317.000027267	857.225806452	6.35929560539	510.0	0.96827098	0.707031989574
10317.000006625	481.0	4.96229523486	313.0	0.91328342	0.598586725373
10317.000008951B	309.689655172	4.14513907503	214.0	0.87161756	0.535446199319
10317.000006778	789.887640449	6.56006673613	548.0	0.9763706	0.721042383266
10317.000012971	762.683544304	6.39337098988	533.0	0.96898262	0.705826543627
10317.000017652	778.010204082	6.91709020718	579.0	0.97983386	0.753707529502
10317.000015254	636.202702703	6.25077118551	477.0	0.96420286	0.702503905739
10317.000001438	561.378787879	5.89089277602	401.0	0.96475236	0.681228227475
10317.000006803	552.307692308	5.81224068505	396.0	0.95628658	0.673542761175
10317.000013299	621.763888889	5.80232592373	456.0	0.95208184	0.656900053598
10317.000036039	439.8	5.24179705487	309.0	0.931827	0.63372066552
10317.000011026	798.734693878	5.76136775707	440.0	0.94251818	0.65609062207
10317.000012993	689.263157895	5.93514402613	449.0	0.96145706	0.673638927437
10317.000009419	588.013513514	6.11447257767	437.0	0.95991708	0.697084867847
10317.000010693	753.886075949	6.31086142235	529.0	0.96855172	0.697554436488
10317.000008951A	304.136363636	3.96823948184	223.0	0.85956362	0.508689963049
10317.000001669	467.263157895	5.07688177276	342.0	0.922816	0.603108900254
10317.000036068	522.690140845	5.77805341943	410.0	0.94944056	0.665714230943
10317.000042981	731.044117647	6.17330110981	467.0	0.96602796	0.696188908799
10317.000028776	911.846153846	6.78839431739	603.0	0.9743589	0.734991759036
10317.000004011	324.441860465	4.77292820971	265.0	0.91600192	0.592921491676
10317.000004285	613.975	6.1970191594	478.0	0.96411546	0.696226479184
10317.000026116	508.703125	5.02054473574	361.0	0.89983254	0.590940490374
10317.000022498	643.776119403	6.36760637077	461.0	0.9698336	0.71961551686
10317.000023929	778.20754717	5.30745460859	464.0	0.86950688	0.59917204739
10317.000009558	526.763888889	5.48824300929	403.0	0.93795376	0.634139089293
10317.000002051	600.553846154	5.77511022452	424.0	0.93163828	0.66168227066
10317.000016726	731.085365854	6.7778997042	528.0	0.97961126	0.749403400023
10317.000005927	661.120481928	5.84548754968	504.0	0.93119082	0.651142394968
10317.000013539	718.428571429	6.18802185449	485.0	0.96259812	0.693581279709
10317.000004289	628.0	6.1190898196	442.0	0.95775314	0.696308337313
10317.000011073	493.676056338	5.5048086835	388.0	0.94486024	0.640100520146
10317.000001111	463.107142857	4.93249236731	344.0	0.88802694	0.585371159215
10317.000013053	457.163265306	4.25234903526	299.0	0.8601882	0.5170656821
10317.000010225	758.225806452	6.87875381364	507.0	0.98281188	0.76551021728
10317.000003226	648.942857143	6.4220782087	485.0	0.9703225	0.71981536703
10317.000013167	593.147058824	6.03071991367	431.0	0.9625489	0.689103531097
10317.000010879	502.015625	5.11643665371	371.0	0.91695404	0.599445996519
10317.000013055	532.0	5.36634415263	401.0	0.92332976	0.620568944999
10317.000006665	562.220930233	6.94319977858	486.0	0.98476288	0.77796589853
10317.000002638	486.52173913	5.68688336435	376.0	0.95529492	0.664775766895
10317.000002443	618.8	6.70312183786	507.0	0.97701454	0.745964806064
10317.000017349	791.444444444	7.0110243758	530.0	0.98241512	0.774711790755
10317.000005814	490.789473684	6.20472756441	409.0	0.9703158	0.71516347313
10317.000020071	607.596774194	5.84349732708	405.0	0.96279578	0.674630227319
10317.000004026	541.342465753	6.06058010117	430.0	0.95363488	0.69278080689
10317.000013134	593.767857143	6.2449841169	415.0	0.97469894	0.718064555037
10317.000004822	472.130434783	6.1596269784	393.0	0.96690262	0.714707757827
10317.000009101	586.0	6.64247795559	453.0	0.98009774	0.752828004873
10317.000013159	607.2	6.28210808717	468.0	0.96678208	0.70821305389
10317.000016772	545.8125	6.26649870563	441.0	0.9702898	0.713347659384
10317.000006635	597.055555556	5.36277835446	422.0	0.91246862	0.614920004741
10317.000001734	530.970588235	6.24444199868	417.0	0.96774532	0.717430052618
10317.000001286	524.313432836	5.66731860309	403.0	0.93681602	0.654830380436
10317.000014397	630.25	6.3683446468	475.0	0.97375834	0.716205528537
10317.000016731	617.956521739	6.28923883645	456.0	0.96218052	0.712025036694
10317.000016458	999.533333333	6.65789361051	601.0	0.9703294	0.721236495169
10317.000009174	513.0	6.2466850813	418.0	0.96635694	0.717402944629
10317.000013222	566.428571429	5.42522069205	403.0	0.92729382	0.626857175064
10317.000004847	421.020408163	5.50546974317	326.0	0.9384371	0.659438137338
10317.000002261	611.208333333	6.16538536985	456.0	0.96168582	0.698003185816
10317.000016729	732.909090909	6.65678271739	519.0	0.97737758	0.738036006054
10317.000001652	483.362068966	6.2525235347	380.0	0.97318122	0.729594968744
10317.000017083	465.47826087	5.73487375084	377.0	0.95813066	0.670085514954
10317.000002606	467.794520548	5.64143370424	393.0	0.93086082	0.654581267311
10317.000011357	548.488636364	6.15277856793	459.0	0.96481276	0.695830670463
10317.000004813	663.448275862	6.30353344617	455.0	0.96612346	0.713899364147
10317.000013453	495.418181818	5.42439122054	359.0	0.92902966	0.639077927827
10317.000016768	707.702702703	6.43616789006	490.0	0.97161206	0.72020013947
10317.000013174	413.45	4.02699712089	269.0	0.80922994	0.498917908552
10317.000016166	566.097560976	5.43652860064	352.0	0.93153358	0.642658850586
10317.000011358	703.0	6.93019900625	536.0	0.9824456	0.764408871418
10317.000001436	605.0	6.08651522914	458.0	0.96037442	0.68858184233
10317.000009385	691.533333333	6.53650470959	500.0	0.97465604	0.729049963959
10317.000006053	503.338235294	5.47503902101	393.0	0.92713392	0.635274323663
10317.000002185	403.245283019	5.30630138382	319.0	0.93072862	0.637975008603
10317.000016488	380.487179487	4.24713894228	251.0	0.83944448	0.53278752271
10317.000001516	399.982758621	5.03376951077	323.0	0.88756818	0.603903272261
10317.000011352	634.183908046	6.4132769635	497.0	0.96611514	0.715999095884
10317.000004009	516.865384615	5.55859269267	363.0	0.9477506	0.653657878693
10317.000013801	519.368421053	5.72350121666	379.0	0.95308934	0.668160764706
10317.000003996	741.161290323	6.62428027272	566.0	0.9643059	0.724387953799
10317.000017339	591.754098361	5.94768485801	411.0	0.95029356	0.684980832441
10317.000010183	796.012345679	6.88238857922	572.0	0.97864216	0.751363018778
10317.000012318	521.181818182	5.15302828276	378.0	0.88660314	0.601831626278
10317.000007666	546.313432836	6.25251076537	425.0	0.96697076	0.716101512629
10317.000002349	454.085714286	5.67042282218	370.0	0.95018796	0.664654704332
10317.000015908	428.659574468	5.47995104638	308.0	0.94917668	0.662887691535
10317.000001423	404.982142857	4.81670119268	313.0	0.89540356	0.581024154663
10317.000005845	517.051724138	6.10987914249	396.0	0.9646873	0.708034145706
10317.000009118	501.714285714	5.79424191615	391.0	0.95857362	0.672886451095
10317.000005576	616.953125	6.12921079614	440.0	0.96813556	0.697979697461
10317.000002801	660.915254237	6.51446693669	456.0	0.97188846	0.737523837186
10317.000013265	793.682926829	6.35231760465	551.0	0.9638359	0.697603934706
10317.000010833	467.790697674	4.89976985038	318.0	0.90880598	0.589418842624
10317.000013238	353.0	4.92601519603	258.0	0.94242882	0.614888960077
10317.000012983	635.266666667	5.83069139769	444.0	0.92441498	0.662999281169
10317.000004915	533.75	6.0091103346	377.0	0.96503694	0.702128410828
10317.000001099	806.478991597	7.31542243526	654.0	0.98630176	0.782134886979
10317.000015856	713.404494382	6.40609918908	518.0	0.9697724	0.710461948916
10317.000003061	553.753424658	5.9838818363	428.0	0.9559387	0.684539774114
10317.000028859	623.013333333	6.32867880658	470.0	0.97090764	0.712968706609
10317.000012903	630.211267606	6.48540130102	477.0	0.97405848	0.728873223645
10317.000004736	611.04109589	5.72328480207	460.0	0.91061232	0.647028572652
10317.000010962	584.318181818	6.14449547208	439.0	0.96335052	0.699981941536
10317.000002348	584.144927536	5.76952986148	455.0	0.92884672	0.653421407963
10317.000002444	464.970588235	5.74357695862	380.0	0.9516616	0.670206969769
10317.000015584	580.455696203	5.62303914537	439.0	0.93496554	0.640577550458
10317.000023375	647.548780488	4.99120999634	464.0	0.8557356	0.563470388916
10317.000015624	798.442857143	6.11832715989	517.0	0.95788512	0.678756741239
10317.000006671	654.038461538	6.57562820594	493.0	0.9755419	0.735081268881
10317.000009102	465.373333333	5.38005884163	381.0	0.92280688	0.627511107464
10317.000015214	803.584415584	6.35453112902	524.0	0.971047	0.703446647848
10317.000002172	622.059701493	5.77926504211	425.0	0.94387938	0.661900569843
10317.000001189	513.518518519	5.66923603557	363.0	0.9483025	0.66666888648
10317.000007678	325.1875	3.02634255056	261.0	0.69973528	0.37697782608
10317.000003358	585.571428571	5.80759279637	387.0	0.95439942	0.675600813979
10317.000009231	543.4	5.13983153852	421.0	0.90293926	0.589587326839
10317.000018318	505.3125	6.30140272609	429.0	0.96728378	0.720585758768
10317.000013859	780.514705882	6.06615319434	479.0	0.95384118	0.681293092096
10317.000013757	560.785714286	6.50081091128	470.0	0.96891964	0.732360558811
10317.000012298	631.723684211	5.83817341491	458.0	0.94174116	0.66048634638
10317.000017171	690.25	6.16081680171	479.0	0.96319474	0.691924815316
10317.000014587	462.042553191	5.24653418194	325.0	0.93642512	0.628756966416
10317.000016764	735.725490196	6.18840088523	444.0	0.96850652	0.703673897082
10317.000016727	645.56	6.00246678028	413.0	0.9646223	0.690732817203
10317.000002013	578.837837838	5.87292544847	469.0	0.93945182	0.661854109182
10317.000013454	530.375	6.29292664185	405.0	0.97423482	0.726516723335
10317.000016766	612.5	6.06820202416	430.0	0.96247078	0.693652063746
10317.000001234	595.442622951	4.62931228732	379.0	0.84566782	0.540425295789
10317.000026623	857.72826087	6.57371584041	610.0	0.9646734	0.710467258154
10317.000006761	636.042253521	6.88525755117	499.0	0.98118596	0.768195630862
10317.000009532	529.552238806	6.63893912785	430.0	0.97979686	0.758892635541
10317.000005846	491.166666667	6.21604252502	380.0	0.97237208	0.725338069755
10317.000004821	844.634615385	6.80118907512	613.0	0.97215382	0.734490026499
10317.000002712	537.048780488	5.5911690587	430.0	0.93371362	0.63912274853
10317.000013734	700.346153846	6.70567041347	514.0	0.97922766	0.744609146966
10317.000009659	599.6875	5.84280745642	418.0	0.95507278	0.671019463857
10317.000017292	776.163934426	6.8892647226	515.0	0.98158698	0.764757652152
10317.000015862	604.796875	5.955148279	411.0	0.96406152	0.685840377028
10317.000002446	499.142857143	4.43916316275	368.0	0.84373526	0.520810804877
10317.000006678	461.590909091	5.77865572496	382.0	0.95159904	0.673704887655
10317.000014224	629.552238806	6.65065329166	456.0	0.98146984	0.752941934179
10317.000017218	662.780821918	6.51590698226	466.0	0.97748054	0.735082372587
10317.000009661	578.012987013	6.20900913114	448.0	0.96574026	0.704980006607
10317.000006729	509.015625	5.81307429477	384.0	0.96272726	0.677122852229
10317.000013686	419.595744681	5.48650971795	310.0	0.95231422	0.662932243316
10317.000010845	735.142857143	6.49203704766	457.0	0.9770281	0.73472159922
10317.000017205	693.987012987	6.38698703619	503.0	0.96292628	0.711688430735
10317.000014551	552.6	5.83609209285	381.0	0.96386478	0.680701219122
10317.000005238	614.380952381	5.68511488242	437.0	0.93733142	0.648135633314
10317.000022448	655.833333333	5.84530109158	461.0	0.94916772	0.660588786632
10317.000001004	370.375	5.29595309333	279.0	0.9455431	0.651880109868
10317.000014122	556.164556962	5.80504836294	433.0	0.95489692	0.662811191336
10317.000016728	791.53164557	6.76312123292	557.0	0.97606268	0.74144563741
10317.000010773	505.161290323	4.44333543225	372.0	0.84780358	0.520348143247
10317.000005553	530.444444444	6.30842806526	396.0	0.96980074	0.731042688696
10317.000014054	657.070588235	6.39685555592	513.0	0.97179102	0.710539486242
10317.000026081	533.948275862	5.39378757992	378.0	0.9412893	0.629950346263
10317.000016769	550.288135593	5.68386390382	383.0	0.94867428	0.662362317436
10317.000004738	627.814814815	6.38420991978	488.0	0.96995942	0.714858099446
10317.000036427	681.304347826	6.35618964543	478.0	0.97089044	0.714109061797
10317.000043092	678.5	6.32069713418	443.0	0.96451382	0.718983053131
10317.000036069	335.025641026	5.16740270964	260.0	0.94046018	0.644124381987
10317.000028711	580.406779661	5.69843895873	401.0	0.95075048	0.658972692057
10317.000027901	776.395604396	6.86979541939	577.0	0.9774102	0.74896153858
10317.000031057	818.127659574	5.6977428406	428.0	0.94755824	0.651806252825
10317.000021275	737.281690141	5.41226938902	457.0	0.9236871	0.612521338329
10317.000031439	710.125	5.69330398206	416.0	0.94324662	0.6543696832
10317.000036437	647.182926829	6.20418873049	494.0	0.96402388	0.693331930834
10317.000043117	642.174418605	6.00772723742	481.0	0.9589718	0.674276018908
10317.000040144	415.580645161	4.6169483059	308.0	0.85613546	0.558493712541
10317.000039994	585.3	5.71458846462	404.0	0.94203876	0.660019505876
10317.000036067	610.288135593	6.63084559233	443.0	0.9797267	0.754262624454
10317.000036877	757.494505495	6.56840745728	556.0	0.97108026	0.72030375072
10317.000038417	565.24137931	5.86306247238	455.0	0.94794406	0.66401433525
10317.000031891	518.25	6.16436287778	432.0	0.96324212	0.704105321314
10317.000028719	700.631578947	5.82858746524	418.0	0.95904622	0.669386363515
10317.000023341	736.564516129	5.33312305848	422.0	0.93389004	0.611519596679
10317.000035492	716.424242424	6.35764296304	491.0	0.96263554	0.711179218913
10317.000027775	728.378787879	5.96095785658	487.0	0.94884548	0.667686616076
10317.000036094	445.2	4.09709040524	287.0	0.80764324	0.501792664881
10317.000039831	512.0	5.63920336953	417.0	0.93676288	0.647893594173
10317.000043164	627.375	5.30274545327	348.0	0.9392579	0.628068333737
10317.000036422	651.161764706	6.35623109979	457.0	0.9699137	0.719352068445
10317.000036939	588.078431373	5.54704796152	389.0	0.94687722	0.644733713332
10317.000036147	693.508196721	6.09564059081	469.0	0.94480342	0.686953173257
10317.000035412	640.642857143	6.07521801633	433.0	0.96251784	0.693658732757
10317.000031272	346.323529412	3.81761323992	215.0	0.81678348	0.492710147259
10317.000037565	634.288135593	5.7243540044	432.0	0.93802876	0.653846665989
10317.000014232	629.015384615	6.19609199747	475.0	0.96436322	0.696833414338
10317.000009677	588.442857143	5.41935173343	409.0	0.94464456	0.624640222727
10317.000036045	702.058823529	6.30468815944	427.0	0.9705871	0.721517691977
10317.000018424	641.557692308	4.74154074259	375.0	0.8740259	0.554517735305
10317.000014978	652.630769231	6.33541743196	452.0	0.9709794	0.718286721727
10317.000017133	705.468085106	5.82450075252	428.0	0.9534233	0.666307012494
10317.000026136	567.258064516	5.97357951159	417.0	0.96203558	0.686310396385
10317.000013197	730.897058824	6.33329782451	486.0	0.973456	0.709628109492
10317.000001936	559.466666667	4.86012945212	337.0	0.91636664	0.578820794687
10317.000009495	397.02	4.80653349172	294.0	0.92215328	0.586186043732
10317.000033748	568.015873016	5.1182018482	393.0	0.8698594	0.593870145036
10317.000006717	546.916666667	6.06731603794	425.0	0.9610746	0.694891117411
10317.000022553	794.211764706	6.50695376501	553.0	0.97156236	0.714175927186
10317.000034127	572.803278689	5.61006420394	411.0	0.94308068	0.646097858276
10317.000005085	385.714285714	5.73436377774	333.0	0.9604891	0.684342385143
10317.000009648	656.780821918	6.07032494683	460.0	0.95719666	0.686262141709
10317.000013001	702.353846154	5.90926344963	460.0	0.94940522	0.668053823541
10317.000034147	940.985915493	5.64397262226	520.0	0.94365454	0.625553373485
10317.000028856	666.679245283	5.42337718149	402.0	0.94014654	0.626903800265
10317.000005163	380.217391304	4.40557058947	279.0	0.87946546	0.542282718386
10317.000009628	507.470588235	6.04956051048	429.0	0.96113142	0.691786787822
10317.000016762	580.918032787	5.76117986998	405.0	0.94555646	0.665126698577
10317.000014291	639.786885246	6.45522609539	471.0	0.96795048	0.726973993478
10317.000011191	512.31884058	6.03019165502	400.0	0.96741462	0.697627485075
10317.000013764	759.958333333	5.92322731482	478.0	0.95085518	0.665466346436
10317.000016333	675.909090909	6.08895522395	462.0	0.96644598	0.687881592153
10317.000034126	639.710144928	6.03156476182	446.0	0.95709566	0.685335003285
10317.000006036	523.0	6.46421187528	438.0	0.97379576	0.736680198776
10317.000013902	784.308823529	6.13267764327	509.0	0.9557028	0.68205113086
10317.000015295	540.212765957	4.80635873089	342.0	0.88701002	0.570972076594
10317.000006795	754.12987013	6.22411555005	516.0	0.96015382	0.690706756541
10317.000002141	519.395833333	5.10357552333	342.0	0.91291112	0.606279988193
10317.000006017	474.826086957	4.85427870667	317.0	0.88659344	0.584265842916
10317.000014451	450.052631579	5.36844594487	341.0	0.9363787	0.638065527756
10317.000013984	582.761904762	6.09834459651	403.0	0.9705705	0.704633282833
10317.000015587	438.849056604	4.88376425543	313.0	0.89407118	0.589113769896
10317.000003508	592.305084746	6.12832679152	439.0	0.95703584	0.698140002769
10317.000036114	420.775862069	5.19123611152	323.0	0.93231816	0.622794601167
10317.000010712	571.192307692	6.36901520439	450.0	0.97322264	0.722620072613
10317.000013986	579.25	5.97016279803	403.0	0.96075284	0.689822515742
10317.000014259	778.454545455	5.78157219913	452.0	0.94720586	0.655493751745
10317.000006899	730.202531646	6.55392970822	524.0	0.97648054	0.725520072192
10317.000003879	395.909090909	5.42435896015	313.0	0.94771132	0.654324080597
10317.000003287	612.075	6.81722775826	504.0	0.98010222	0.759386787128
10317.000013952	539.043478261	5.99758085892	396.0	0.96357858	0.695020628185
10317.000010169	332.717948718	3.93483134704	239.0	0.84762442	0.498025272754
10317.000001805	542.015384615	6.22774731347	415.0	0.96905496	0.716082622441
10317.000005009	508.418181818	5.82123596167	372.0	0.95733918	0.681710703647
10317.000033803	579.117647059	5.56710452343	360.0	0.94568212	0.655581821809
10317.000014237	685.333333333	5.99585099945	460.0	0.95304542	0.677842715883
10317.000017185	783.783783784	6.41692362256	536.0	0.97144548	0.707794009937
10317.000035361	345.553571429	5.48982365991	296.0	0.9503396	0.668719757018
10317.000044399	582.063829787	5.43477155217	363.0	0.92790282	0.639097239244
10317.000005987	636.903846154	6.1982545793	422.0	0.9715527	0.710719422538
10317.000003922	652.119047619	6.11920121315	475.0	0.96831236	0.688186017271
10317.000015542	411.12	4.87868643953	304.0	0.91168394	0.591504524206
10317.000017114	293.263157895	5.04009919645	226.0	0.9463791	0.644499214235
10317.000014222	394.466666667	5.37885592196	291.0	0.94978146	0.657170170175
10317.000001882	647.064516129	6.40189671621	481.0	0.9631682	0.718515548506
10317.000012004	739.846153846	6.48328603175	531.0	0.96503554	0.716181971278
10317.000001732	527.649350649	6.35037820377	444.0	0.96679806	0.722092098017
10317.000001151	521.31884058	6.03884073059	409.0	0.96787938	0.696043180903
10317.000002262	541.75	6.39058313583	449.0	0.96673494	0.725331272563
10317.000027295	617.038961039	6.04176836156	468.0	0.96190128	0.681118370277
10317.000029188	727.014705882	5.82393240225	474.0	0.94908824	0.655203130428
10317.000014392	556.640625	5.55196219746	398.0	0.94860746	0.642839354654
10317.000002512	510.358490566	5.30444767174	357.0	0.92950364	0.625540698765
10317.000012242	597.04109589	6.1407611468	456.0	0.96378692	0.695215398013
10317.000031519	580.22	5.73282112312	380.0	0.95361934	0.668951891972
10317.000015329	637.120689655	6.26744070859	434.0	0.96908916	0.715334595702
10317.000014318	660.442622951	6.29169379649	444.0	0.97365062	0.715419181002
10317.000013609	510.555555556	4.73139772168	348.0	0.88868694	0.560396705724
10317.000014317	547.545454545	5.51619081279	398.0	0.92905406	0.638697530013
10317.000029154	600.8125	5.83036281211	401.0	0.94858764	0.674228487098
10317.000009529	393.0	5.01437935969	283.0	0.92948402	0.615664796507
10317.000011955	628.557692308	5.47161522905	387.0	0.94456418	0.636516338549
10317.000003266	410.984375	5.36800413392	347.0	0.92842286	0.636110503458
10317.000016405	688.630769231	6.41009656845	449.0	0.97653636	0.727546047429
10317.000010984	584.942857143	6.10856148244	421.0	0.96973076	0.700709820598
10317.000010843	549.529411765	6.09123430002	430.0	0.96411002	0.6962848676
10317.000008955	391.529411765	5.77475991394	313.0	0.96617864	0.696591892077
10317.000027648	454.642857143	4.61012733249	325.0	0.8696993	0.552488476364
10317.000014357	530.220338983	5.40970462813	370.0	0.92679978	0.634094800844
10317.000017093	498.58490566	5.00227783602	350.0	0.90332212	0.591900707464
10317.000014379	643.125	5.95742298018	462.0	0.95076568	0.67302212843
10317.000005915	437.454545455	4.46505931546	272.0	0.86175342	0.552096424194
10317.000001363	456.609375	5.12609714302	368.0	0.86837094	0.601403165654
10317.000013604	469.0	2.56789330311	215.0	0.54559698	0.331418351731
10317.000014095	485.016393443	5.42994780096	366.0	0.9344004	0.637639642552
10317.000012275	670.678571429	5.81347229172	405.0	0.95949524	0.671163844894
10317.000011389	598.013513514	6.21302027228	447.0	0.96696262	0.70569375414
10317.000002205	365.0	3.94875175761	276.0	0.80905118	0.486987710114
10317.000011155	567.701754386	5.61559069219	397.0	0.93323862	0.650479997261
10317.000006929	460.4	5.27296164139	327.0	0.934877	0.631254514203
10317.000013648	448.981132075	4.92590747156	312.0	0.89832844	0.594528466023
10317.000012155	755.8	6.90043745758	549.0	0.98289144	0.75823464277
10317.000006654	524.638297872	6.30951787521	390.0	0.97238392	0.733040053677
10317.000002071	543.93220339	5.46296865156	404.0	0.93051292	0.630958098268
10317.000004159	370.42	5.03953460892	304.0	0.8926386	0.61100617103
10317.000002568	347.0	4.84935779034	256.0	0.90832632	0.606169723792
10317.000008957A	566.405797101	6.45668054565	443.0	0.97246662	0.734451246952
10317.000002749	675.11627907	6.35613498323	494.0	0.9673646	0.710312263537
10317.000017661	643.898305085	6.22103960774	431.0	0.97187928	0.710850515719
10317.000002201	248.170731707	3.7353266272	199.0	0.82382404	0.489133198606
10317.000001939	420.306122449	4.89538211135	311.0	0.8822383	0.591174692216
10317.000009447	518.657894737	5.18855593106	337.0	0.92554286	0.617934994712
10317.000029245	706.875	6.22595059528	525.0	0.96960384	0.689002985359
10317.000014958	564.0	5.9343219169	384.0	0.95993088	0.691246108111
10317.000015364	677.333333333	5.94869583108	461.0	0.95732768	0.672273626205
10317.000016484	654.666666667	5.39667635044	386.0	0.94098336	0.628071380169
10317.000010908	670.519230769	5.99563191202	432.0	0.94810644	0.684832547595
10317.000001524	520.034883721	5.35259865174	427.0	0.92582498	0.612559182566
10317.000014949	472.1875	5.28397495016	345.0	0.9333131	0.626772396592
10317.000015933	578.166666667	6.20545207561	416.0	0.96975728	0.713234305005
10317.000014012	627.918032787	5.75727565133	422.0	0.95475826	0.660154818418
10317.000004774	513.2	5.53126861544	379.0	0.9319978	0.645719556612
10317.000008954B	695.052631579	5.78383395549	431.0	0.94398462	0.660892971165
10317.000016703	642.347826087	6.30025130562	458.0	0.97079864	0.71276230944
10317.000003365	357.139534884	5.07454888171	278.0	0.91947518	0.625025953047
10317.000017216	786.828125	6.89332693474	518.0	0.98384578	0.764497449076
10317.000004163	495.566037736	5.35995098872	354.0	0.94048764	0.632994883502
10317.000013697	603.928571429	5.42781362569	399.0	0.92011882	0.628201360697
10317.000017161	501.288135593	4.7048766232	334.0	0.89805898	0.561193054892
10317.000001072	487.944444444	5.11518967842	349.0	0.91698122	0.605556917273
10317.000011956	671.050847458	5.44072621112	413.0	0.94148732	0.62609061924
10317.000007641	468.901408451	6.02487708087	392.0	0.9637456	0.699370865634
10317.000017079	375.15625	4.57599274299	250.0	0.91745684	0.574456020834
10317.000009193	434.022222222	4.96039667496	315.0	0.8926207	0.597695185369
10317.000012984	594.038961039	6.05290167877	445.0	0.96441926	0.688012565724
10317.000015581	521.773584906	5.15758795827	346.0	0.9323459	0.611477805432
10317.000014802	609.956521739	5.59024902904	383.0	0.95067138	0.651453019384
10317.000017353	693.814814815	6.59926954353	508.0	0.97648792	0.734175218455
10317.000001059	476.666666667	5.20574585735	331.0	0.9358692	0.621901834862
10317.000017088	588.2	5.64092411541	401.0	0.94964648	0.652321622982
10317.000004602	427.790697674	5.48891605979	308.0	0.94901232	0.663972153239
10317.000014399	497.942307692	5.48642761311	356.0	0.9448885	0.647310071487
10317.000005008	556.166666667	5.67292823243	394.0	0.93899834	0.657955710684
10317.000010104	662.918032787	6.40434786584	457.0	0.97156266	0.724797574538
10317.000010565	604.368421053	5.54738015746	384.0	0.93473914	0.646174069717
10317.000027194	488.87804878	4.94464919918	329.0	0.91730462	0.591327726301
10317.000015224	562.0	6.68795289627	437.0	0.97680766	0.762464906276
10317.000013933	468.022222222	5.8073421983	342.0	0.9584519	0.689884051547
10317.000018033	547.508474576	5.44136130657	373.0	0.93509184	0.636935624384
10317.000006084	393.692307692	5.43852213657	284.0	0.95447636	0.667324035558
10317.000002059	590.797101449	6.2338090519	431.0	0.96990126	0.712309623286
10317.000003047	414.85	5.19907607821	334.0	0.92616236	0.620140679684
10317.000008982	422.076923077	5.54329145693	310.0	0.95166402	0.669793152626
10317.000010765	491.049180328	5.24658258953	364.0	0.89529368	0.616679505255
10317.000012072	672.567567568	5.1711109164	350.0	0.91790254	0.611878090367
10317.000017183	501.630136986	5.91437851498	418.0	0.9470119	0.679239069535
10317.000012228	573.75862069	6.21535193808	406.0	0.97112238	0.717266127647
10317.000011224	678.767857143	5.36595308329	410.0	0.8987354	0.618234389822
10317.000026111	388.25	4.4627213947	278.0	0.88739364	0.549667912937
10317.000006637	620.313432836	6.3722611754	473.0	0.96971218	0.717136947704
10317.000012113	385.0	4.34340581013	280.0	0.86913254	0.534291376137
10317.000013079	603.558139535	5.51543477713	354.0	0.94905764	0.651357074264
10317.000004162	445.693548387	5.84475631501	349.0	0.96404368	0.691925977108
10317.000012906	622.880597015	5.31553627162	411.0	0.94087006	0.612177771204
10317.000012976	571.807692308	6.0639579175	403.0	0.96697088	0.700660073689
10317.000009533	269.09375	3.86816872361	200.0	0.81848886	0.506049384967
10317.000014309	516.909090909	5.72166194623	376.0	0.94194608	0.668841255312
10317.000002371	534.047619048	5.83694104665	413.0	0.9484644	0.671684972292
10317.000002329	648.154929577	5.94904449185	469.0	0.93268434	0.670432406676
10317.000010761	588.042253521	6.11813750048	451.0	0.95274154	0.693903693361
10317.000009129	526.226415094	6.00847904828	380.0	0.95959222	0.701117886098
10317.000014323	605.661290323	5.74516285588	423.0	0.94510392	0.6585080788
10317.000006894	680.135135135	5.90622087162	460.0	0.95254694	0.667709854129
10317.000014241	351.725490196	4.88806303609	285.0	0.91350932	0.599407978292
10317.000001685	433.145833333	5.04380715107	315.0	0.92368864	0.607745599326
10317.000011302	600.92	5.31215896212	395.0	0.91365218	0.615851874758
10317.000012231	406.657894737	5.27197996516	279.0	0.94556886	0.648929251891
10317.000001579	568.0	5.76350947563	412.0	0.95267412	0.663501885206
10317.000017662	700.25	6.16800321544	458.0	0.96542576	0.69780077067
10317.000003432	366.023255814	4.75886051156	277.0	0.87431532	0.586518577269
10317.000011116	707.405063291	6.49698110235	508.0	0.97573376	0.722795528907
10317.000006841	587.125	6.24867551699	428.0	0.96531136	0.71483144954
10317.000013563	686.368421053	5.37022445207	449.0	0.87316058	0.609520548121
10317.000017217	813.596491228	6.77828832046	515.0	0.9811685	0.752438477878
10317.000006728	361.23255814	4.433981695	266.0	0.8708395	0.550443976423
10317.000013286	501.25862069	5.43954610657	374.0	0.93527098	0.636435389731
10317.000022964	717.538461538	5.52611347207	418.0	0.94598372	0.634648621728
10317.000002466	582.390625	5.55133392453	417.0	0.92176114	0.63779818764
10317.000017644	565.085714286	5.83906213538	418.0	0.95584728	0.670589331026
10317.000017173	468.763157895	5.59980089608	381.0	0.94320974	0.653141046467
10317.000013332	756.010989011	6.96054824099	577.0	0.97799674	0.758855628396
10317.000002173	345.326086957	4.74650507961	264.0	0.90929168	0.590038853043
10317.000011329	527.222222222	5.81390117322	386.0	0.95643018	0.676628483332
10317.000007039	495.157894737	6.18610360289	403.0	0.9634331	0.714773398037
10317.000002886	594.567164179	5.93721230134	430.0	0.9610405	0.678678717241
10317.000009126	476.444444444	5.27830980956	365.0	0.91624962	0.620120206057
10317.000022636	469.8125	5.00106781578	326.0	0.9109003	0.599021518414
10317.000014233	566.044117647	6.56366278996	435.0	0.97785484	0.748860119856
10317.000023088	599.318181818	5.96717347845	430.0	0.96143704	0.682103559106
10317.000004974	611.448979592	6.21385994899	435.0	0.96512474	0.708950483149
10317.000002414	248.115384615	3.81965938753	173.0	0.84897362	0.513766024416
10317.000006027	566.807692308	5.75496577631	398.0	0.95338786	0.666344321904
10317.000017098	617.633802817	6.28514798	456.0	0.97221614	0.711561897626
10317.000014559	442.549019608	5.30166703558	325.0	0.93775772	0.635364216956
10317.000016313	589.578947368	5.71928654254	348.0	0.95012264	0.677404337166
10317.000022899	492.488372093	6.01464349708	429.0	0.95680724	0.687793914538
10317.000003837	584.052631579	5.4848387553	388.0	0.94071064	0.637778411939
10317.000010285	453.162162162	4.84315191757	276.0	0.93483216	0.597291399117
10317.000005848	467.615384615	4.70040210848	328.0	0.86712862	0.562413743389
10317.000005907	524.0	5.73647817312	391.0	0.94773828	0.666178336278
10317.000014132	817.904109589	6.17164894825	523.0	0.95095394	0.683410079803
10317.000003382	632.040540541	6.21307030575	479.0	0.9613778	0.697793435874
10317.000003221	308.489795918	4.43382346014	244.0	0.86125876	0.55906825197
10317.000014607	370.022222222	3.91244074164	277.0	0.7851225	0.482199293688
10317.000017125	732.875	6.89066897133	585.0	0.97633664	0.749613737335
10317.000013826	575.785714286	5.1864184954	414.0	0.89687396	0.596586676986
10317.000004872	432.170731707	5.44422084653	299.0	0.94405832	0.661991699687
10317.000014293	529.172413793	5.6078804758	359.0	0.95630712	0.660695825258
10317.000016721	659.519230769	6.63417948179	430.0	0.9812271	0.758348563624
10317.000016763	652.631578947	6.2476181777	421.0	0.96913128	0.716660939739
10317.000012173	463.526315789	5.2754053483	288.0	0.94694514	0.645710376457
10317.000012951	560.684210526	5.81195676985	409.0	0.94486636	0.6698922952
10317.000004705	625.438356164	5.41574610835	449.0	0.88196294	0.614687256726
10317.000007651	362.113207547	4.14197154168	263.0	0.86784136	0.515239865857
10317.000001827	511.35	5.27632787345	378.0	0.90210252	0.616232011666
10317.000014666	690.059701493	6.49399058013	493.0	0.97032388	0.725955100598
10317.000017146	444.12	5.00617899615	337.0	0.89757246	0.596214675647
10317.000004161	520.75	5.93355364537	372.0	0.96155772	0.694863952834
10317.000023299	466.944444444	5.05414534065	328.0	0.92633186	0.604739921194
10317.000013733	475.150684932	5.66682767837	390.0	0.94141084	0.658372279419
10317.000012034	351.275	4.82844799071	242.0	0.93066404	0.609740040462
10317.000014391	740.549295775	6.48926828976	506.0	0.97269096	0.722394849311
10317.000014646	550.753424658	5.54698320634	425.0	0.93314894	0.635297277151
10317.000001793	526.452054795	5.91189135156	427.0	0.95223282	0.676565453409
10317.000013214	478.525	4.74442945186	303.0	0.89821228	0.575558572629
10317.000023154	487.313432836	5.51826296242	366.0	0.94559198	0.648010506149
10317.000009222	464.571428571	5.82796094734	351.0	0.96243624	0.689264979994
10317.000027198	362.216216216	4.56514666924	268.0	0.8890949	0.565967789526
10317.000007734	631.909090909	5.95975109732	426.0	0.96068602	0.682306722999
10317.000006818	285.848484848	3.77745521291	204.0	0.79495966	0.492341736093
10317.000026639	716.085365854	6.10246531541	513.0	0.95104974	0.677839687346
10317.000005041	358.512195122	4.7889778826	263.0	0.92619618	0.59572411278
10317.000013312	468.923076923	5.51403350106	375.0	0.93337046	0.644859874752
10317.000001285	689.873015873	6.05565626083	493.0	0.94579764	0.67695425421
10317.000017215	684.813333333	6.74498479598	500.0	0.98198374	0.752302819456
10317.000016698	678.182926829	6.59803486686	503.0	0.97656836	0.735205043274
10317.000014979	611.5	6.10022248952	433.0	0.96795328	0.696513703746
10317.000014538	560.063829787	4.31019954801	341.0	0.82769576	0.512287872054
10317.000004278	361.25	4.30938459599	250.0	0.84910746	0.540986856033
10317.000009556	446.456521739	5.67713393608	341.0	0.95175082	0.674754574837
10317.000022663	612.868421053	5.90223701652	437.0	0.95268994	0.672888799222
10317.000001141	418.161290323	5.40368952221	355.0	0.93717278	0.637853716704
10317.000002359	400.019230769	5.53761537467	323.0	0.95071848	0.664349855139
10317.000014236	464.236842105	5.63625091655	326.0	0.9484586	0.675102939325
10317.000001799	472.133333333	5.04174053018	329.0	0.89235852	0.602938822193
10317.000023213	522.489795918	5.62121440899	354.0	0.94952326	0.663849346281
10317.000013652	644.5	5.80478023516	409.0	0.95215978	0.669065120208
10317.000010205	490.0	5.35358654115	336.0	0.93414686	0.637915163531
10317.000005989	680.921875	5.89951883734	432.0	0.96367682	0.673854328326
10317.000011072	404.558823529	3.91996957671	225.0	0.8843322	0.501673835084
10317.000013178	283.441860465	3.64725776594	224.0	0.70849666	0.467156649383
10317.000003423	321.042553191	4.33137581907	262.0	0.82546466	0.539169394944
10317.000013306	565.381818182	5.61317518717	391.0	0.94092594	0.651859136316
10317.000002489	437.017857143	5.66266307407	322.0	0.96507118	0.679716669475
10317.000004759	344.0	3.96447237079	259.0	0.8465846	0.494520041958
10317.000002687	431.181818182	4.88137761967	340.0	0.88045282	0.580467438931
10317.000004158	546.428571429	5.27500357338	383.0	0.92590208	0.614716265284
10317.000004157	434.666666667	5.3482061709	343.0	0.92835574	0.635023158737
10317.000001321	477.447761194	5.87254395247	383.0	0.957432	0.684349922415
10317.000003022	471.181818182	6.00884846334	377.0	0.96617408	0.702097812746
10317.000003757	454.118644068	5.70043647783	358.0	0.95592014	0.67191893689
10317.000002087	487.238095238	5.56980017424	385.0	0.93172748	0.648502181125
10317.000009214	525.882352941	4.9116454451	364.0	0.88360382	0.577311236674
10317.000013829	518.0	5.46799434604	395.0	0.92565914	0.633918260577
10317.000016757	581.058823529	5.6996483668	393.0	0.94549024	0.661335973578
10317.000014593	527.430769231	6.08268278545	412.0	0.95963372	0.700245486248
10317.000006047	431.153846154	5.46724691397	355.0	0.93721976	0.645356057168
10317.000010098	574.52173913	5.50050442172	419.0	0.92262616	0.631457542259
10317.000009117	487.017241379	5.92884639919	368.0	0.96120156	0.69558318808
10317.000026135	624.571428571	6.09913085312	440.0	0.96592304	0.69455426632
10317.000009624	545.948275862	5.86027578403	390.0	0.96025232	0.680847088518
10317.000009075	573.739130435	5.75407975757	403.0	0.96016228	0.664855198832
10317.000001765	612.608108108	6.24820481694	445.0	0.97293332	0.710212003335
10317.000016353	637.0	5.82311262649	481.0	0.9439492	0.653555836388
10317.000008949A	550.962264151	6.0099302249	400.0	0.95978982	0.695283458326
10317.000005571	311.652173913	3.35197106589	191.0	0.71552722	0.442362593164
10317.000006626	551.365384615	5.56930368003	380.0	0.94901094	0.649871355431
10317.000014608	503.770833333	5.11064883932	350.0	0.89915994	0.604723840369
10317.000015264	551.051724138	5.43892973584	376.0	0.93505794	0.635790898913
10317.000007732	410.387096774	5.26284626625	324.0	0.93767704	0.631048072139
10317.000027644	591.304347826	5.73251241274	440.0	0.92658016	0.652804645266
10317.000007697	624.130434783	6.2971912528	460.0	0.96874134	0.71190982258
10317.000004881	380.125	5.12983318745	280.0	0.92784884	0.631031442349
10317.000004642	324.6	3.18297490376	225.0	0.7534716	0.407353984693
10317.000001353	491.25	5.71464550688	382.0	0.95259492	0.666242252947
10317.000028759	396.125	5.27419683117	293.0	0.94230652	0.6436062625
10317.000004631	523.835820896	6.29369314814	426.0	0.96736584	0.720538337481
10317.000009433	341.622222222	4.98378053317	266.0	0.92677626	0.618697180772
10317.000009061	600.346153846	6.43651534154	472.0	0.96825738	0.724617133186
10317.000013995	655.787878788	6.44103843694	502.0	0.97424526	0.717940942738
10317.000015155	539.381818182	5.5775767749	370.0	0.9524819	0.653771818868
10317.000022965	754.169491525	6.07501331124	475.0	0.95982648	0.683216496712
10317.000016701	642.0	6.52975064498	489.0	0.97435158	0.730913000816
10317.000022638	436.630434783	4.4600787211	284.0	0.87067172	0.547265903555
10317.000013972	492.185714286	5.80688819795	385.0	0.95676744	0.676106780157
10317.000017163	581.774647887	5.49423770508	418.0	0.94164596	0.63098783704
10317.000001026	617.142857143	6.57235064013	468.0	0.97406712	0.740933529556
10317.000010919	465.214285714	5.09142655932	378.0	0.88649622	0.594637047991
10317.000014311	589.508474576	5.44647219256	395.0	0.94144498	0.631423143495
10317.000005039	517.024390244	5.1077587456	328.0	0.92363546	0.611154886357
10317.000004249	581.944444444	5.57493946898	375.0	0.94817018	0.651982757635
10317.000017176	429.956521739	5.14694800334	302.0	0.92696728	0.624750563513
10317.000002258	542.4375	5.12842524111	354.0	0.9158011	0.605652354822
10317.000013118	594.538461538	6.28738700812	418.0	0.970251	0.722077373029
10317.000013431	714.113924051	6.62007939612	501.0	0.9786319	0.738134167404
10317.000014197	777.898734177	6.5250979118	526.0	0.97413986	0.721889190458
10317.000015541	425.1875	4.63644039985	298.0	0.89256184	0.564100904892
10317.000022661	719.387096774	6.00924462738	471.0	0.95505336	0.676748498038
10317.000014258	630.942857143	6.33493073478	467.0	0.97143874	0.714416555602
10317.000014324	533.170212766	5.31633510422	352.0	0.93765134	0.628450626931
10317.000002369	575.642857143	4.08162512576	368.0	0.76863376	0.478863783334
10317.000002372	489.267857143	5.13471633679	366.0	0.88171326	0.602970564287
10317.000013056	663.2	5.88754298701	446.0	0.95683246	0.66897056596
10317.000013852	597.241935484	5.86829619196	417.0	0.95996096	0.674214292753
10317.000012017	639.296296296	5.90226550823	447.0	0.95323686	0.670397282143
10317.000021237	295.285714286	2.26499706678	205.0	0.46320734	0.294941459243
10317.000016489	425.916666667	4.22096355859	280.0	0.8168491	0.519229500288
10317.000012355	569.703125	6.08067628715	422.0	0.96501636	0.697237372902
10317.000018409	627.815384615	5.61679265301	412.0	0.93740204	0.646611674682
10317.000004077	302.777777778	4.61954831523	200.0	0.92595528	0.604347884176
10317.000004294	473.461538462	5.99420673187	398.0	0.95970766	0.694045069137
10317.000022993	706.0	6.38684094326	503.0	0.97125104	0.71167215191
10317.000008963	285.609756098	3.95599605746	225.0	0.81432788	0.506284468511
10317.000013372	387.2	4.82319607566	296.0	0.91701578	0.587517324339
10317.000016407	700.263157895	5.98338026767	427.0	0.96135678	0.684746749049
10317.000006657	457.590163934	5.62551860024	352.0	0.95252904	0.66499959499
10317.000005805	540.205128205	5.91713994143	436.0	0.95205948	0.674842102112
10317.000012988	304.28125	3.85449171149	208.0	0.81997992	0.500554754348
10317.000011093	753.126760563	6.69984228391	516.0	0.97873934	0.743499425107
10317.000004979	486.828947368	5.62724992582	396.0	0.92742234	0.652105385554
10317.000014188	533.454545455	5.6289200131	369.0	0.9378055	0.66009207754
10317.000011223	748.919191919	6.79743951359	577.0	0.97632556	0.741073124555
10317.000013608	422.957446809	5.10353001768	309.0	0.9174725	0.617004513043
10317.000009594	534.518518519	4.93303543692	362.0	0.8973817	0.580367632832
10317.000022994	752.206896552	6.64845465753	548.0	0.97906682	0.730757442588
10317.000002494	378.666666667	4.46247729165	279.0	0.8312554	0.549287377719
10317.000005887	526.934782609	5.08595058311	353.0	0.9165481	0.600925850603
10317.000028817	665.068965517	5.99890179663	443.0	0.95570024	0.682378642356
10317.000027879	677.090909091	5.92445717836	462.0	0.94400622	0.669297915095
10317.000002325	662.037735849	4.51901977845	391.0	0.85600962	0.524794653926
10317.000026127	540.033898305	5.6559298725	389.0	0.95254504	0.657389064298
10317.000031851	677.542372881	5.7122322817	451.0	0.9366808	0.647866949263
10317.000036428	485.471698113	5.50419456188	353.0	0.9441054	0.650343086298
10317.000026648	399.533333333	4.58934092041	260.0	0.857249	0.572068125942
10317.000027761	777.561643836	6.65287826795	529.0	0.97494308	0.735358367209
10317.000030744	447.181818182	5.39423924052	328.0	0.93726804	0.645432925519
10317.000021239	495.108108108	5.01030099996	289.0	0.93594762	0.612886427907
10317.000036165	647.884057971	6.10136832989	447.0	0.96679058	0.69301198667
10317.000027762	475.84	4.64803272169	249.0	0.88633456	0.583923567024
10317.000023342	624.4	5.33509582351	370.0	0.9326294	0.625349581214
10317.000029227	597.790697674	5.57010143102	355.0	0.9525357	0.657497046341
10317.000030751	437.591836735	4.55692321211	313.0	0.86831026	0.549687919443
10317.000026658	715.517241379	6.24953824435	450.0	0.97153344	0.709064374162
10317.000036106	341.75	3.92593376652	228.0	0.85270086	0.50121139955
10317.000030756	499.153846154	4.30194567285	313.0	0.844039	0.518930746996
10317.000038402	526.042253521	5.61693267806	389.0	0.95528702	0.652856418077
10317.000033785	814.785714286	6.48021998489	546.0	0.97236674	0.712679320965
10317.000028955	917.971014493	6.55424391265	556.0	0.97297764	0.718750550133
10317.000035491	598.370786517	6.07903893265	466.0	0.9562108	0.68579775215
10317.000036399	354.857142857	4.12642370287	244.0	0.87745984	0.520307699932
10317.000002326	604.818181818	5.12718283242	344.0	0.91172472	0.608476351228
10317.000036934	409.7	4.5282098786	238.0	0.89841628	0.573567372212
10317.000036101	540.344827586	5.75190421295	389.0	0.9520499	0.668544167576
10317.000043083	583.1875	4.90045965111	434.0	0.87262362	0.559314158087
10317.000036085	492.042553191	4.81253815071	335.0	0.89129072	0.573739655869
10317.000036124	474.75	3.45232761065	283.0	0.67374382	0.423876301217
10317.000033728	468.764705882	4.9960932623	362.0	0.89514828	0.587786335031
10317.000036081	432.058823529	5.55039562114	325.0	0.9423028	0.665172434246
10317.000037612	458.848484848	4.58620308425	287.0	0.87278432	0.561696921403
10317.000028718	553.0	5.0768393124	319.0	0.93291126	0.610386853239
10317.000030771	297.035714286	3.60610106823	187.0	0.80992444	0.477825824569
10317.000034241	553.637931034	5.87065669297	400.0	0.95867702	0.679171027847
10317.000009144	292.875	4.40734341043	213.0	0.88964922	0.569813687499
10317.000004765	448.654545455	5.9238919408	355.0	0.96479984	0.699258622513
10317.000006675	733.142857143	6.68858333614	503.0	0.97810872	0.745294667324
10317.000031829	418.964285714	3.84056290034	235.0	0.76783948	0.487596602203
10317.000033666	425.1	4.9646170694	303.0	0.9243373	0.60227008181
10317.000031926	1013.3	5.70468627806	479.0	0.96548922	0.640696538532
10317.000027821	489.024390244	5.10716607327	309.0	0.92528846	0.617444103424
10317.000013063	497.024390244	4.88935253521	317.0	0.90393614	0.588487364017
10317.000014234	509.033333333	4.80813548742	275.0	0.9098493	0.593356129153
10317.000022526	469.62	5.10615513088	322.0	0.931721	0.612916345894
10317.000033713	515.538461538	3.76134452608	259.0	0.74284134	0.469182296882
10317.000014018	599.021276596	5.79368083997	383.0	0.9581528	0.675159703431
10317.000010207	532.438596491	5.53362088094	369.0	0.94895798	0.648916540848
10317.000006777	353.588235294	5.35177741639	316.0	0.93965564	0.644498882941
10317.000014678	385.256410256	2.26565008997	223.0	0.58316432	0.290434452312
10317.000002711	267.176470588	3.40600206691	192.0	0.73432018	0.449046658647
10317.000013755	555.578947368	4.82466882459	314.0	0.90956986	0.581662377419
10317.000016381	442.0	3.97592759052	257.0	0.8212501	0.496641775552
10317.000001221	424.517241379	5.51840016083	357.0	0.93364644	0.65077159891
10317.000009497	477.724137931	4.34796954423	271.0	0.88680718	0.537971957951
10317.000002161	563.722222222	5.45064172525	365.0	0.95190098	0.640366555159
10317.000023343	446.772727273	4.17219611142	208.0	0.89566394	0.541812709941
10317.000036151	647.35	6.03402187603	430.0	0.96362378	0.689744954161
10317.000038424	696.631578947	5.69628132463	414.0	0.94014992	0.6552355059
10317.000036191	536.111111111	5.56855385099	376.0	0.94721828	0.650943481626
10317.000005799	196.666666667	1.80094995578	115.0	0.41774302	0.263085614379
10317.000016723	531.65	5.59756183058	341.0	0.95093982	0.665297048765
10317.000004927	264.886363636	3.5051024287	210.0	0.80292534	0.454367497207
10317.000016717	549.957446809	6.04060981112	366.0	0.96804976	0.709349780503
10317.000002382	587.56097561	6.29357378121	462.0	0.96846984	0.710997764596
10317.000001575	448.014285714	5.37610212799	367.0	0.9245961	0.631024842897
10317.000012154	388.833333333	4.96970917909	299.0	0.925998	0.60429330829
10317.000006034	587.666666667	5.68915364505	397.0	0.95279404	0.659001136353
10317.000001782	609.217391304	5.77199722031	460.0	0.94382226	0.65253560708
10317.000014556	378.5	3.59155128484	233.0	0.78362822	0.456697135442
10317.000010979	483.06	4.86234518134	333.0	0.90317516	0.580275167004
10317.000005228	233.333333333	0.962608648771	105.0	0.21400774	0.143368103868
10317.000002067	369.068181818	4.54356699155	286.0	0.87076018	0.556818460001
10317.000012156	646.813333333	5.99344061034	462.0	0.9622281	0.677091112988
10317.000008991	397.0	5.24990739853	321.0	0.93823054	0.630511242142
10317.000001405	314.666666667	4.97778507346	253.0	0.93442796	0.62354867593
10317.000010776	475.6	6.43142493434	398.0	0.97279592	0.744668804876
10317.000013965	514.023255814	5.22578680517	316.0	0.9347318	0.629326202564
10317.000003281	224.833333333	4.56538092298	184.0	0.91768608	0.606811102194
10317.000002272	547.333333333	4.71063776788	354.0	0.89305506	0.556312849012
10317.000002126	421.333333333	4.91110306033	320.0	0.90396524	0.590140049798
10317.000012202	517.263157895	4.88197275733	300.0	0.92806504	0.593277472861
10317.000001794	422.12244898	4.99656925205	331.0	0.90321336	0.596912655941
10317.000002276	540.166666667	5.1933291666	392.0	0.87348776	0.602844351182
10317.000009198	466.263157895	5.15267830947	336.0	0.90305188	0.613975621976
10317.000014594	342.176470588	3.72751065431	227.0	0.74560514	0.476264941099
10317.000016737	685.481481481	6.09503525893	491.0	0.95875416	0.68180337271
10317.000015605	496.3125	5.52442391366	340.0	0.9510174	0.656935080746
10317.000009219	484.092307692	4.76406600096	361.0	0.86140648	0.560751800246
10317.000007005	253.317073171	3.5266210244	201.0	0.76802604	0.460932845149
10317.000006703	295.146341463	2.95260607755	220.0	0.67703974	0.379446033374
10317.000017746	345.0	4.91780264771	240.0	0.93101614	0.621964170143
10317.000026105	308.5	4.24717182637	193.0	0.89355992	0.559393593605
10317.000001301	287.166666667	3.35295781469	228.0	0.6974569	0.428061393512
10317.000009097	327.464285714	3.98921999119	231.0	0.7975819	0.508067689141
10317.000016414	452.935483871	4.53643379531	256.0	0.90510994	0.567054224413
10317.000003732	328.666666667	5.21756014306	284.0	0.93526496	0.640211293252
10317.000013814	317.238095238	4.10345891918	224.0	0.87489028	0.525588878711
10317.000018426	305.736842105	5.01877474646	251.0	0.92904128	0.62958631694
10317.000002132	556.714285714	4.99018306273	423.0	0.85815338	0.571972621826
10317.000003225	251.487179487	4.03637848578	212.0	0.85664396	0.522311080907
10317.000009392	234.03030303	2.73191281062	171.0	0.65309818	0.368288909106
10317.000009149	401.982758621	5.32496826538	325.0	0.93803776	0.638156691007
10317.000013912	338.0	4.05179407342	205.0	0.8364348	0.527613070275
10317.000007677	388.765957447	4.85880411054	277.0	0.92535736	0.598836395229
10317.000017208	420.8	5.34600406342	313.0	0.94670358	0.644872365447
10317.000013117	556.0	3.86486191785	343.0	0.70698108	0.458897197439
10317.000005026	257.5	3.79081802014	169.0	0.84921702	0.512211832766
10317.000009033	348.243902439	5.62517270969	275.0	0.95325298	0.694183995766
10317.000013524	771.016949153	6.30386345659	510.0	0.96458968	0.700868995292
10317.000002274	231.166666667	3.85359942425	182.0	0.83533926	0.513279812372
10317.000008999	350.526315789	3.11341247534	228.0	0.66850814	0.39747940667
10317.000016761	505.529411765	5.10141492542	356.0	0.91577452	0.60188477693
10317.000004025	142.956521739	2.95180629546	114.0	0.76449022	0.431999679395
10317.000001128	359.441860465	5.45782863565	300.0	0.94128862	0.663257855219
10317.000003559	455.0	5.65634632927	360.0	0.95815932	0.666090930343
10317.000017117	184.038461538	2.99170900283	135.0	0.71240078	0.42274790996
10317.000014561	578.857142857	6.01141621959	397.0	0.9544909	0.696330309737
10317.000002056	471.193548387	6.10684456624	378.0	0.96445872	0.713229579784
10317.000002243	371.076923077	4.87935214794	259.0	0.90560506	0.608640243454
10317.000003189	485.243902439	4.82403259131	314.0	0.89505436	0.581585673095
10317.000016315	363.833333333	3.24005612215	245.0	0.6719872	0.408240384285
10317.000011315	477.095238095	5.61002488964	358.0	0.95047958	0.661261988346
10317.000013913	317.538461538	3.38419236384	205.0	0.75305966	0.440679879366
10317.000013498	439.0	4.05775935494	244.0	0.86705016	0.511649696898
10317.000002589	510.459016393	5.5981586957	373.0	0.95894504	0.65528945853
10317.000004086	586.295774648	6.58794521368	457.0	0.97500062	0.745575788837
10317.000013551	416.071428571	3.19270190006	260.0	0.68554226	0.397975008684
10317.000006766	400.6	5.63698219117	331.0	0.94909484	0.673419268599
10317.000011962	420.441860465	3.3392201522	268.0	0.71934888	0.413982547596
10317.000002199	245.033333333	4.07475343524	182.0	0.87854214	0.542736400038
10317.000010556	485.65	4.04059224742	295.0	0.78066856	0.492480615548
10317.000028914	417.405405405	4.68405471109	267.0	0.91544924	0.581098052921
10317.000038479	291.03030303	4.68411795774	228.0	0.913604	0.598006348776
10317.000042999	488.016949153	6.06395943732	367.0	0.97016846	0.711762715844
10317.000041554	703.238095238	6.28072647418	456.0	0.97202184	0.711061324675
10317.000037489	466.610169492	5.96187891046	365.0	0.96740378	0.700429060026
10317.000031493	358.365384615	5.22741829415	305.0	0.92420826	0.633421812254
10317.000039813	409.9	4.7790299213	276.0	0.88939106	0.58938342565
10317.000009455	418.444444444	5.10577786462	246.0	0.93908292	0.642841490712
10317.000023819	440.27027027	4.69154444143	287.0	0.86543778	0.57459864314
10317.000008950B	333.15	3.72764041201	246.0	0.7825679	0.46932749188
10317.000001067	226.0	2.03742950105	112.0	0.63711534	0.299298262596
10317.000009526	345.1	5.40602331792	265.0	0.9524462	0.671568326374
10317.000010876	267.1	5.07866265563	212.0	0.94067104	0.657183609159
10317.000001622	300.285714286	4.34096549189	221.0	0.89224032	0.55739853687
10317.000002271	399.0	3.46524395388	217.0	0.77976208	0.446462807511
10317.000002465	444.692307692	6.0838785074	376.0	0.96748414	0.711183040224
10317.000001747	271.454545455	4.34587031675	216.0	0.87007896	0.560404043971
10317.000002038	328.794117647	3.79197403332	211.0	0.83928064	0.491118419883
10317.000023378	383.837209302	4.57676046461	280.0	0.8640433	0.562996817194
10317.000010178	297.0	4.77700646842	257.0	0.89748458	0.596706283072
10317.000011259	356.902439024	3.75372214391	248.0	0.7486686	0.471917211675
10317.000005025	302.275862069	4.30779858036	219.0	0.87599786	0.554072870078
10317.000001225	245.0	2.38546125112	131.0	0.6322533	0.339160782823
10317.000015394	282.5	3.54611530254	173.0	0.83854566	0.476972781149
10317.000042586	652.246153846	6.32850751816	459.0	0.97102268	0.715704227086
10317.000001208	239.193548387	4.16041310319	184.0	0.89849266	0.552984494245
