	chao1	shannon	observed_otus	simpson	equitability
10317.000002503	475.681818182	5.44729596564	362.0	0.93048506	0.640869968468
10317.000013618	655.916666667	6.61887151217	457.0	0.97983736	0.749075802673
10317.000031796	973.961538462	6.50067789543	597.0	0.96663004	0.704941330592
10317.000026504	707.163934426	6.08553344374	446.0	0.96430876	0.691467180964
10317.000007104	666.901639344	5.83337811699	423.0	0.95802252	0.668619273829
10317.000007077	636.555555556	5.85292350571	401.0	0.96127428	0.676837426336
10317.000016408	780.692307692	6.4372259127	523.0	0.97219206	0.712818423664
10317.000005802	429.071428571	4.4919618505	273.0	0.88972028	0.555059514611
10317.000006952	424.069767442	5.84965140118	333.0	0.96569796	0.69810087872
10317.000013023	565.32	5.93353307515	379.0	0.96656264	0.692679855709
10317.000002645	433.0	4.84292133456	330.0	0.89486134	0.578859050672
10317.000002027	618.333333333	5.80834242847	417.0	0.95763784	0.667326146189
10317.000027353	1016.12345679	6.52175668977	610.0	0.95904868	0.704851670838
10317.000023798	728.838709677	6.0942915051	469.0	0.95332636	0.686801136946
10317.000041962	811.584415584	6.55629817697	532.0	0.9750493	0.724030224752
10317.000040352	591.142857143	4.35806455607	346.0	0.7888357	0.516687213527
10317.000028811	573.8	4.96314500192	380.0	0.90954362	0.579139862881
10317.000027772	1020.49253731	7.02153464357	596.0	0.98221602	0.761623418423
10317.000027617	758.960784314	5.51785585487	436.0	0.93476486	0.629304272182
10317.000039952	155.75	4.43968169566	140.0	0.89939328	0.622738876421
10317.000026028	660.75	6.08430138755	447.0	0.96693558	0.691073471409
10317.000001441	566.303571429	5.07675791281	385.0	0.89484862	0.591096354718
10317.000016347	700.630769231	6.14500599811	461.0	0.95307904	0.694459018028
10317.000001595	532.333333333	6.25501258254	419.0	0.96945132	0.718075029006
10317.000002146	554.083333333	5.86300305113	403.0	0.95962772	0.677440741794
10317.000012158	878.659090909	6.64918879187	582.0	0.97401436	0.723928038611
10317.000014313	356.848484848	4.09349722574	230.0	0.85380914	0.521764376625
10317.000007749	417.675675676	5.54950906789	307.0	0.94234352	0.671683050334
10317.000017335	749.610169492	5.97321916558	458.0	0.96666468	0.675764391089
10317.000002578	539.873015873	6.00111531095	392.0	0.96715142	0.696612587022
10317.000007719	490.307692308	5.0923396249	334.0	0.9297221	0.607409260543
10317.000006716	578.142857143	5.99247540654	447.0	0.9559092	0.68064359698
10317.000006802	558.2	5.72251586676	401.0	0.93841316	0.661756967718
10317.000002898	454.442622951	5.7652195996	370.0	0.95708002	0.675766243284
10317.000001647	605.375	5.76678163951	395.0	0.9521285	0.668557418808
10317.000002878	391.382978723	5.63033362277	337.0	0.92931088	0.670548843193
10317.000017667	646.545454545	5.9751468152	434.0	0.96359242	0.681973620502
10317.000009213	481.692307692	5.66457174245	360.0	0.9503318	0.667059554398
10317.000031434	650.365384615	5.19607048586	387.0	0.91909256	0.604462050427
10317.000027217	571.083333333	4.76509369529	377.0	0.83374736	0.556772546588
10317.000001546	521.75	6.32421759832	389.0	0.97559976	0.735064186278
10317.000009074	539.046153846	6.00992891505	404.0	0.96828582	0.694130528807
10317.000027277	741.676056338	5.5243699592	478.0	0.92353102	0.620655277557
10317.000001333	263.444444444	4.30272550019	174.0	0.90882588	0.578094607676
10317.000023984	685.693548387	5.81044513721	454.0	0.9471297	0.658291873157
10317.000028933	694.0	6.15782683092	458.0	0.96428394	0.696649492255
10317.000015568	644.123076923	6.09793811105	441.0	0.96646836	0.694159543141
10317.000006944	606.311320755	2.98692653993	444.0	0.55966854	0.339638991983
10317.000002028	571.842105263	5.51973010549	406.0	0.91062754	0.636989743761
10317.000003896	493.103448276	5.84168711084	370.0	0.95564026	0.684729329931
10317.000011025	991.459459459	6.28322040888	459.0	0.97222854	0.710582612638
10317.000017293	803.0	5.96383166335	533.0	0.95394254	0.658405510392
10317.000031284	371.875	3.62048371687	205.0	0.7989993	0.471449065556
10317.000020034	707.435483871	5.95325188746	473.0	0.9565748	0.669981466542
10317.000031847	602.161764706	5.47838533565	408.0	0.93531444	0.631701642808
10317.000013935	667.558823529	6.1537793914	471.0	0.96485194	0.693025699339
10317.000014019	624.795180723	6.30345358937	481.0	0.9686224	0.707466804607
10317.000023052	475.642857143	5.40078354333	346.0	0.94008036	0.64031079943
10317.000015385	728.220588235	6.43989639434	486.0	0.97378626	0.721572177761
10317.000017354	811.08	6.69612699337	535.0	0.97561034	0.738810008094
10317.000023475	673.943661972	6.52057281878	474.0	0.97679406	0.733576461395
10317.000003475	618.842105263	5.91407751065	453.0	0.94543936	0.670274437157
10317.000017269	563.01369863	5.69210613952	420.0	0.9380065	0.653195520827
10317.000014801	566.185185185	5.66287895363	362.0	0.95449174	0.666233132796
10317.000009716	637.613636364	6.61057860324	514.0	0.97714654	0.734049989218
10317.000013155	589.686046512	5.80560988233	458.0	0.94504148	0.656802357034
10317.000015604	592.333333333	5.70382696414	373.0	0.95372942	0.667658400922
10317.000009236	494.679245283	5.61969252227	371.0	0.93404786	0.658407874883
10317.000041289	666.901408451	5.65375018736	440.0	0.94247678	0.643835393584
10317.000030735	695.49122807	6.19098736742	461.0	0.96302234	0.699655461544
10317.000022541	564.294117647	5.21152447468	368.0	0.90712258	0.61142565767
10317.000034132	315.15	3.46937344194	228.0	0.7724064	0.44292380407
10317.000026633	695.921875	5.88379133962	447.0	0.95483008	0.668298929839
10317.000028715	391.032258065	4.79437393967	256.0	0.90873212	0.599296742459
10317.000026126	513.617647059	4.42408486092	282.0	0.89273324	0.54352932605
10317.000033665	637.052631579	4.89857764465	373.0	0.89709312	0.573400374448
10317.000028755	750.413333333	6.17000289645	493.0	0.962143	0.689736921868
10317.000016485	417.3	4.49211131639	306.0	0.85277938	0.544011181498
10317.000001001	440.016666667	4.57726956168	317.0	0.87250438	0.550924745015
10317.000002334	533.621621622	5.85360682695	415.0	0.95584122	0.673062973881
10317.000006797	386.666666667	4.75808647192	287.0	0.89786758	0.58274840297
10317.000013156	717.794520548	6.55020757963	477.0	0.97656828	0.736156591167
10317.000001529	583.3	6.14515079532	430.0	0.96852084	0.702448025664
10317.000002418b	805.0	6.43727686803	547.0	0.9710978	0.707751058244
10317.000005849	431.977272727	4.23640947045	283.0	0.83256694	0.520145762308
10317.000011341	566.611111111	5.74535983189	389.0	0.95800272	0.667783513778
10317.000013355	780.682926829	6.30132987187	538.0	0.96376876	0.694632201516
10317.000006794	559.122807018	5.3605263348	381.0	0.92510064	0.625232904687
10317.000028723	703.75	5.56414232058	448.0	0.94061266	0.631760882787
10317.000002774	473.264150943	4.6032806606	334.0	0.85032274	0.549074788424
10317.000001531	500.381578947	6.25240992787	408.0	0.96817746	0.720952868583
10317.000018027	742.517241379	6.4747273713	486.0	0.97562886	0.725474890221
10317.000001948	412.234042553	5.01041086633	287.0	0.9269654	0.613651926632
10317.000001032	432.610169492	5.53939849854	331.0	0.95393854	0.661761481385
10317.000016697	881.158536585	7.03527970565	582.0	0.98489662	0.765963548007
10317.000011162	596.016129032	4.13843996718	406.0	0.74292594	0.477585636233
10317.000005999	468.985074627	4.93470611554	357.0	0.91159124	0.581937970312
10317.000001362	572.256097561	6.56477547858	470.0	0.97664528	0.739566602317
10317.000010947	502.727272727	5.72603636533	318.0	0.96261198	0.688814746476
10317.000002851	465.6	5.44726898708	362.0	0.93597694	0.640866794462
10317.000035452	684.552631579	6.51734172991	406.0	0.97557568	0.752116454826
10317.000005928	681.034482759	6.15318780652	502.0	0.95065932	0.685856092601
10317.000027807	863.338709677	6.37430710702	506.0	0.97134246	0.709597202093
10317.000031313	1140.32307692	6.46041303587	594.0	0.96804324	0.701127554969
10317.000014458	546.021276596	5.45822122536	330.0	0.94692918	0.652403898103
10317.000016759	665.741935484	6.10678815962	458.0	0.9599166	0.690875366834
10317.000014308	609.28125	6.08779718786	437.0	0.95654556	0.694043720742
10317.000010546	426.1	4.57297551447	304.0	0.88503454	0.55443934334
10317.000015305	798.734375	6.72174041439	527.0	0.97495902	0.743418912575
10317.000014295	580.019607843	5.10091232364	355.0	0.91750406	0.602113772607
10317.000011055	684.710144928	6.19111158229	491.0	0.954268	0.692550670883
10317.000002818	441.254237288	3.7437355503	334.0	0.68772086	0.4465490933
10317.000009667	569.666666667	4.80198082954	355.0	0.90954892	0.566827777035
10317.000012254	585.677966102	5.27356301183	386.0	0.92027026	0.61374330869
10317.000026037	626.378787879	6.25890244733	466.0	0.96455532	0.706088787532
10317.000007037	431.962264151	5.74119469411	363.0	0.92678264	0.675130802417
10317.000015594	788.52173913	6.67340978537	520.0	0.97955214	0.739651710468
10317.000004286	498.049180328	5.48103423878	371.0	0.94237622	0.64216255445
10317.000001351	542.442307692	5.04186583353	358.0	0.90693868	0.594292234285
10317.000010115	510.226415094	5.54218725367	364.0	0.93572722	0.651424662683
10317.000010981	545.684210526	6.01429032333	394.0	0.96270894	0.697547457295
10317.000013028	446.052631579	5.96890296968	371.0	0.95866326	0.6993216629
10317.000017095	570.181818182	6.43584092995	442.0	0.97610474	0.732352331681
10317.000011048	614.269230769	6.32784963833	471.0	0.96895402	0.712629124639
10317.000002079	443.615384615	5.24694074738	341.0	0.9444864	0.623624052744
10317.000014937	572.15625	6.27731832931	435.0	0.9678716	0.716190564155
10317.000013653	397.466666667	5.02023093166	294.0	0.91517874	0.612247748512
10317.000021178	640.0	5.79442423499	435.0	0.94695352	0.661096306433
10317.000006741	582.559322034	5.87073406915	420.0	0.95484096	0.673693902387
10317.000014548	689.737704918	6.03651172744	443.0	0.9624513	0.686656794324
10317.000013215	665.333333333	6.1481386009	460.0	0.96246064	0.695059127927
10317.000010867	562.6	5.7583259339	378.0	0.96094752	0.672525449362
10317.000026613	576.8	5.87390276637	399.0	0.95792808	0.679830584634
10317.000006909	640.088235294	6.18760290944	460.0	0.96536664	0.699520645414
10317.000011163	507.025641026	5.21066855436	327.0	0.91141084	0.623797074709
10317.000012276	598.04	6.03807880166	453.0	0.95289342	0.684328175104
10317.000015003	583.565217391	5.51211521426	384.0	0.91979396	0.642066312322
10317.000001613	568.313432836	5.91041808836	421.0	0.95551004	0.677980897836
10317.000006029	550.703125	5.85656171967	403.0	0.95779354	0.676696478092
10317.000005024	609.417910448	6.22082816704	460.0	0.9574248	0.703276825955
10317.000026632	780.125	6.23876822161	421.0	0.97190956	0.71564576601
10317.000033799	490.125	5.13089542985	267.0	0.95128692	0.636532561622
10317.000029152	561.0	4.20479965342	329.0	0.77197796	0.502849548765
10317.000022999	646.294117647	5.40204910557	381.0	0.93497306	0.630075974371
10317.000037575	772.727272727	6.83829389967	542.0	0.97945352	0.752937863994
10317.000027681	628.397058824	6.48245245325	446.0	0.97359242	0.736567001893
10317.000021296	797.270588235	6.42777433256	544.0	0.97163382	0.707323313982
10317.000028712	664.263157895	5.63976890121	424.0	0.94605362	0.646175561586
10317.000027363	691.378787879	5.85629843217	450.0	0.95396632	0.664447903245
10317.000033801	745.0	5.60573383957	430.0	0.936864	0.640787638768
10317.000011225	646.637931034	5.94988383572	419.0	0.95954236	0.683046269138
10317.000011409	459.016949153	5.29855902927	338.0	0.93623794	0.63071480426
10317.000009475	407.388888889	4.93466760114	312.0	0.9054338	0.595585762862
10317.000012928	492.666666667	5.62872426376	334.0	0.95072724	0.671388692564
10317.000028841	700.04	5.96932663193	453.0	0.96522706	0.676536119322
10317.000014534	492.0	5.61202144658	371.0	0.94973736	0.657509125242
10317.000016715	620.776470588	6.55627542668	473.0	0.9779968	0.737845988791
10317.000008954A	549.266666667	5.77731856401	394.0	0.94408424	0.67006307605
10317.000015912	516.395833333	5.2345548671	339.0	0.93134774	0.622780103114
10317.000016725	627.887323944	6.42442970623	435.0	0.97861754	0.732974766341
10317.000018358	503.898305085	4.82709375954	346.0	0.8808626	0.572294786357
10317.000010102	574.022222222	5.56000724823	367.0	0.95293634	0.652610872486
10317.000008949B	506.016949153	5.94393754011	391.0	0.95758054	0.69027063329
10317.000010869	624.924242424	6.1371214421	437.0	0.9582842	0.699666968015
10317.000014571	690.05	6.43190406499	470.0	0.97391994	0.724597733966
10317.000010827	577.454545455	5.9380989565	398.0	0.96307006	0.687548575676
10317.000014162	691.888888889	5.8824150934	429.0	0.95819224	0.672673169406
10317.000016736	601.875	5.76980222543	468.0	0.95273628	0.650458285293
10317.000001929	556.681818182	5.75783559614	405.0	0.95338804	0.664740603043
10317.000003196	570.961538462	6.11263909655	455.0	0.96004198	0.692279846145
10317.000028833	277.161290323	4.11546123202	197.0	0.891622	0.539941387109
10317.000004291	1030.71428571	6.29599786201	546.0	0.9715732	0.692419006076
10317.000035347	1014.78947368	6.31051229084	520.0	0.97187094	0.699429730822
10317.000031035	587.0	4.88965498561	347.0	0.88170034	0.57942594995
10317.000016765	650.887323944	6.14077227968	458.0	0.96408896	0.694720070596
10317.000004918	628.012987013	6.27212467514	471.0	0.97097218	0.706353496423
10317.000001347	576.014285714	5.92446798377	433.0	0.95266728	0.67644633375
10317.000005938	479.188405797	5.68209440158	406.0	0.94099912	0.65572696268
10317.000003982	505.368421053	5.11266650255	378.0	0.8861592	0.597117699925
10317.000001934	566.904761905	5.49300618638	408.0	0.91954448	0.633387543828
10317.000015355	585.923076923	5.9404944895	414.0	0.95404472	0.683327014642
10317.000002418a	759.04	6.41443229329	499.0	0.97714598	0.715665147679
10317.000026083	710.114285714	5.70957805886	459.0	0.93330368	0.645708192631
10317.000009476	404.181818182	4.69923702404	303.0	0.88668684	0.57007616647
10317.000003729	655.723684211	5.76584779035	482.0	0.94170574	0.646911183662
10317.000017219	666.363636364	6.41757608258	482.0	0.97306992	0.720033183458
10317.000004283	217.058823529	3.12413975045	145.0	0.7468873	0.435122466215
10317.000003473	583.366666667	6.57473220275	500.0	0.96918126	0.733313672736
10317.000007068	330.023255814	4.95180898582	247.0	0.93290662	0.622997005743
10317.000011342	576.042253521	6.01902889089	439.0	0.9501288	0.685688767832
10317.000026056	459.352941176	4.72517301436	317.0	0.90734942	0.56872655259
10317.000012209	617.166666667	5.76343284448	399.0	0.94807684	0.667045076503
10317.000016355	667.838235294	6.46886164981	464.0	0.97597334	0.73028624168
10317.000015185	661.87755102	5.18317190761	379.0	0.90976154	0.605082793607
10317.000003028	479.985074627	5.27215338962	368.0	0.91413238	0.618538753728
10317.000012985	736.661290323	6.16089267317	471.0	0.9589213	0.693826782179
10317.000016755	637.723684211	6.02657407364	464.0	0.94051748	0.680355272488
10317.000014327	473.017857143	5.57787056545	358.0	0.9551647	0.657471910269
10317.000013249	450.982142857	5.32259947981	317.0	0.94602096	0.640633399829
10317.000008950A	369.135135135	3.80318915975	251.0	0.79648296	0.477095700979
10317.000016716	614.471698113	6.15381523214	412.0	0.96908834	0.708434335885
10317.000022662	667.611111111	5.91312269994	414.0	0.95864068	0.680178474856
10317.000022443	539.238095238	5.18312171361	387.0	0.93104462	0.60295571185
10317.000017074	469.101694915	5.48888133575	358.0	0.9472321	0.646982617239
10317.000002511	502.775862069	4.94127839809	367.0	0.88737864	0.579987014873
10317.000013821	369.416666667	5.02253799535	295.0	0.92886234	0.612163379054
10317.000004819	388.170212766	4.95831099119	272.0	0.92126386	0.613086092452
10317.000017075	453.808219178	4.95546751045	356.0	0.89793254	0.584665333191
10317.000010834	601.716666667	5.61509640163	395.0	0.9368321	0.6509721698
10317.000014303	508.654545455	6.0512187686	370.0	0.96896442	0.709289438833
10317.000015265	573.196721311	5.67780154402	390.0	0.95720834	0.659647223593
10317.000003193	375.288461538	4.90087361673	282.0	0.92191222	0.602106111818
10317.000013619	710.296296296	6.71812172536	518.0	0.97891388	0.745066492601
10317.000005015	525.608108108	5.89933709744	396.0	0.96550872	0.683635797797
10317.000022925	403.323529412	5.29061073283	272.0	0.9473174	0.654174348208
10317.000003439	588.62	5.2818351154	374.0	0.93888558	0.617982957458
10317.000016735	605.0	6.09397461924	448.0	0.96544652	0.691918819347
10317.000011168	503.833333333	5.95576227696	376.0	0.96165208	0.696206723692
10317.000004972	534.642857143	6.33403963272	405.0	0.97251408	0.731263207303
10317.000009382	574.015873016	5.91677854388	399.0	0.96578818	0.684792918205
10317.000027308	491.509090909	5.52905410161	366.0	0.91960932	0.649277711358
10317.000003895	561.758064516	5.95263217866	398.0	0.96301842	0.689231318969
10317.000001322	427.054545455	5.02356305564	312.0	0.93357502	0.606314928707
10317.000026106	523.0	5.62566004548	388.0	0.9357939	0.654153146516
10317.000008957B	644.5625	6.32853561944	421.0	0.97060866	0.725942936204
10317.000001047	402.027777778	4.8307959988	270.0	0.90795578	0.598106511254
10317.000017071	439.178571429	4.59775621782	318.0	0.8497677	0.553088049303
10317.000015262	513.151515152	5.49478448233	372.0	0.95110926	0.643480769462
10317.000003981	512.472727273	5.44246980469	367.0	0.94636402	0.638814808892
10317.000014334	731.833333333	6.40632499415	498.0	0.97142112	0.714991474636
10317.000011378	645.515151515	5.75677023427	443.0	0.95557028	0.654836033327
10317.000016718	620.659574468	5.9040689585	370.0	0.96654484	0.692041375224
10317.000016714	615.616438356	6.56693668409	450.0	0.97835416	0.745075982897
10317.000007748	457.56	5.32242707491	342.0	0.92703236	0.632278489733
10317.000007073	641.180722892	5.78364207548	464.0	0.95623426	0.652930061451
10317.000001247	822.714285714	6.74082724814	524.0	0.98036136	0.746209631387
10317.000002036	396.487179487	5.02087164274	282.0	0.9300476	0.616848696613
10317.000012112	534.859375	5.81028098564	385.0	0.96050234	0.67650180873
10317.000002437	371.551724138	4.9324012931	310.0	0.91892132	0.595979597643
10317.000003731	559.217391304	5.50735364562	410.0	0.94573844	0.634525752981
10317.000013171	581.052631579	5.53139647376	385.0	0.93957162	0.644030766938
10317.000001487	454.428571429	5.75982333202	361.0	0.9600299	0.677956875887
10317.000014306	538.765957447	5.29519829274	352.0	0.93294248	0.625952017991
10317.000002064	569.493150685	6.26546665337	440.0	0.96899626	0.713496184847
10317.000002336	536.263157895	5.36279012852	368.0	0.9083257	0.629172423004
10317.000006074	450.615384615	5.68783825266	348.0	0.96170724	0.673679535515
10317.000012061	493.660377358	4.66160770789	323.0	0.89552636	0.55925487704
10317.000016756	650.338709677	6.04905376644	440.0	0.96303416	0.688851608837
10317.000011018	685.43902439	6.22038966288	504.0	0.959705	0.692903609544
10317.000015261	659.272727273	5.82235519695	443.0	0.95894204	0.662296361785
10317.000013458	599.590909091	6.30860025815	437.0	0.9684203	0.719216534443
10317.000041935	485.0	4.28165239495	330.0	0.81239626	0.511772351734
10317.000033721	640.045454545	6.25396137694	440.0	0.97167248	0.712185991802
10317.000031491	463.692307692	6.4028984714	386.0	0.97747702	0.745176664094
10317.000017671	409.386363636	5.19441966349	290.0	0.93961454	0.635021686222
10317.000036943	504.513888889	5.97573678177	407.0	0.9609954	0.689331649066
10317.000036102	595.96875	6.2633374913	426.0	0.96981984	0.717063046584
10317.000028894	585.775862069	5.2980247931	380.0	0.93905052	0.618216342869
10317.000040358	602.162790698	5.64597023072	356.0	0.95018766	0.66613353012
10317.000031506	660.838235294	6.13181217163	457.0	0.95828836	0.693953964185
10317.000016446	709.283018868	5.9081548192	454.0	0.9446126	0.669361849392
10317.000028793	634.263157895	5.4597925864	348.0	0.95169694	0.646669326768
10317.000042026	692.7	6.47288793627	498.0	0.9723745	0.722420372824
10317.000037582	540.842105263	5.74030852989	375.0	0.95596586	0.671322479074
10317.000029202	493.65	4.6370543101	324.0	0.86539996	0.556011715857
10317.000022618	810.043478261	6.3218725582	507.0	0.96635524	0.70353703109
10317.000021229	452.666666667	3.24494594171	251.0	0.6870784	0.407066199883
10317.000034121	466.363636364	4.5097043847	250.0	0.91073474	0.566134384706
10317.000036071	456.471698113	4.94161414584	324.0	0.91239428	0.592530338571
10317.000036166	588.0	5.80447761804	393.0	0.96131336	0.673499417788
10317.000031593	605.41025641	4.86665730052	334.0	0.8836409	0.58049009492
10317.000034194	902.263888889	6.05726373947	546.0	0.94889074	0.666163589942
10317.000036131	658.264705882	5.98790930313	442.0	0.96071192	0.681380939611
10317.000002347	440.538461538	4.98430892272	321.0	0.92250864	0.598612998576
10317.000016767	727.25	6.20609932771	451.0	0.96561556	0.703880101506
10317.000036109	429.6	4.10398268511	252.0	0.81436278	0.514458903846
10317.000004973	650.918032787	6.33939863377	445.0	0.96780508	0.720577691599
10317.000031379	769.514705882	5.86260509058	459.0	0.94968768	0.663014341538
10317.000004737	571.125	5.7244658445	412.0	0.92791102	0.659007137176
10317.000006666	541.23255814	4.88259236615	334.0	0.9146494	0.582390813871
10317.000003969	299.622222222	5.01694312469	249.0	0.9351923	0.63026908379
10317.000001749	581.354166667	6.29272819754	480.0	0.9640862	0.706501121799
10317.000009507	588.679012346	6.34645128023	458.0	0.97414488	0.717989021678
10317.000040348	807.766233766	5.96472237618	509.0	0.95578268	0.663371838304
10317.000026595	797.428571429	6.06752668875	431.0	0.96146076	0.693309277516
10317.000012335	747.023809524	5.52357512423	405.0	0.93739208	0.637695293262
10317.000022554	650.465753425	6.31645957727	456.0	0.97316558	0.715106784659
10317.000003718	716.584415584	6.42623875544	512.0	0.96874736	0.714026528382
10317.000006113	509.875	5.18052486948	367.0	0.91074348	0.608068785536
10317.000006662	651.524590164	6.2784558083	443.0	0.97039098	0.714178077223
10317.000013756	797.163934426	6.63181921011	509.0	0.97276378	0.737563598648
10317.000001216	522.777777778	6.23525335832	439.0	0.96962632	0.710321094963
10317.000016722	595.716981132	6.13397270653	396.0	0.97180584	0.7108261921
10317.000016358	375.909090909	4.91272741466	311.0	0.91774032	0.593269340624
10317.000035392	936.178571429	6.00063641133	470.0	0.9650994	0.676012499887
10317.000043118	677.307692308	6.54320345447	510.0	0.97355428	0.727479023412
10317.000006685	419.75	4.92442026496	281.0	0.92489644	0.605380154802
10317.000005992	470.666666667	4.32487804797	320.0	0.82618814	0.519696637445
10317.000012947	684.693548387	5.99660972643	453.0	0.96165682	0.679628260197
10317.000012122	603.411764706	5.67094827319	393.0	0.9487698	0.658005872643
10317.000004758	550.085714286	5.68306879144	403.0	0.95092736	0.656650236094
10317.000042014	739.454545455	6.66579637964	560.0	0.97654068	0.730155519034
10317.000027267	730.381578947	6.35062015434	504.0	0.96799164	0.707410285571
10317.000006625	424.056603774	4.96035995916	313.0	0.91500542	0.598353278895
10317.000008951B	303.75	4.14739595114	215.0	0.87160178	0.535272679921
10317.000006778	771.029411765	6.60724702983	562.0	0.9774817	0.723334646119
10317.000012971	758.978494624	6.41395664201	545.0	0.96964564	0.705597064799
10317.000017652	790.869047619	6.92074178073	568.0	0.97999646	0.756386126342
10317.000015254	629.039473684	6.28405105051	472.0	0.96651966	0.707452839835
10317.000001438	658.018181818	5.89641882452	406.0	0.96485096	0.680460501574
10317.000006803	532.117647059	5.78432820196	385.0	0.95540478	0.673480077915
10317.000013299	597.0	5.81684645266	452.0	0.95184316	0.659493019069
10317.000036039	436.772727273	5.20746562687	303.0	0.93058072	0.631730646145
10317.000011026	777.35	5.75650910821	449.0	0.94309076	0.653363861831
10317.000012993	602.060606061	5.92351354477	435.0	0.96110402	0.675824338491
10317.000009419	549.554216867	6.07887832829	434.0	0.95932556	0.693813020893
10317.000010693	680.011764706	6.28165789435	507.0	0.96845138	0.699061694874
10317.000008951A	302.0	3.93859832442	211.0	0.8557041	0.510108499859
10317.000001669	462.096774194	5.10754488837	345.0	0.92474074	0.605844687111
10317.000036068	553.737704918	5.78751660067	412.0	0.94986324	0.666265613242
10317.000042981	700.373333333	6.18334437975	466.0	0.96619794	0.697564816312
10317.000028776	964.763888889	6.72848163646	599.0	0.97328472	0.729263065195
10317.000004011	324.130434783	4.77445423387	267.0	0.91637028	0.592312906272
10317.000004285	628.081081081	6.19149683216	473.0	0.96419352	0.696793652633
10317.000026116	530.125	5.05298987381	367.0	0.90109074	0.593099250231
10317.000022498	611.615384615	6.37689873488	451.0	0.97049406	0.723251738617
10317.000023929	793.660377358	5.29450434656	476.0	0.865067	0.5952347184
10317.000009558	505.545454545	5.50613957954	390.0	0.93886742	0.639703529299
10317.000002051	636.385964912	5.84077387527	427.0	0.93436466	0.668426665883
10317.000016726	752.513513514	6.80500044168	525.0	0.98009902	0.753084295793
10317.000005927	651.956521739	5.87296999512	490.0	0.93281484	0.657178911712
10317.000013539	666.196721311	6.18638533051	468.0	0.96243268	0.697421755033
10317.000004289	629.25	6.11630094012	443.0	0.95629684	0.695732864656
10317.000011073	668.826086957	5.51376389224	406.0	0.94479	0.636301228819
10317.000001111	428.967213115	4.92200255395	336.0	0.89011208	0.586489083527
10317.000013053	447.58490566	4.20884211891	299.0	0.85612892	0.511775445294
10317.000010225	793.516129032	6.87611080159	519.0	0.98257664	0.76235286153
10317.000003226	617.78021978	6.42934901601	490.0	0.97015004	0.71943711493
10317.000013167	536.763157895	6.02271763157	423.0	0.96256666	0.690321287005
10317.000010879	490.245901639	5.02899511895	357.0	0.91434164	0.593057244689
10317.000013055	572.701754386	5.40956613733	402.0	0.92665304	0.625307341863
10317.000006665	582.8	6.94658405766	486.0	0.98485854	0.77834509743
10317.000002638	450.909090909	5.68444854665	379.0	0.95484018	0.663601761245
10317.000002443	645.7	6.70589827623	517.0	0.97716094	0.743940875031
10317.000017349	834.951612903	7.00942858464	533.0	0.98220544	0.773839146599
10317.000005814	478.38028169	6.20284013137	400.0	0.97031596	0.717601033056
10317.000020071	624.033898305	5.8643236544	403.0	0.96357836	0.677593330911
10317.000004026	581.1	6.07824749143	437.0	0.95400996	0.692955000695
10317.000013134	514.876712329	6.26526695457	407.0	0.97542034	0.722730427954
10317.000004822	461.559322034	6.15634608254	381.0	0.96698848	0.718054516113
10317.000009101	549.378787879	6.62824626615	443.0	0.97932962	0.753966949558
10317.000013159	744.272727273	6.25992460499	480.0	0.9653473	0.702818176309
10317.000016772	550.784810127	6.29280403041	443.0	0.9709294	0.715810196009
10317.000006635	538.310810811	5.38172722451	425.0	0.91213154	0.616370471104
10317.000001734	541.098591549	6.25101983944	423.0	0.96788984	0.716489187211
10317.000001286	566.928571429	5.69241186896	403.0	0.9387849	0.657729782072
10317.000014397	674.658227848	6.33999660377	473.0	0.97346772	0.713505879268
10317.000016731	658.4	6.31054864595	470.0	0.96206756	0.710926220717
10317.000016458	818.233333333	6.65536613264	565.0	0.9721009	0.727990395532
10317.000009174	516.0	6.26576821431	421.0	0.96673718	0.718742920731
10317.000013222	562.590909091	5.36212403789	400.0	0.92653454	0.620339339315
10317.000004847	392.58490566	5.50811533705	322.0	0.93739202	0.661165561682
10317.000002261	681.188405797	6.1686897774	473.0	0.96097044	0.694226937115
10317.000016729	682.569620253	6.62527693252	505.0	0.97679168	0.737769928323
10317.000001652	478.181818182	6.26351549732	377.0	0.97336154	0.731854124396
10317.000017083	582.25	5.75458132846	396.0	0.95880208	0.666860993445
10317.000002606	462.561643836	5.63569134969	392.0	0.93041148	0.654193983509
10317.000011357	605.0	6.1505017864	464.0	0.96460472	0.694345787124
10317.000004813	630.590909091	6.31744829348	459.0	0.96624906	0.714453516104
10317.000013453	497.25	5.41813476963	366.0	0.92903216	0.636252436385
10317.000016768	708.333333333	6.4484209156	492.0	0.9717311	0.721097059642
10317.000013174	395.404255319	4.05694880346	277.0	0.8110234	0.500009578865
10317.000016166	593.595744681	5.43960688316	359.0	0.93312272	0.640870570308
10317.000011358	669.0	6.92055301812	529.0	0.98228998	0.764945090324
10317.000001436	601.135135135	6.12770233703	462.0	0.96144584	0.692258931919
10317.000009385	637.679012346	6.53311178199	496.0	0.9743169	0.729614535523
10317.000006053	510.358974359	5.52131339268	411.0	0.92931378	0.635876636737
10317.000002185	404.063829787	5.32468558203	315.0	0.93176518	0.641589603517
10317.000016488	423.085714286	4.22638890798	258.0	0.83688326	0.527558234616
10317.000001516	409.571428571	5.02254118537	331.0	0.88779434	0.600015380014
10317.000011352	624.846153846	6.42975640504	491.0	0.96688928	0.719245979133
10317.000004009	443.948275862	5.55721080255	348.0	0.94790796	0.658207745354
10317.000013801	471.916666667	5.70196881287	372.0	0.9518627	0.6677436196
10317.000003996	821.8	6.61686537112	567.0	0.96447358	0.723375656871
10317.000017339	617.684210526	5.94517251369	411.0	0.94993918	0.684691491672
10317.000010183	791.869047619	6.86032587198	569.0	0.9786038	0.749575214297
10317.000012318	522.142857143	5.17451989893	377.0	0.89007012	0.604611536672
10317.000007666	617.630769231	6.31488507846	448.0	0.9679238	0.717001317007
10317.000002349	492.0	5.66198186503	373.0	0.95002	0.662760245327
10317.000015908	519.416666667	5.50238512575	311.0	0.95044014	0.664477411402
10317.000001423	447.8	4.83571200695	317.0	0.89545946	0.582031136357
10317.000005845	486.581081081	6.10706699429	398.0	0.96501946	0.707112704628
10317.000009118	518.0	5.76914689963	389.0	0.95787758	0.670548286071
10317.000005576	604.630769231	6.07478323859	435.0	0.96641438	0.693082970549
10317.000002801	600.041666667	6.54215532239	451.0	0.9726402	0.741994723131
10317.000013265	830.337837838	6.36469872123	545.0	0.96472568	0.700178218639
10317.000010833	381.949152542	4.91986370015	311.0	0.91134958	0.594131130631
10317.000013238	368.272727273	4.91191979206	269.0	0.9413395	0.608553886697
10317.000012983	669.158730159	5.81635388683	457.0	0.9227067	0.65825268679
10317.000004915	578.0	6.05708640749	404.0	0.96590656	0.699577091592
10317.000001099	826.295238095	7.33615170488	648.0	0.98659822	0.785467828993
10317.000015856	839.038461538	6.40569968316	533.0	0.97005082	0.707187628254
10317.000003061	576.043478261	6.0134367884	433.0	0.9568637	0.686604650391
10317.000028859	593.571428571	6.34838628434	471.0	0.9714719	0.714941918543
10317.000012903	665.12345679	6.50846696753	494.0	0.97462566	0.727335702602
10317.000004736	638.714285714	5.75304272059	466.0	0.91346168	0.649020973466
10317.000010962	567.88	6.12859674773	440.0	0.96274054	0.697909771114
10317.000002348	693.114754098	5.77211978574	474.0	0.92834336	0.649374115565
10317.000002444	471.482758621	5.70245739769	370.0	0.950339	0.66840961503
10317.000015584	626.467532468	5.63835590829	455.0	0.93533388	0.638565454144
10317.000023375	743.430769231	4.99672759749	473.0	0.8562028	0.562333821408
10317.000015624	685.082474227	6.09662466182	519.0	0.9568544	0.675931408135
10317.000006671	642.078947368	6.55644083715	483.0	0.97524824	0.73536670457
10317.000009102	531.3	5.39058139292	385.0	0.92460178	0.627635405488
10317.000015214	732.769230769	6.35534005348	505.0	0.97192796	0.707710609455
10317.000002172	612.548387097	5.74298347386	425.0	0.94064194	0.65774523339
10317.000001189	472.513888889	5.67542003637	370.0	0.947968	0.66524044935
10317.000007678	340.466666667	3.03325359575	263.0	0.70069522	0.377321080084
10317.000003358	520.93220339	5.81207794697	381.0	0.95434122	0.677900293757
10317.000009231	506.857142857	5.10987612388	411.0	0.9013088	0.588492377213
10317.000018318	512.789473684	6.30070130854	431.0	0.96721692	0.719953103818
10317.000013859	710.333333333	6.10926840219	477.0	0.95526508	0.686600866738
10317.000013757	545.651685393	6.5267248232	472.0	0.9695967	0.734772835847
10317.000012298	670.25	5.82234667202	459.0	0.9417652	0.6584614323
10317.000017171	827.359375	6.22868875291	507.0	0.96560032	0.693166961602
10317.000014587	498.6875	5.24722224208	332.0	0.93607374	0.626531049208
10317.000016764	588.85	6.16222063408	422.0	0.96768612	0.706587610201
10317.000016727	603.6875	6.01061340783	422.0	0.96480948	0.689203651715
10317.000002013	547.538461538	5.87190690482	456.0	0.93952716	0.664777541145
10317.000013454	540.049180328	6.33751750274	413.0	0.97517204	0.729288720616
10317.000016766	656.596491228	6.09203275002	439.0	0.9633136	0.694005379552
10317.000001234	614.368421053	4.64636547641	377.0	0.84854002	0.542899868103
10317.000026623	915.611111111	6.58830326551	623.0	0.9647909	0.709710283364
10317.000006761	656.405797101	6.87714760681	503.0	0.98132406	0.766305984417
10317.000009532	600.85	6.62752529407	441.0	0.97973914	0.754445165973
10317.000005846	506.666666667	6.19107816304	369.0	0.97223656	0.726015228026
10317.000004821	862.875	6.83240374825	627.0	0.97301556	0.735274134737
10317.000002712	556.142857143	5.61596164872	425.0	0.93514406	0.643197394204
10317.000013734	728.0	6.68079589847	507.0	0.97893816	0.743480237612
10317.000009659	627.1	5.83842358488	423.0	0.95425698	0.669197583175
10317.000017292	662.180722892	6.88092040625	507.0	0.9813361	0.76575132909
10317.000015862	599.924242424	5.95539884899	412.0	0.96404608	0.685592412083
10317.000002446	523.088235294	4.48658988211	380.0	0.84346304	0.523531560759
10317.000006678	510.234375	5.7648339363	393.0	0.9517384	0.668899521238
10317.000014224	632.888888889	6.63493791865	454.0	0.9816506	0.751702426856
10317.000017218	666.304347826	6.5168601559	463.0	0.97751936	0.735963525807
10317.000009661	593.358974359	6.19789117585	452.0	0.96559452	0.702694492058
10317.000006729	463.776119403	5.80012965277	371.0	0.96245526	0.679548039968
10317.000013686	508.763157895	5.52873514657	324.0	0.9536183	0.66292980625
10317.000010845	680.803278689	6.51567181309	459.0	0.97728508	0.736871030895
10317.000017205	787.308823529	6.36656822199	512.0	0.96148076	0.70739646911
10317.000014551	514.392857143	5.85045528534	376.0	0.96391196	0.683896723358
10317.000005238	565.538461538	5.67887706757	439.0	0.93725648	0.6469386158
10317.000022448	686.369863014	5.84932494563	473.0	0.94945684	0.658285484881
10317.000001004	347.022727273	5.28704132613	277.0	0.9452423	0.65161564392
10317.000014122	544.625	5.77524911008	419.0	0.95405628	0.662998214234
10317.000016728	838.220779221	6.76647914294	564.0	0.97603468	0.740351345711
10317.000010773	533.132075472	4.48581789221	365.0	0.85106356	0.52701459672
10317.000005553	456.084745763	6.32087961477	382.0	0.97089626	0.736920088933
10317.000014054	659.075949367	6.36674648399	494.0	0.97195986	0.711498122419
10317.000026081	514.15625	5.35242976232	377.0	0.94014806	0.625399234467
10317.000016769	570.5	5.67243584673	388.0	0.94889746	0.659592248296
10317.000004738	634.905263158	6.41043939289	506.0	0.97006696	0.71361950107
10317.000036427	744.681818182	6.36315452987	484.0	0.97072458	0.713449052932
10317.000043092	638.722222222	6.3165196677	440.0	0.96458618	0.71930997861
10317.000036069	331.553191489	5.16444108913	266.0	0.93993374	0.641124768807
10317.000028711	579.857142857	5.73672566728	396.0	0.9523643	0.664791817032
10317.000027901	819.203883495	6.89320841175	600.0	0.97818736	0.746922075612
10317.000031057	604.643835616	5.74542253059	426.0	0.94907914	0.657769150939
10317.000021275	794.140625	5.41332502236	461.0	0.9223664	0.611770335204
10317.000031439	683.263157895	5.70964118245	410.0	0.94478922	0.657832164714
10317.000036437	696.970588235	6.221148678	498.0	0.96426186	0.694324479522
10317.000043117	709.278688525	6.02225828246	471.0	0.95983648	0.678214068518
10317.000040144	570.777777778	4.55411455673	312.0	0.84775672	0.549655217265
10317.000039994	552.444444444	5.69525047303	398.0	0.94161496	0.659430127307
10317.000036067	590.278688525	6.65433794136	442.0	0.98008508	0.757215717446
10317.000036877	746.511363636	6.546754808	551.0	0.97064114	0.718956796221
10317.000038417	564.965517241	5.88856869305	461.0	0.94796642	0.665478541994
10317.000031891	556.458333333	6.15830812019	440.0	0.96232396	0.701293230331
10317.000028719	708.666666667	5.86034303194	425.0	0.95982416	0.67118645088
10317.000023341	643.171875	5.35913922898	408.0	0.9358472	0.617951613033
10317.000035492	711.623188406	6.35739945642	496.0	0.96242832	0.709991074134
10317.000027775	742.541666667	5.99569679184	501.0	0.95137618	0.668515948924
10317.000036094	410.404255319	4.11586854923	292.0	0.8113709	0.502558817913
10317.000039831	551.090909091	5.63981779329	426.0	0.93650076	0.645678910748
10317.000043164	503.23255814	5.31252400878	323.0	0.94151848	0.637345557043
10317.000036422	620.0	6.32665839872	459.0	0.96938726	0.715495106279
10317.000036939	595.720588235	5.53666842447	411.0	0.946292	0.63764503952
10317.000036147	609.131578947	6.12323092325	466.0	0.94624268	0.690783205962
10317.000035412	588.701754386	6.06946231777	418.0	0.96245638	0.697049728362
10317.000031272	376.777777778	3.89786233614	228.0	0.82535798	0.497627609872
10317.000037565	649.25	5.71946348339	448.0	0.93599958	0.6493962755
10317.000014232	559.923076923	6.16713943887	472.0	0.96375302	0.694291035292
10317.000009677	598.196721311	5.45725041718	400.0	0.94543896	0.631344425146
10317.000036045	839.947368421	6.2662168036	416.0	0.97057454	0.720218403506
10317.000018424	628.553191489	4.83677911676	368.0	0.88146724	0.567459841519
10317.000014978	657.513888889	6.32910071014	465.0	0.97052196	0.714257830589
10317.000017133	667.49122807	5.80482764244	433.0	0.9525289	0.66278598982
10317.000026136	556.14084507	6.02089350335	423.0	0.9637971	0.690112206217
10317.000013197	722.630136986	6.34407553716	492.0	0.97342824	0.709428599011
10317.000001936	553.037735849	4.8172040847	345.0	0.9137614	0.571405159471
10317.000009495	407.294117647	4.79899518654	294.0	0.92236602	0.585266701487
10317.000033748	550.5	5.12908265138	386.0	0.87123096	0.596928518715
10317.000006717	517.325	6.04381789505	422.0	0.95999052	0.693011025821
10317.000022553	774.081395349	6.46564772933	545.0	0.97093128	0.711283582735
10317.000034127	571.915254237	5.55816462114	407.0	0.94082276	0.64116257526
10317.000005085	395.103448276	5.75992193333	335.0	0.9612074	0.686684556956
10317.000009648	616.5	6.06145567307	455.0	0.95537068	0.686483126926
10317.000013001	799.758064516	5.92662900539	482.0	0.9498221	0.664950363661
10317.000034147	1126.08450704	5.66266210226	544.0	0.94367136	0.623129051659
10317.000028856	651.75862069	5.42645920922	407.0	0.9400409	0.625969685729
10317.000005163	454.625	4.43843942533	284.0	0.87938814	0.544610692853
10317.000009628	547.067567568	6.04959892429	432.0	0.96203984	0.690996762985
10317.000016762	527.044776119	5.76122813373	398.0	0.9456695	0.667069415062
10317.000014291	632.040540541	6.46783289209	479.0	0.9678138	0.726405965864
10317.000011191	627.520833333	6.03102712111	407.0	0.96723986	0.695709671089
10317.000013764	648.397058824	5.88698650958	447.0	0.94957112	0.668661846969
10317.000016333	695.119402985	6.11869444711	460.0	0.96658372	0.691730408589
10317.000034126	716.016949153	6.03737200589	455.0	0.95738222	0.683755559153
10317.000006036	521.068965517	6.46416222494	439.0	0.9737904	0.736398430949
10317.000013902	729.576923077	6.18293231724	509.0	0.95842984	0.687640248568
10317.000015295	592.733333333	4.85982641184	351.0	0.89106512	0.574765030994
10317.000006795	770.8	6.23828317603	517.0	0.9605877	0.692064456318
10317.000002141	483.615384615	5.03798892575	344.0	0.9072781	0.597891126425
10317.000006017	455.0	4.88620200367	310.0	0.8907244	0.590397360455
10317.000014451	521.75	5.32629933957	330.0	0.93469092	0.636635692861
10317.000013984	585.134328358	6.07485389502	407.0	0.96969846	0.7007653125
10317.000015587	440.142857143	4.88070157629	311.0	0.8931129	0.589401845767
10317.000003508	553.281690141	6.12879987833	437.0	0.95762888	0.698718262119
10317.000036114	411.192307692	5.17402257809	316.0	0.93114172	0.623092388274
10317.000010712	584.6	6.37279657621	453.0	0.97317078	0.722263553452
10317.000013986	638.113207547	5.90882106775	410.0	0.95761954	0.680780530632
10317.000014259	578.039473684	5.76759458309	431.0	0.94696928	0.659037370337
10317.000006899	762.514285714	6.52909980677	522.0	0.9760841	0.723213091635
10317.000003879	388.655737705	5.46029718811	317.0	0.94851086	0.657206833797
10317.000003287	604.590361446	6.82044441816	502.0	0.9804148	0.760230876342
10317.000013952	584.625	5.98835041543	393.0	0.96316088	0.694834364727
10317.000010169	326.243902439	3.93245008124	235.0	0.84754696	0.499262568457
10317.000001805	482.37037037	6.21755498701	407.0	0.96905752	0.717226609685
10317.000005009	549.3	5.85131801061	379.0	0.95818386	0.683082080096
10317.000033803	651.12244898	5.57101547805	375.0	0.94532718	0.65152385141
10317.000014237	658.123076923	5.98293139017	455.0	0.9529764	0.677589950407
10317.000017185	759.388888889	6.40524908466	523.0	0.97157878	0.709277508297
10317.000035361	359.893617021	5.50396020639	296.0	0.95015688	0.670441740912
10317.000044399	510.782608696	5.48396458179	345.0	0.93132042	0.650494685568
10317.000005987	545.6	6.17438667358	408.0	0.97171194	0.71195616337
10317.000003922	630.247058824	6.11968849229	473.0	0.96836308	0.688712311919
10317.000015542	438.775510204	4.87619894687	305.0	0.91269422	0.590863520008
10317.000017114	323.275862069	5.03491856943	225.0	0.9459466	0.644363906054
10317.000014222	495.357142857	5.36684051574	289.0	0.9487297	0.65650022082
10317.000001882	638.2	6.4034253649	482.0	0.96314214	0.718445514506
10317.000012004	736.058139535	6.46592478578	536.0	0.96466354	0.713198894247
10317.000001732	545.879518072	6.35865062879	454.0	0.9667427	0.720400577637
10317.000001151	557.208333333	6.0452671254	424.0	0.96793484	0.69263545158
10317.000002262	549.620689655	6.37878009894	450.0	0.96624922	0.723727984682
10317.000027295	685.039473684	6.05759984413	487.0	0.96227302	0.678511480669
10317.000029188	812.986486486	5.87080428576	505.0	0.94934016	0.653754235667
10317.000014392	520.295774648	5.49987888793	391.0	0.9470399	0.638702014846
10317.000002512	508.960784314	5.32042555577	357.0	0.93020596	0.627424932028
10317.000012242	596.235294118	6.1201339904	463.0	0.96330316	0.691160356711
10317.000031519	600.903846154	5.70216974808	386.0	0.95254554	0.663625051991
10317.000015329	594.567164179	6.28929672821	430.0	0.97030246	0.71892524963
10317.000014318	648.161290323	6.29521602479	443.0	0.97347374	0.716084561804
10317.000013609	561.279069767	4.67466084866	335.0	0.88459336	0.557302243144
10317.000014317	620.283018868	5.53875462101	398.0	0.93117718	0.641310102541
10317.000029154	493.098360656	5.81329027292	378.0	0.94912792	0.678944835347
10317.000009529	394.208333333	5.05058518809	289.0	0.93064912	0.61781420214
10317.000011955	577.22	5.52380348277	377.0	0.94600478	0.64542322326
10317.000003266	402.158730159	5.35723109908	340.0	0.92826376	0.637053401341
10317.000016405	614.615384615	6.44831440549	431.0	0.97728538	0.736820195608
10317.000010984	560.197368421	6.08972682521	419.0	0.96919088	0.699100235043
10317.000010843	555.0	6.08297957093	428.0	0.96386842	0.695876284884
10317.000008955	402.87804878	5.77226104417	303.0	0.96659836	0.700247387201
10317.000027648	447.5	4.61962771587	318.0	0.86693866	0.555719085752
10317.000014357	496.762711864	5.4145937773	359.0	0.92628586	0.637923636134
10317.000017093	485.872340426	4.95197622832	339.0	0.9011055	0.589160366906
10317.000014379	649.710144928	5.88048408086	456.0	0.94869702	0.665748590941
10317.000005915	409.5	4.50373881515	277.0	0.8657847	0.555075416865
10317.000001363	399.625	5.12357717368	349.0	0.868011	0.606549863009
10317.000013604	468.032258065	2.5999580108	214.0	0.5532092	0.335848233335
10317.000014095	528.255319149	5.44663766898	366.0	0.93571216	0.639599536435
10317.000012275	546.590909091	5.79200629026	384.0	0.95929264	0.674668793227
10317.000011389	616.083333333	6.20933111978	446.0	0.96646442	0.705533660238
10317.000002205	356.918367347	3.91524516541	277.0	0.80506328	0.482544932447
10317.000011155	557.275862069	5.60756948765	399.0	0.9327013	0.649005847524
10317.000006929	407.528301887	5.22202578819	316.0	0.93239194	0.628873274302
10317.000013648	426.054545455	4.99408848444	311.0	0.9031303	0.603094642162
10317.000012155	736.112359551	6.91892066766	549.0	0.98327002	0.760265616933
10317.000006654	521.037735849	6.28043869362	393.0	0.9716222	0.728725663521
10317.000002071	584.390625	5.49329741808	419.0	0.93042274	0.63063017872
10317.000004159	380.957446809	5.01083457517	305.0	0.89059556	0.60717771927
10317.000002568	328.394736842	4.79899995494	241.0	0.90445674	0.60647884117
10317.000008957A	593.0	6.45442347431	439.0	0.97210796	0.735288990865
10317.000002749	689.039473684	6.34221379948	491.0	0.96648846	0.709453280454
10317.000017661	665.692307692	6.17312638929	418.0	0.9715588	0.708955068425
10317.000002201	230.357142857	3.72503528615	191.0	0.8238957	0.491596209042
10317.000001939	445.625	4.93026968928	323.0	0.88069854	0.591486358705
10317.000009447	487.264150943	5.19180511838	348.0	0.925029	0.614928326944
10317.000029245	708.031578947	6.22520616714	523.0	0.96957638	0.689340673642
10317.000014958	523.762711864	5.94710182108	386.0	0.95885696	0.692130527425
10317.000015364	671.018867925	5.89674931362	428.0	0.95626842	0.674572050983
10317.000016484	529.018518519	5.36155090993	364.0	0.94101948	0.630192798096
10317.000010908	608.051724138	5.97558135112	433.0	0.947887	0.682282376757
10317.000001524	585.820895522	5.3702469957	430.0	0.92568852	0.613869297126
10317.000014949	455.3	5.28637455973	344.0	0.93368344	0.627368675638
10317.000015933	535.144927536	6.18288663532	406.0	0.96927998	0.713519555896
10317.000014012	599.552238806	5.77875243799	426.0	0.95562822	0.661584951217
10317.000004774	536.158730159	5.56835126403	401.0	0.93361246	0.643929232084
10317.000008954B	535.151515152	5.73580864153	394.0	0.94313662	0.665248685769
10317.000016703	686.5	6.2800814731	469.0	0.97023458	0.707738888471
10317.000003365	415.027777778	5.08255276351	291.0	0.91879416	0.620968866425
10317.000017216	704.580645161	6.8524910843	489.0	0.9834325	0.767039216934
10317.000004163	519.684210526	5.38597021278	368.0	0.94065404	0.631891953217
10317.000013697	583.018518519	5.42836298271	395.0	0.92074958	0.629323697504
10317.000017161	511.631578947	4.70697941931	331.0	0.8983035	0.562316950874
10317.000001072	513.901639344	5.15551907854	370.0	0.9173346	0.604300616776
10317.000011956	671.01754386	5.45080221509	410.0	0.94150782	0.628010220958
10317.000007641	470.294117647	6.02248905547	390.0	0.96369898	0.699693033256
10317.000017079	340.068181818	4.58458835297	247.0	0.91830218	0.576796242473
10317.000009193	396.057692308	4.96878136565	312.0	0.89295952	0.599703096409
10317.000012984	571.857142857	6.07740931568	440.0	0.96545138	0.692080670186
10317.000015581	462.175438596	5.15720803861	339.0	0.93199142	0.61357777989
10317.000014802	528.518518519	5.63652829417	378.0	0.95127196	0.658300479583
10317.000017353	754.88	6.61410397721	518.0	0.97658942	0.733530509487
10317.000001059	430.185185185	5.18724538191	331.0	0.93487202	0.619691684782
10317.000017088	563.555555556	5.62989603056	401.0	0.94809674	0.651046325165
10317.000004602	525.153846154	5.45034474709	320.0	0.94729858	0.654937736176
10317.000014399	497.842105263	5.48468975658	353.0	0.94641534	0.648038513825
10317.000005008	558.405797101	5.6700067087	405.0	0.9376992	0.654600781121
10317.000010104	623.929577465	6.43638569676	458.0	0.97255248	0.728163514617
10317.000010565	656.468085106	5.54161639362	379.0	0.93433366	0.646927554849
10317.000027194	445.022222222	4.96257958953	326.0	0.91745894	0.59441144781
10317.000015224	567.016129032	6.71195162439	446.0	0.97730034	0.762643786512
10317.000013933	493.2	5.79319084902	359.0	0.95745532	0.682528278801
10317.000018033	567.266666667	5.39424927054	376.0	0.93309242	0.630567916713
10317.000006084	409.666666667	5.42555828574	283.0	0.95380578	0.666149287542
10317.000002059	647.951612903	6.21369956117	435.0	0.96966328	0.708932184214
10317.000003047	424.982142857	5.20755784533	333.0	0.9275206	0.621473051724
10317.000008982	421.279069767	5.50650405254	313.0	0.94934086	0.664232995632
10317.000010765	494.098360656	5.24934856245	365.0	0.89554274	0.616717705035
10317.000012072	500.053571429	5.17612962498	348.0	0.91686358	0.613071688508
10317.000017183	506.161764706	5.91588272668	418.0	0.9470932	0.679411821305
10317.000012228	557.089552239	6.23139447131	416.0	0.97136268	0.716216038865
10317.000011224	669.254237288	5.37929842419	420.0	0.89788686	0.617299387914
10317.000026111	376.333333333	4.46010991659	275.0	0.88780622	0.550407442268
10317.000006637	612.014705882	6.37921635943	473.0	0.96978006	0.717919687035
10317.000012113	379.12244898	4.30379146041	274.0	0.86749316	0.531461399056
10317.000013079	516.637931034	5.52989018366	363.0	0.94916002	0.65028263208
10317.000004162	437.0	5.87653259986	359.0	0.96445982	0.692347237512
10317.000012906	609.0	5.30704683404	404.0	0.94139576	0.612949550217
10317.000012976	630.120689655	6.07379472558	427.0	0.9661829	0.695093911247
10317.000009533	276.933333333	3.86550079372	201.0	0.81808038	0.505224765136
10317.000014309	502.245283019	5.70438732066	372.0	0.94188952	0.668026845131
10317.000002371	535.576923077	5.88416009258	433.0	0.94918498	0.671844042829
10317.000002329	650.6	5.98336825242	481.0	0.93192764	0.671542093285
10317.000010761	654.0	6.07861985637	450.0	0.95082936	0.689672199082
10317.000009129	506.72	6.00705781304	371.0	0.95880714	0.703791916251
10317.000014323	576.4	5.76171983071	418.0	0.9457518	0.661706924374
10317.000006894	679.904761905	5.91925921966	441.0	0.95428966	0.673819609321
10317.000014241	347.865384615	4.88741412898	284.0	0.91350992	0.599701322914
10317.000001685	467.977272727	5.02681356816	319.0	0.922994	0.604372273157
10317.000011302	565.611111111	5.28804799378	388.0	0.9135995	0.61489553334
10317.000012231	393.857142857	5.27576742043	283.0	0.94549896	0.647757986049
10317.000001579	601.5	5.75167070815	423.0	0.95226166	0.659254006009
10317.000017662	611.133333333	6.17927538354	452.0	0.9654596	0.700583900834
10317.000003432	327.20754717	4.7672463682	272.0	0.87421768	0.589461301
10317.000011116	709.538461538	6.4928457365	503.0	0.9757754	0.723484041385
10317.000006841	632.25	6.26688648907	437.0	0.96587422	0.714460926033
10317.000013563	684.0	5.42537657742	454.0	0.8777278	0.614665696929
10317.000017217	739.47761194	6.7722365768	507.0	0.98127504	0.753656321163
10317.000006728	318.571428571	4.43426492358	256.0	0.87191502	0.554283115447
10317.000013286	519.166666667	5.40171409747	371.0	0.9335385	0.632869340369
10317.000022964	575.764705882	5.52383849877	407.0	0.94442238	0.637202882354
10317.000002466	546.090909091	5.53524267197	407.0	0.9240057	0.63851841177
10317.000017644	589.949152542	5.8145455343	413.0	0.95503246	0.669107812617
10317.000017173	484.567164179	5.59608691389	378.0	0.94347064	0.653577256591
10317.000013332	700.134020619	6.97143752599	569.0	0.9784003	0.761715532909
10317.000002173	338.477272727	4.76047435245	263.0	0.90988252	0.592178420854
10317.000011329	460.078125	5.81970882895	378.0	0.9566812	0.679694470281
10317.000007039	447.029850746	6.18506853778	395.0	0.96362822	0.717050465105
10317.000002886	527.602739726	5.9048192804	418.0	0.95985114	0.678141235572
10317.000009126	507.942307692	5.265833487	366.0	0.91223904	0.618367672299
10317.000022636	417.193548387	5.01712079942	324.0	0.91176782	0.601584056989
10317.000014233	627.017241379	6.56045947907	442.0	0.977647	0.746533024772
10317.000023088	683.758064516	5.95451023892	441.0	0.96103158	0.677832413482
10317.000004974	537.108108108	6.22800281448	439.0	0.96556768	0.709495111809
10317.000002414	249.476190476	3.83112163947	168.0	0.85103542	0.518257187883
10317.000006027	561.125	5.76036217236	402.0	0.95374064	0.665856866656
10317.000017098	601.013513514	6.29644866322	450.0	0.97225956	0.714386768472
10317.000014559	455.679245283	5.26898708339	332.0	0.93695808	0.629129823994
10317.000016313	628.275	5.71037852331	360.0	0.94999194	0.672453757564
10317.000022899	522.727272727	6.00701815752	430.0	0.95744054	0.686658177386
10317.000003837	585.442857143	5.51618776452	406.0	0.94202854	0.636580949341
10317.000010285	459.27027027	4.85569676174	279.0	0.9351917	0.59768885463
10317.000005848	439.703125	4.6554107886	330.0	0.86453952	0.556446508918
10317.000005907	536.3	5.71364050942	390.0	0.94647432	0.66381099611
10317.000014132	806.263157895	6.20373080274	523.0	0.95210124	0.686962625146
10317.000003382	656.0	6.27312865247	495.0	0.9630657	0.700807632895
10317.000003221	328.217391304	4.38800907865	245.0	0.85820028	0.552880087561
10317.000014607	439.0	3.91754177543	283.0	0.78607184	0.480995231307
10317.000017125	784.058139535	6.86255959239	584.0	0.97588712	0.746756322541
10317.000013826	630.310344828	5.13157964652	411.0	0.89459312	0.590991920709
10317.000004872	418.9375	5.41314762882	303.0	0.94333622	0.656682442913
10317.000014293	634.826086957	5.58846857103	372.0	0.9550365	0.654451883921
10317.000016721	600.092307692	6.68502467169	435.0	0.98197136	0.762706515718
10317.000016763	660.967213115	6.27028856734	431.0	0.96952378	0.716477975201
10317.000012173	480.885714286	5.27274207168	287.0	0.94693992	0.645781038171
10317.000012951	604.6	5.81790186574	420.0	0.94525496	0.667631162554
10317.000004705	657.880597015	5.40558876368	451.0	0.8805245	0.613088216408
10317.000007651	393.88372093	4.15572183652	262.0	0.86870502	0.517303998025
10317.000001827	545.620689655	5.27819335951	385.0	0.90228126	0.614549857978
10317.000014666	630.014084507	6.49490331328	485.0	0.9698043	0.727977931807
10317.000017146	431.518518519	4.98596689097	338.0	0.89662584	0.593505350099
10317.000004161	461.833333333	5.92918238466	371.0	0.960795	0.694667965945
10317.000023299	466.666666667	5.06247925442	329.0	0.9265929	0.605418954182
10317.000013733	498.957746479	5.65803935277	395.0	0.9415612	0.655950653531
10317.000012034	335.736842105	4.84260222323	235.0	0.9319238	0.614815184946
10317.000014391	787.118421053	6.47995662442	520.0	0.97261218	0.718210203652
10317.000014646	569.041666667	5.53970867861	430.0	0.9329502	0.633240347333
10317.000001793	514.012195122	5.88913531927	424.0	0.95147254	0.674746676477
10317.000013214	407.306122449	4.74242715561	298.0	0.8982954	0.576995975177
10317.000023154	636.054545455	5.54661863189	396.0	0.94569698	0.642761549452
10317.000009222	442.033898305	5.84408775451	353.0	0.96254444	0.690502856347
10317.000027198	406.333333333	4.5652800963	277.0	0.88986484	0.562660237763
10317.000007734	572.083333333	5.96655969298	435.0	0.96023826	0.680735551139
10317.000006818	291.033333333	3.76040896578	201.0	0.79582822	0.491489159603
10317.000026639	711.9125	6.12640953375	515.0	0.9509242	0.680075270702
10317.000005041	342.333333333	4.79880590956	263.0	0.9269458	0.59694666857
10317.000013312	470.904761905	5.50428603472	374.0	0.93333604	0.644010062433
10317.000001285	638.013333333	6.03520133193	485.0	0.94404126	0.676452469226
10317.000017215	691.151898734	6.75267389437	505.0	0.98206326	0.751956451901
10317.000016698	745.01754386	6.60174837076	493.0	0.9760993	0.7380012095
10317.000014979	659.62	6.096300301	424.0	0.9686975	0.698482568985
10317.000014538	453.06	4.2614474685	315.0	0.82453212	0.51347640149
10317.000004278	386.775	4.34009810032	258.0	0.85387934	0.54175196408
10317.000009556	424.057692308	5.69539413947	340.0	0.95242772	0.677265949784
10317.000022663	674.613333333	5.86708939846	455.0	0.9495019	0.664470400089
10317.000001141	402.092307692	5.40210300873	351.0	0.93726786	0.638899343334
10317.000002359	399.595744681	5.5459056715	320.0	0.95138642	0.666420763105
10317.000014236	486.527777778	5.61516388322	329.0	0.94763542	0.671514187988
10317.000001799	380.603448276	5.01923294612	310.0	0.89200256	0.606471423136
10317.000023213	617.4375	5.63526228645	372.0	0.94858006	0.659931781467
10317.000013652	616.75	5.83160303185	418.0	0.95351316	0.669732687419
10317.000010205	506.915254237	5.35948037415	342.0	0.93474574	0.636680241745
10317.000005989	537.486486486	5.89377411331	406.0	0.96382398	0.680155295725
10317.000011072	443.391304348	3.90685743084	215.0	0.88338756	0.504228212525
10317.000013178	282.375	3.63146240941	222.0	0.7055324	0.465905652416
10317.000003423	380.375	4.32969937639	278.0	0.82501114	0.533283754323
10317.000013306	534.0	5.63286416297	393.0	0.94321628	0.653586934756
10317.000002489	419.193548387	5.69507841039	326.0	0.96546082	0.682149221436
10317.000004759	314.333333333	3.95399363119	251.0	0.84561094	0.496013551758
10317.000002687	516.0	4.86031004755	346.0	0.87719808	0.576232871963
10317.000004158	480.915492958	5.26401734967	370.0	0.92560986	0.617018166874
10317.000004157	485.355932203	5.27877176854	354.0	0.9246607	0.623407849754
10317.000001321	488.238095238	5.899018575	386.0	0.9582189	0.686534544125
10317.000003022	487.818181818	6.02207803164	385.0	0.96592374	0.701161732244
10317.000003757	469.466666667	5.70085936905	364.0	0.95578112	0.67007486783
10317.000002087	532.75	5.53477657197	393.0	0.93026858	0.642205732213
10317.000009214	512.909090909	4.90817440735	372.0	0.88168468	0.574784298538
10317.000013829	551.323076923	5.48222305734	408.0	0.9271355	0.63214416281
10317.000016757	591.734693878	5.69953732321	396.0	0.9451492	0.660482301768
10317.000014593	502.323943662	6.08031593196	410.0	0.95926098	0.700539186939
10317.000006047	452.368421053	5.41432729754	351.0	0.9353482	0.640345093273
10317.000010098	576.0	5.51641787533	427.0	0.92386172	0.631306893019
10317.000009117	509.015625	5.94741423753	384.0	0.9618463	0.69277113756
10317.000026135	547.891566265	6.09274260693	434.0	0.9665096	0.695395420889
10317.000009624	488.571428571	5.81984898543	379.0	0.95953764	0.679408390316
10317.000009075	590.862068966	5.76178827424	393.0	0.96037448	0.668546129983
10317.000001765	591.405797101	6.26337476637	438.0	0.9734142	0.713792223541
10317.000016353	709.150684932	5.82916188307	486.0	0.94406156	0.653141103045
10317.000008949A	601.6	6.00067029981	407.0	0.96040704	0.692207857262
10317.000005571	319.375	3.30574016418	191.0	0.70620082	0.436261460081
10317.000006626	505.642857143	5.56626124692	376.0	0.94880112	0.650675484635
10317.000014608	467.895833333	5.12651800437	343.0	0.90075344	0.608700852665
10317.000015264	617.524590164	5.44762035023	409.0	0.93319952	0.627898493451
10317.000007732	434.068181818	5.23882302535	317.0	0.9363417	0.630549981933
10317.000027644	548.6	5.68361361874	428.0	0.92473178	0.65018990835
10317.000007697	594.888888889	6.30187394358	466.0	0.96855448	0.710936553085
10317.000004881	344.073170732	5.11871428006	267.0	0.92832886	0.635021383195
10317.000004642	305.8	3.1706146039	220.0	0.75193432	0.407462798357
10317.000001353	472.710144928	5.68906951511	381.0	0.95211936	0.663553023667
10317.000028759	431.88372093	5.27733279697	300.0	0.94232004	0.641323256164
10317.000004631	511.441558442	6.30958945227	435.0	0.96765712	0.719872434747
10317.000009433	368.65	4.97966442715	264.0	0.9282701	0.619022931158
10317.000009061	599.042857143	6.41956758682	464.0	0.96774142	0.724721309557
10317.000013995	779.272727273	6.41910853395	513.0	0.97385504	0.713011266234
10317.000015155	508.518518519	5.52702794407	358.0	0.95143486	0.651479014771
10317.000022965	720.681818182	6.10763477651	482.0	0.96098682	0.685258679436
10317.000016701	649.037974684	6.52329281219	496.0	0.97419152	0.728517958069
10317.000022638	541.108108108	4.49685188872	293.0	0.87335938	0.5487474453
10317.000013972	509.0	5.83364074371	386.0	0.95760404	0.678925797173
10317.000017163	594.363636364	5.51283354635	425.0	0.94247778	0.631386108646
10317.000001026	621.125	6.51314737354	458.0	0.97309754	0.736847744398
10317.000010919	509.049180328	5.1029572986	382.0	0.88802458	0.594928550374
10317.000014311	525.916666667	5.42135515429	384.0	0.94046544	0.631494331378
10317.000005039	413.212765957	5.13115642998	310.0	0.92500912	0.619995082083
10317.000004249	621.659574468	5.56654218287	371.0	0.94858408	0.652180736678
10317.000017176	419.918367347	5.15332745015	302.0	0.9269055	0.625524918137
10317.000002258	515.0625	5.14348586659	351.0	0.91653296	0.608313047215
10317.000013118	633.944444444	6.32368463231	427.0	0.97074868	0.723691675989
10317.000013431	758.838709677	6.6724694216	499.0	0.9790892	0.744454629132
10317.000014197	835.542857143	6.5320622816	528.0	0.97421512	0.722222206971
10317.000015541	441.75	4.66088656682	303.0	0.89365228	0.565423776832
10317.000022661	658.119047619	6.00229949689	481.0	0.95547674	0.673666837576
10317.000014258	630.774647887	6.31450876745	467.0	0.97092286	0.712113485186
10317.000014324	477.169491525	5.30679652012	350.0	0.93761234	0.627933257126
10317.000002369	497.0	4.06623739319	358.0	0.76811398	0.479293457089
10317.000002372	515.357142857	5.20396340604	362.0	0.88808988	0.612242089466
10317.000013056	649.658536585	5.90677766331	451.0	0.95748462	0.669931794784
10317.000013852	590.791044776	5.9011633351	424.0	0.96035442	0.676124784343
10317.000012017	624.727272727	5.90461737559	432.0	0.95378704	0.67443669312
10317.000021237	303.022727273	2.32008295646	218.0	0.47029736	0.298664766367
10317.000016489	455.657894737	4.25974763038	295.0	0.81780614	0.519191991329
10317.000012355	605.6	6.12083951242	434.0	0.96559102	0.69860226232
10317.000018409	614.338709677	5.59702902295	404.0	0.93551468	0.646441708441
10317.000004077	367.444444444	4.62108482848	209.0	0.9256672	0.599567860962
10317.000004294	513.47826087	6.04387174257	410.0	0.96032448	0.69634029611
10317.000022993	677.444444444	6.33450105134	498.0	0.9701943	0.706975411318
10317.000008963	287.341463415	3.9374304384	225.0	0.8128038	0.50390845892
10317.000013372	378.269230769	4.82385341306	296.0	0.91668794	0.587597395127
10317.000016407	694.55	5.99069068238	432.0	0.960463	0.684268150893
10317.000006657	523.92	5.61172007744	351.0	0.95292624	0.663690467705
10317.000005805	547.8	5.91629596735	436.0	0.9520282	0.674745847967
10317.000012988	315.636363636	3.90954266518	215.0	0.8246345	0.504574775186
10317.000011093	823.584415584	6.69126433143	544.0	0.97787062	0.736318205457
10317.000004979	602.769230769	5.6006288779	402.0	0.92562366	0.647392834747
10317.000014188	548.157894737	5.65108047354	375.0	0.93868878	0.660887360528
10317.000011223	795.941860465	6.78655862158	576.0	0.97616824	0.740088781589
10317.000013608	452.5625	5.08881571134	316.0	0.91649642	0.612831174819
10317.000009594	546.362068966	4.97938906925	381.0	0.89830582	0.580778396914
10317.000022994	735.010869565	6.64224471854	548.0	0.97927844	0.730074884104
10317.000002494	365.685185185	4.47655805086	283.0	0.8318507	0.549631171425
10317.000005887	571.5	5.17265123057	363.0	0.9212152	0.608273427742
10317.000028817	608.631578947	5.95602850552	428.0	0.95364112	0.681353428982
10317.000027879	647.363636364	5.92313333504	463.0	0.94518072	0.668912634121
10317.000002325	702.1	4.54220894641	406.0	0.86091152	0.524181519311
10317.000026127	543.553846154	5.67783665569	396.0	0.95376336	0.657967552584
10317.000031851	610.226415094	5.68979127332	424.0	0.93672336	0.651906866354
10317.000036428	414.216666667	5.49583604676	335.0	0.94468454	0.655200848997
10317.000026648	396.6875	4.60342715192	263.0	0.85654374	0.572642560281
10317.000027761	845.387096774	6.6589171403	534.0	0.97494754	0.734923364662
10317.000030744	553.0	5.34945391226	340.0	0.93651742	0.636128579689
10317.000021239	471.934782609	5.03641980283	298.0	0.93641366	0.612765122201
10317.000036165	599.451612903	6.07113861505	424.0	0.96628882	0.695599673101
10317.000027762	441.125	4.61724970733	239.0	0.88393774	0.584397866657
10317.000023342	775.818181818	5.36756216523	389.0	0.93502344	0.623872068591
10317.000029227	610.333333333	5.54597124365	350.0	0.95180662	0.656233901894
10317.000030751	390.222222222	4.56032681532	304.0	0.86927024	0.552905782439
10317.000026658	706.901639344	6.27188950738	463.0	0.97121902	0.708298445094
10317.000036106	370.487179487	3.90809971728	241.0	0.85151282	0.493890354234
10317.000030756	423.145833333	4.32292569557	305.0	0.8483709	0.523821755644
10317.000038402	532.553846154	5.61549952608	385.0	0.95525186	0.653823041554
10317.000033785	842.727272727	6.50629521762	529.0	0.97309802	0.719156196027
10317.000028955	880.2	6.55642159759	568.0	0.97337986	0.716568612439
10317.000035491	774.962264151	6.09056713277	471.0	0.95718384	0.685906867649
10317.000036399	418.774193548	4.13581045943	246.0	0.87852788	0.520718024078
10317.000002326	503.622641509	5.1509805807	338.0	0.9117391	0.613147780511
10317.000036934	361.837837838	4.49504469666	236.0	0.89691662	0.570245876733
10317.000036101	539.033898305	5.74304295654	388.0	0.95149668	0.667802460552
10317.000043083	663.333333333	4.93644376384	438.0	0.8735993	0.562571345642
10317.000036085	484.8	4.8632662546	334.0	0.89456016	0.580085614299
10317.000036124	414.692307692	3.43838585138	272.0	0.67776	0.425150126668
10317.000033728	459.901639344	5.01412738101	358.0	0.89668136	0.591022661577
10317.000036081	457.017241379	5.55368777484	338.0	0.94196838	0.661084094465
10317.000037612	427.277777778	4.5892517574	287.0	0.87282838	0.562070308775
10317.000028718	470.195652174	5.0203342259	299.0	0.93141838	0.610449076348
10317.000030771	292.777777778	3.62357769243	190.0	0.81366778	0.478685179733
10317.000034241	512.545454545	5.86912383538	397.0	0.95887232	0.679847920838
10317.000009144	293.916666667	4.39215781067	199.0	0.89026846	0.575143866422
10317.000004765	461.06122449	5.94732382558	358.0	0.96510114	0.70101991624
10317.000006675	710.940298507	6.64906323925	494.0	0.9775177	0.743047649607
10317.000031829	512.8	3.87490037463	246.0	0.77170904	0.487868215038
10317.000033666	483.02	4.97145724278	323.0	0.92333662	0.596427645404
10317.000031926	1035.38888889	5.70401267491	489.0	0.96486124	0.638483343024
10317.000027821	444.914893617	5.09699501634	303.0	0.92590164	0.618329180794
10317.000013063	479.163265306	4.90291483005	321.0	0.9050646	0.588837608922
10317.000014234	430.527777778	4.8157033897	273.0	0.91065416	0.595063376528
10317.000022526	527.6	5.11555397256	344.0	0.93219664	0.607096278301
10317.000033713	522.285714286	3.75865985885	263.0	0.74145358	0.467557872377
10317.000014018	531.685185185	5.78406964676	374.0	0.95791558	0.676745181996
10317.000010207	544.0	5.54896724365	374.0	0.94899694	0.649237833659
10317.000006777	365.892857143	5.33667249041	315.0	0.93858028	0.643033947166
10317.000014678	353.5	2.25565083341	217.0	0.58608736	0.290618558824
10317.000002711	260.0	3.4075322271	191.0	0.73386972	0.449695048866
10317.000013755	490.65	4.81538056047	300.0	0.91020522	0.585184914334
10317.000016381	415.076923077	3.97028780791	236.0	0.82523988	0.503674691731
10317.000001221	468.02	5.5200365724	365.0	0.93337332	0.648519382193
10317.000009497	433.15625	4.37667524022	269.0	0.88717648	0.542240680019
10317.000002161	576.020408163	5.46282350156	360.0	0.95281336	0.643301696296
10317.000023343	310.916666667	4.15372960328	189.0	0.895096	0.549272209255
10317.000036151	603.454545455	6.02821603952	411.0	0.96397578	0.694255418615
10317.000038424	592.638888889	5.64358087804	407.0	0.9371018	0.651015775187
10317.000036191	534.692307692	5.5660575157	385.0	0.94654842	0.648066416439
10317.000005799	141.0	1.82505830715	104.0	0.42623038	0.272378886152
10317.000016723	503.108695652	5.59649653196	340.0	0.95103264	0.665505572813
10317.000004927	263.558139535	3.49947829471	209.0	0.80256806	0.454043756719
10317.000016717	577.078431373	6.05225348324	378.0	0.9681228	0.706853787055
10317.000002382	590.317073171	6.29363062383	463.0	0.9684143	0.710753717777
10317.000001575	453.549295775	5.3639427156	366.0	0.92415944	0.629888654774
10317.000012154	444.352941176	4.9890854547	309.0	0.92667598	0.60316844044
10317.000006034	600.444444444	5.65372285949	399.0	0.9514636	0.654347521537
10317.000001782	569.083333333	5.7842043401	463.0	0.9447918	0.653223073426
10317.000014556	462.956521739	3.6338690618	239.0	0.78640196	0.459932960536
10317.000010979	488.960784314	4.87728709179	337.0	0.90366444	0.580864196766
10317.000005228	161.333333333	0.926255562653	103.0	0.20431646	0.138526207975
10317.000002067	360.466666667	4.53554237485	283.0	0.86995926	0.556873258475
10317.000012156	671.170454545	6.00211348453	484.0	0.9621107	0.672968440579
10317.000008991	378.75	5.22483349395	312.0	0.93706428	0.630607103425
10317.000001405	318.37254902	5.00656927625	261.0	0.93509024	0.62364572759
10317.000010776	516.192307692	6.42366372552	403.0	0.97290342	0.742222284605
10317.000013965	505.125	5.20935181991	325.0	0.93418142	0.624300944909
10317.000003281	242.527777778	4.54467954684	195.0	0.91694388	0.597407941999
10317.000002272	509.508196721	4.69606089223	350.0	0.8925339	0.555667209124
10317.000002126	436.12244898	4.91875230323	331.0	0.90393818	0.587616292926
10317.000012202	468.222222222	4.81133461324	296.0	0.9243581	0.58607247023
10317.000001794	395.288461538	4.98172735038	325.0	0.90220556	0.5970218944
10317.000002276	513.849056604	5.15128956623	388.0	0.86648582	0.598993229438
10317.000009198	430.0	5.13163491799	333.0	0.90167108	0.612412364402
10317.000014594	394.896551724	3.7356203618	231.0	0.74807208	0.475769200225
10317.000016737	725.0	6.08498691682	495.0	0.95839128	0.679789226974
10317.000015605	531.956521739	5.48639264696	344.0	0.94974092	0.651106131445
10317.000009219	531.018518519	4.8373611571	366.0	0.86663456	0.568052097768
10317.000007005	247.777777778	3.51700338343	190.0	0.76804896	0.464606402737
10317.000006703	347.363636364	2.94439463855	226.0	0.67264114	0.376512436954
10317.000017746	331.216216216	4.91372583018	237.0	0.9306198	0.622878153737
10317.000026105	258.756756757	4.27368580886	199.0	0.89283118	0.559630205912
10317.000001301	298.0	3.34090548838	221.0	0.69931464	0.42898655484
10317.000009097	337.181818182	4.0074664008	239.0	0.7963127	0.507218574644
10317.000016414	382.25	4.54887531974	256.0	0.90554548	0.568609414968
10317.000003732	346.022222222	5.22018077876	286.0	0.93547846	0.639738123716
10317.000013814	314.065217391	4.09234185574	227.0	0.87514818	0.522879512264
10317.000018426	305.736842105	5.02094953596	251.0	0.92916758	0.629859136061
10317.000002132	559.723684211	4.97489731884	428.0	0.85579784	0.569114695117
10317.000003225	264.763157895	4.04891978887	215.0	0.85783826	0.522563114711
10317.000009392	251.357142857	2.73345873987	170.0	0.65393516	0.368918142318
10317.000009149	386.918367347	5.30352161629	307.0	0.93772608	0.641910038017
10317.000013912	260.555555556	4.09938958788	195.0	0.84240024	0.538873615159
10317.000007677	399.238095238	4.86506055943	279.0	0.92532876	0.598841446686
10317.000017208	399.227272727	5.31469696895	302.0	0.9461561	0.645112389731
10317.000013117	485.322033898	3.86940944089	341.0	0.70808838	0.459897855424
10317.000005026	254.666666667	3.78140967077	166.0	0.8475319	0.512730773302
10317.000009033	379.37037037	5.62236507891	271.0	0.95222936	0.695652239292
10317.000013524	692.253521127	6.3280660951	504.0	0.96508074	0.704897936683
10317.000002274	199.365853659	3.86521902891	173.0	0.83736108	0.519894056645
10317.000008999	390.583333333	3.14627755416	236.0	0.67393304	0.399139924827
10317.000016761	479.175438596	5.14348738301	356.0	0.91792982	0.606848649135
10317.000004025	143.956521739	2.95818056364	115.0	0.76455212	0.432135689574
10317.000001128	385.025641026	5.45775193752	304.0	0.9412707	0.661711918373
10317.000003559	440.04	5.6649472337	363.0	0.95769164	0.66616454855
10317.000017117	210.391304348	3.00777238196	141.0	0.714342	0.421283107789
10317.000014561	603.625	6.0098254984	412.0	0.95410486	0.691858070991
10317.000002056	463.482758621	6.08911637628	362.0	0.96471586	0.716379621133
10317.000002243	363.588235294	4.90859232961	251.0	0.90933484	0.615764349325
10317.000003189	442.346938776	4.81595851273	320.0	0.8942843	0.578707056564
10317.000016315	493.55	3.1560861291	236.0	0.6582894	0.400384250477
10317.000011315	489.982142857	5.60472099177	356.0	0.95004096	0.661266784452
10317.000013913	357.75	3.39743534714	209.0	0.7540896	0.440804079441
10317.000013498	463.565217391	4.08107324282	244.0	0.8672869	0.514589384204
10317.000002589	470.486486486	5.63604252493	374.0	0.95956728	0.659425777559
10317.000004086	585.338709677	6.5708303934	448.0	0.97497102	0.746061723588
10317.000013551	399.0	3.19641470199	249.0	0.68035956	0.401559538461
10317.000006766	412.294117647	5.63811370299	332.0	0.94918448	0.673204436732
10317.000011962	487.676470588	3.34571330416	267.0	0.721274	0.415065067894
10317.000002199	267.357142857	4.09038699645	186.0	0.88018864	0.542552173118
10317.000010556	478.763157895	4.0511014498	294.0	0.78428796	0.494056503654
10317.000028914	432.763157895	4.72503702551	275.0	0.91699606	0.583101222272
10317.000038479	266.5	4.66217566002	223.0	0.91221732	0.597645876736
10317.000042999	545.659574468	6.07478968301	370.0	0.9703463	0.712052287326
10317.000041554	778.016666667	6.26495246587	466.0	0.97148964	0.70677131139
10317.000037489	459.014285714	5.93135806589	367.0	0.96648784	0.696198510108
10317.000031493	370.0	5.25089231827	310.0	0.92509176	0.634462709976
10317.000039813	487.933333333	4.78159690848	277.0	0.89133248	0.589320785726
10317.000009455	540.473684211	5.11009540608	242.0	0.9400617	0.64530668771
10317.000023819	462.666666667	4.66505928303	290.0	0.86432994	0.570306984063
10317.000008950B	339.636363636	3.70582797529	239.0	0.782006	0.46904068444
10317.000001067	180.5	2.04590179835	107.0	0.64120614	0.303480207272
10317.000009526	326.357142857	5.39833847787	253.0	0.95218808	0.676229841269
10317.000010876	269.033333333	5.07437168288	212.0	0.940538	0.656628353347
10317.000001622	334.451612903	4.34625595802	222.0	0.89270534	0.557611504511
10317.000002271	336.96875	3.46010008717	209.0	0.78337884	0.448934586786
10317.000002465	455.637931034	6.037225649	372.0	0.96651244	0.707004727579
10317.000001747	268.323529412	4.35984646239	218.0	0.86962996	0.561243950981
10317.000002038	299.071428571	3.77963223309	210.0	0.83843158	0.489954879507
10317.000023378	414.325	4.61188389584	283.0	0.86594688	0.566246459745
10317.000010178	307.772727273	4.77082156383	256.0	0.89694588	0.596352695479
10317.000011259	326.022727273	3.75637886058	241.0	0.74882878	0.474716465878
10317.000005025	316.323529412	4.26889120354	228.0	0.8736492	0.544995677945
10317.000001225	166.0	2.40455620968	125.0	0.63530974	0.345195330693
10317.000015394	302.714285714	3.5310182034	167.0	0.83578178	0.47821771614
10317.000042586	619.0	6.31421380307	448.0	0.97072952	0.716925099414
10317.000001208	244.5	4.15380669425	178.0	0.89855314	0.555638685169
