	chao1	shannon	observed_otus	simpson	equitability
10317.000002503	529.047619048	5.46127189433	379.0	0.93081238	0.637548148773
10317.000013618	773.596774194	6.63561192337	484.0	0.97994914	0.74399749686
10317.000031796	1125.75	6.5092320377	586.0	0.96741852	0.707928675088
10317.000026504	808.02173913	6.1002346782	446.0	0.96457262	0.693137604968
10317.000007104	784.227272727	5.82760240634	414.0	0.9582743	0.670341191611
10317.000007077	628.766666667	5.85687011712	406.0	0.96153962	0.675896488388
10317.000016408	879.580645161	6.4427556042	529.0	0.97230562	0.712133012302
10317.000005802	411.142857143	4.47561100303	271.0	0.88792458	0.553764967725
10317.000006952	415.133333333	5.84289050996	332.0	0.96570102	0.697655283638
10317.000013023	525.75	5.96564898765	369.0	0.96768796	0.699579604073
10317.000002645	473.958333333	4.78595144816	335.0	0.88993254	0.570570050746
10317.000002027	544.153846154	5.82467769916	405.0	0.95783196	0.672457506232
10317.000027353	989.125	6.5922682293	624.0	0.96162744	0.709960438322
10317.000023798	780.42	6.06907081932	451.0	0.9523549	0.688338674387
10317.000041962	810.397590361	6.56095389103	546.0	0.97510436	0.721558245684
10317.000040352	672.0	4.33821936168	354.0	0.78355306	0.512331300273
10317.000028811	558.807692308	4.98424411362	369.0	0.91278188	0.584492237279
10317.000027772	985.075949367	7.01180461275	619.0	0.98087562	0.7560878971
10317.000027617	739.833333333	5.48271572277	419.0	0.93516364	0.629415400801
10317.000039952	154.55	4.41357303184	137.0	0.89765772	0.621802350321
10317.000026028	732.596774194	6.12892011855	464.0	0.9670992	0.69190937776
10317.000001441	450.278688525	5.07435831404	352.0	0.8959509	0.599846247691
10317.000016347	713.590163934	6.16035415602	464.0	0.95381384	0.695458046185
10317.000001595	637.444444444	6.30878361856	448.0	0.97121	0.716308548297
10317.000002146	613.014285714	5.87440980381	415.0	0.96031054	0.675454954395
10317.000012158	963.346153846	6.60127340121	577.0	0.97301416	0.719686625486
10317.000014313	380.972972973	4.10460078177	239.0	0.85653266	0.519512716962
10317.000007749	447.108108108	5.57272957386	316.0	0.94289858	0.671107504263
10317.000017335	677.702702703	5.97576936458	460.0	0.9668722	0.675572447673
10317.000002578	495.31884058	5.98928791382	383.0	0.96670844	0.69795454105
10317.000007719	524.826086957	5.0738927024	334.0	0.92902556	0.605208929776
10317.000006716	606.985074627	5.95827772665	449.0	0.95490436	0.676264602759
10317.000006802	530.088235294	5.73446926328	401.0	0.94167234	0.663139269422
10317.000002898	524.630434783	5.7672307924	372.0	0.95708228	0.67538629038
10317.000001647	523.090909091	5.78737396103	384.0	0.95257792	0.674129206801
10317.000002878	400.375	5.63546815207	341.0	0.92937824	0.669802396732
10317.000017667	628.225352113	5.96547014335	433.0	0.9635058	0.681127895133
10317.000009213	500.642857143	5.72396996982	371.0	0.95200824	0.670625107831
10317.000031434	584.873015873	5.22492608577	388.0	0.92347606	0.607555702209
10317.000027217	550.788461538	4.70722909176	369.0	0.83066536	0.552007245334
10317.000001546	481.055555556	6.34195704905	378.0	0.97604356	0.740688797961
10317.000009074	523.774647887	6.00789044104	402.0	0.9685458	0.694469372685
10317.000027277	649.825	5.54171615716	466.0	0.92568268	0.625180480951
10317.000001333	262.5	4.30892168247	182.0	0.90757478	0.573926417672
10317.000023984	663.0	5.77742015852	442.0	0.94833056	0.657428791396
10317.000028933	682.592592593	6.20181214783	477.0	0.96525034	0.697001558241
10317.000015568	713.016949153	6.08994547301	452.0	0.96647572	0.690455998564
10317.000006944	630.103092784	2.99691545095	445.0	0.56345964	0.340649096597
10317.000002028	565.014492754	5.59541155072	424.0	0.91303288	0.641093325707
10317.000003896	516.362068966	5.91406189248	387.0	0.95634708	0.6879864289
10317.000011025	819.571428571	6.24070192143	457.0	0.97103694	0.706277315165
10317.000017293	844.642857143	5.95931033035	516.0	0.95457392	0.661320612768
10317.000031284	339.675675676	3.69625817232	219.0	0.81096454	0.475416000976
10317.000020034	689.108108108	5.91908645242	481.0	0.95604074	0.664327438811
10317.000031847	638.054545455	5.49026262904	398.0	0.938023	0.635695409985
10317.000013935	574.951219512	6.13911662834	463.0	0.96396966	0.693304108274
10317.000014019	633.0	6.33016692724	484.0	0.96894096	0.70975041985
10317.000023052	467.666666667	5.39550931301	342.0	0.93978578	0.640960304718
10317.000015385	676.214285714	6.41664670591	471.0	0.9734364	0.722629263732
10317.000017354	879.263157895	6.65568512316	516.0	0.97486754	0.738599186826
10317.000023475	726.050847458	6.50291116546	468.0	0.97653706	0.733105274815
10317.000003475	604.887096774	5.93797525885	459.0	0.94608034	0.671538112406
10317.000017269	576.956521739	5.64789725977	415.0	0.93594352	0.649409951541
10317.000014801	586.020408163	5.65588132006	361.0	0.95422684	0.665722437843
10317.000009716	655.083333333	6.58734710575	513.0	0.97682304	0.731698595865
10317.000013155	649.28	5.77710509472	460.0	0.94460684	0.6531130623
10317.000015604	583.551724138	5.70177827085	396.0	0.95383336	0.660741990611
10317.000009236	509.352941176	5.63974055066	367.0	0.93568138	0.661969640872
10317.000041289	640.761904762	5.62590320008	426.0	0.94130116	0.644085887761
10317.000030735	680.304347826	6.21628081543	477.0	0.96338388	0.698627644879
10317.000022541	692.270833333	5.20186676985	393.0	0.90344066	0.603577870645
10317.000034132	349.022727273	3.46144581636	241.0	0.77164298	0.437443981494
10317.000026633	741.5	5.83023603591	455.0	0.9527821	0.660296615288
10317.000028715	419.903225806	4.79252897352	257.0	0.90752272	0.598645232994
10317.000026126	454.285714286	4.37903949211	267.0	0.89074972	0.543258240879
10317.000033665	678.882352941	4.87290655666	370.0	0.89445838	0.571174384736
10317.000028755	757.230769231	6.14984334805	481.0	0.96165692	0.690226391072
10317.000016485	462.632653061	4.49560015635	312.0	0.85587348	0.542592868469
10317.000001001	448.133333333	4.55028401774	305.0	0.86716086	0.551371439323
10317.000002334	638.692307692	5.83853618542	428.0	0.95587794	0.667912627766
10317.000006797	378.0	4.74647584418	276.0	0.8955955	0.585368628963
10317.000013156	707.263888889	6.59956540715	486.0	0.9764607	0.739462639073
10317.000001529	606.037974684	6.1664145854	453.0	0.96890124	0.698873164592
10317.000002418b	824.75	6.44057212253	551.0	0.97124266	0.707295940484
10317.000005849	497.41025641	4.18723026356	289.0	0.82452952	0.512204076976
10317.000011341	619.2	5.74040511055	405.0	0.95761396	0.662728258073
10317.000013355	783.397590361	6.2735044915	529.0	0.96433698	0.693425286582
10317.000006794	558.507042254	5.40333473778	399.0	0.92616768	0.625368236394
10317.000028723	732.474576271	5.55586425024	444.0	0.94030886	0.631749093365
10317.000002774	438.103448276	4.57535752583	329.0	0.85038526	0.547164349538
10317.000001531	536.405797101	6.24426926779	413.0	0.96783224	0.718558196253
10317.000018027	685.147540984	6.48373136861	474.0	0.97595454	0.729431730341
10317.000001948	420.571428571	5.00657651777	283.0	0.92695316	0.614706764667
10317.000001032	423.111111111	5.51285020687	322.0	0.95385068	0.661733910868
10317.000016697	916.585365854	7.07513505062	601.0	0.9851538	0.766435438185
10317.000011162	563.051724138	4.15068649576	388.0	0.75122226	0.48264285603
10317.000005999	466.985074627	4.94746134551	355.0	0.91235446	0.584000356518
10317.000001362	717.424242424	6.55589795775	492.0	0.97668594	0.733115719727
10317.000010947	454.8125	5.73042688436	311.0	0.96293354	0.692016123068
10317.000002851	525.87755102	5.42335791295	360.0	0.93543896	0.638654231465
10317.000035452	663.108695652	6.52556243357	407.0	0.9755659	0.752756836135
10317.000005928	662.224299065	6.18379812462	515.0	0.95227952	0.686445814698
10317.000027807	763.441558442	6.32827959178	505.0	0.96933818	0.704697241849
10317.000031313	932.576923077	6.49901433253	571.0	0.96952316	0.709704937293
10317.000014458	602.022222222	5.48830367126	347.0	0.94715752	0.650366043759
10317.000016759	639.776119403	6.1123843951	457.0	0.96028252	0.691755269547
10317.000014308	624.154929577	6.1021966869	445.0	0.95818576	0.693615760162
10317.000010546	444.1875	4.58578970414	310.0	0.88477752	0.554098691559
10317.000015305	729.246153846	6.71646259637	516.0	0.97522104	0.745343825652
10317.000014295	581.886363636	5.06717256495	338.0	0.91625856	0.603171680224
10317.000011055	709.380952381	6.16409804472	492.0	0.95219402	0.689302549192
10317.000002818	515.220338983	3.77713624017	355.0	0.69288454	0.445854703418
10317.000009667	552.679245283	4.76273650904	339.0	0.90825682	0.566645609705
10317.000012254	543.158730159	5.27099273839	382.0	0.92011064	0.614518971135
10317.000026037	614.0	6.26595619456	461.0	0.9651506	0.708127833759
10317.000007037	423.818181818	5.73171659405	352.0	0.92729706	0.677553392762
10317.000015594	817.333333333	6.61850286419	514.0	0.97881252	0.734929912749
10317.000004286	548.620689655	5.49648672811	388.0	0.94116032	0.639132841108
10317.000001351	579.926829268	5.02595339385	346.0	0.90596698	0.595871360089
10317.000010115	505.35	5.53818005155	372.0	0.93442456	0.64856271842
10317.000010981	544.053571429	6.02436522155	392.0	0.96299996	0.699311448739
10317.000013028	435.596774194	5.95770486399	371.0	0.9581865	0.698009683473
10317.000017095	572.164556962	6.45119595561	449.0	0.97640756	0.73221082843
10317.000011048	684.943661972	6.35074465348	485.0	0.96939402	0.711819981804
10317.000002079	443.737704918	5.24823463697	340.0	0.9439807	0.624092122346
10317.000014937	605.758064516	6.29568429908	442.0	0.96888942	0.716403516827
10317.000013653	427.288461538	5.03361663616	312.0	0.9153208	0.607528337575
10317.000021178	588.04	5.81167660342	433.0	0.94809836	0.663567993295
10317.000006741	553.14084507	5.87110007889	420.0	0.95461032	0.673735903698
10317.000014548	609.672413793	6.03373901939	417.0	0.96317276	0.693222181115
10317.000013215	665.114754098	6.15342431978	446.0	0.96357258	0.699181264388
10317.000010867	622.5	5.74471249872	387.0	0.96157274	0.668285910582
10317.000026613	555.068965517	5.88536872895	406.0	0.95864456	0.679185294742
10317.000006909	600.590909091	6.10130566502	438.0	0.96323112	0.695322362079
10317.000011163	534.571428571	5.23135795051	338.0	0.91514062	0.62271551332
10317.000012276	581.135135135	5.98841692128	442.0	0.95088206	0.6814387029
10317.000015003	567.018181818	5.49003421801	385.0	0.9203309	0.639214882663
10317.000001613	585.181818182	5.87818122284	427.0	0.95403878	0.6727076172
10317.000006029	551.703125	5.85062594069	404.0	0.95725756	0.67573146629
10317.000005024	607.363636364	6.2022520277	468.0	0.95722408	0.699210486127
10317.000026632	635.105263158	6.2425536304	423.0	0.97176046	0.715518793998
10317.000033799	404.893617021	5.18602826594	275.0	0.95261904	0.639990629551
10317.000029152	724.885714286	4.25020677696	343.0	0.7763175	0.504651400217
10317.000022999	586.775862069	5.41108101034	381.0	0.93492214	0.63112942392
10317.000037575	717.518987342	6.8159425334	527.0	0.9792413	0.753837588775
10317.000027681	702.528301887	6.454937902	441.0	0.97306402	0.734798658736
10317.000021296	723.741573034	6.39874326721	522.0	0.97093174	0.708773803099
10317.000028712	699.654545455	5.59314955019	426.0	0.94425496	0.640336060771
10317.000027363	716.264705882	5.8426351923	455.0	0.95494462	0.661700867354
10317.000033801	674.245283019	5.58761331172	400.0	0.93856372	0.646425991947
10317.000011225	581.0	5.97718981169	430.0	0.95970628	0.683248519375
10317.000011409	498.136363636	5.26155637368	322.0	0.93500282	0.631569904088
10317.000009475	415.118644068	4.94098521202	319.0	0.90569106	0.594053155887
10317.000012928	534.22	5.69047981727	356.0	0.95263906	0.671384944279
10317.000028841	666.909090909	5.98782560386	453.0	0.96488466	0.678632708008
10317.000014534	548.875	5.56878540148	366.0	0.94832394	0.653943364284
10317.000016715	646.074074074	6.56931992449	477.0	0.97803934	0.738304565636
10317.000008954A	499.0	5.77490290779	376.0	0.9448265	0.675064928066
10317.000015912	439.873015873	5.24953568005	334.0	0.9308114	0.62615945135
10317.000016725	678.283018868	6.41254661623	423.0	0.97873166	0.735003316424
10317.000018358	506.909090909	4.78894829997	340.0	0.87940922	0.56947623631
10317.000010102	492.0	5.54070590365	352.0	0.95272134	0.654973779969
10317.000008949B	536.725490196	5.9984705357	392.0	0.95925714	0.696305580135
10317.000010869	589.965517241	6.1285955938	451.0	0.95726946	0.695089823876
10317.000014571	626.0	6.41364950073	469.0	0.97395542	0.72279144596
10317.000010827	606.549019608	5.98089129691	399.0	0.96462204	0.692213165374
10317.000014162	589.133333333	5.87078713068	430.0	0.95782426	0.671085700969
10317.000016736	602.013513514	5.73435337447	451.0	0.95246692	0.6503758677
10317.000001929	555.444444444	5.76058832247	401.0	0.95402624	0.666159701312
10317.000003196	566.3875	6.12001545848	455.0	0.9601002	0.693115247454
10317.000028833	277.25	4.09618291677	191.0	0.8891109	0.540576890886
10317.000004291	1096.5	6.35715789028	574.0	0.97207198	0.693641292938
10317.000035347	1021.0483871	6.31866563523	535.0	0.97172898	0.697163212964
10317.000031035	659.886792453	4.9483956234	366.0	0.88720004	0.581090892983
10317.000016765	667.808219178	6.15308542732	464.0	0.96421966	0.694637460918
10317.000004918	621.235294118	6.29693002112	479.0	0.97108752	0.707211767881
10317.000001347	630.232142857	5.89108415451	428.0	0.9512239	0.673923972221
10317.000005938	488.380952381	5.68148113506	405.0	0.9408084	0.655925500622
10317.000003982	487.780821918	5.13567087798	385.0	0.88791628	0.597955700694
10317.000001934	590.9375	5.44595315304	394.0	0.91741048	0.631630761108
10317.000015355	606.5	5.97705140749	424.0	0.9545582	0.684819647315
10317.000002418a	743.777777778	6.41571250226	503.0	0.97741984	0.714889248547
10317.000026083	851.037735849	5.73031213911	468.0	0.93637024	0.646006372936
10317.000009476	432.56	4.70488968506	306.0	0.8866395	0.569779423552
10317.000003729	618.0	5.79096570269	471.0	0.94401614	0.652166384379
10317.000017219	710.246153846	6.46540382677	484.0	0.97423938	0.724913439613
10317.000004283	245.0	3.11844852349	143.0	0.74723504	0.43554532991
10317.000003473	628.358695652	6.5912232798	518.0	0.96927066	0.730992948891
10317.000007068	304.9	4.95249946171	241.0	0.93281898	0.625877508363
10317.000011342	595.304347826	6.01893772705	444.0	0.94965072	0.684404492409
10317.000026056	450.914893617	4.67422440613	309.0	0.90542464	0.565102496422
10317.000012209	584.096774194	5.7584383501	399.0	0.94716202	0.66646702641
10317.000016355	666.813333333	6.51250031102	482.0	0.97683374	0.730683403029
10317.000015185	534.559322034	5.20265666538	372.0	0.91013524	0.609270395418
10317.000003028	463.75	5.29082459486	362.0	0.91446676	0.622461238138
10317.000012985	798.960784314	6.20775166259	476.0	0.96089374	0.697906559502
10317.000016755	676.192307692	6.07919549161	481.0	0.94295018	0.682297243576
10317.000014327	452.3	5.56580871362	356.0	0.9550255	0.656675762511
10317.000013249	459.615384615	5.27504575434	320.0	0.94468372	0.633873027283
10317.000008950A	389.263157895	3.76054287442	259.0	0.78721228	0.46908230052
10317.000016716	591.886792453	6.13542812657	403.0	0.96894334	0.708918099657
10317.000022662	624.2	5.92400342116	410.0	0.9597014	0.682529754461
10317.000022443	646.018867925	5.22569096098	403.0	0.93290398	0.603802510441
10317.000017074	452.055555556	5.49043196064	349.0	0.94699854	0.649979621795
10317.000002511	537.934782609	4.95261410805	364.0	0.88916388	0.582126663548
10317.000013821	429.346938776	5.05352856194	307.0	0.92907072	0.611652208855
10317.000004819	455.243902439	4.98955541454	284.0	0.92178118	0.612234384868
10317.000017075	512.428571429	4.98599434199	365.0	0.89779694	0.585777635324
10317.000010834	597.120689655	5.65503282487	394.0	0.94070488	0.655880171365
10317.000014303	546.56	6.025439621	371.0	0.96750846	0.705945544242
10317.000015265	567.766666667	5.67676627842	384.0	0.95759496	0.661245320284
10317.000003193	384.06	4.88501646698	279.0	0.92076382	0.601297824032
10317.000013619	947.057692308	6.69407115588	521.0	0.97863084	0.741713865994
10317.000005015	567.390625	5.92764521092	402.0	0.96610984	0.685193595243
10317.000022925	375.692307692	5.26928143756	273.0	0.94632744	0.651110782864
10317.000003439	564.406779661	5.35441895692	385.0	0.94151666	0.623424945887
10317.000016735	625.181818182	6.07985880815	442.0	0.96507726	0.691844130845
10317.000011168	490.0	5.94913679593	377.0	0.9613513	0.695120863444
10317.000004972	508.015384615	6.31978043217	400.0	0.97290912	0.731129751978
10317.000009382	464.2875	5.90209176486	378.0	0.96603718	0.689316124496
10317.000027308	490.294117647	5.54488496896	364.0	0.91972962	0.651741750179
10317.000003895	587.519230769	5.93378180484	395.0	0.96297224	0.68791816566
10317.000001322	419.258064516	5.05870430416	319.0	0.93470214	0.608206486689
10317.000026106	570.567164179	5.64444416675	406.0	0.93647402	0.65138203766
10317.000008957B	623.75	6.35760558031	435.0	0.97060722	0.725350681353
10317.000001047	393.0	4.87842267316	290.0	0.90969598	0.596390817975
10317.000017071	462.222222222	4.57018676202	321.0	0.84751526	0.548877135041
10317.000015262	558.661290323	5.47389170147	376.0	0.95067828	0.639877824215
10317.000003981	472.245901639	5.38783490078	361.0	0.9446322	0.634172179696
10317.000014334	695.936708861	6.43582406987	501.0	0.97178074	0.717589828931
10317.000011378	662.333333333	5.75318520388	437.0	0.95557836	0.655896039536
10317.000016718	634.217391304	5.89312465995	368.0	0.96621266	0.691392247786
10317.000016714	625.196721311	6.55178313382	442.0	0.97812118	0.74554571919
10317.000007748	469.772727273	5.29448278577	336.0	0.92590452	0.630872561065
10317.000007073	766.5	5.80114160585	471.0	0.95546832	0.653312373203
10317.000001247	789.59375	6.7598409329	512.0	0.98104482	0.751093436989
10317.000002036	392.675675676	4.95592406191	282.0	0.92590674	0.60886943854
10317.000012112	547.758064516	5.81413777218	384.0	0.96088632	0.677246728997
10317.000002437	350.638297872	4.89336289177	290.0	0.91684342	0.598217270867
10317.000003731	582.666666667	5.51646596158	410.0	0.94595624	0.63557562185
10317.000013171	779.117647059	5.55444129677	386.0	0.94035014	0.646432245478
10317.000001487	497.307692308	5.76694521709	360.0	0.96025614	0.67911504729
10317.000014306	547.084745763	5.33635779103	375.0	0.93286872	0.624080904858
10317.000002064	565.616438356	6.22038873787	438.0	0.96733146	0.708893411956
10317.000002336	541.942307692	5.37820536041	368.0	0.90824672	0.630980966424
10317.000006074	455.563380282	5.71689126022	355.0	0.96276722	0.674824177691
10317.000012061	515.06	4.64464710487	326.0	0.89392624	0.556329900682
10317.000016756	648.40625	6.04428520781	437.0	0.96278248	0.689083105991
10317.000011018	688.345679012	6.26421467405	511.0	0.96090108	0.696242048669
10317.000015261	644.276315789	5.80751039319	437.0	0.95810526	0.662089422028
10317.000013458	618.241935484	6.34199727607	438.0	0.96901444	0.722752271137
10317.000041935	501.525	4.26427953367	317.0	0.8134118	0.513252952028
10317.000033721	638.567567568	6.25202569036	449.0	0.97142888	0.709605000623
10317.000031491	470.55	6.38811561784	383.0	0.97708732	0.744431453018
10317.000017671	409.9375	5.20143680991	294.0	0.94026602	0.634346909384
10317.000036943	497.2875	5.98278380429	411.0	0.96146442	0.689023095273
10317.000036102	593.942857143	6.24192610733	430.0	0.96913678	0.713510346039
10317.000028894	563.406779661	5.2618527266	374.0	0.93780166	0.61564498676
10317.000040358	536.58490566	5.63215503636	353.0	0.94995752	0.665462139407
10317.000031506	667.045454545	6.14015413033	467.0	0.9575893	0.6924507857
10317.000016446	703.901639344	5.89552131312	460.0	0.94508686	0.666500248055
10317.000028793	568.136363636	5.46037153513	347.0	0.9512568	0.647056075149
10317.000042026	664.161764706	6.45682990281	470.0	0.97203282	0.727405799108
10317.000037582	545.147540984	5.74378810011	374.0	0.95587268	0.672032178128
10317.000029202	516.139534884	4.62216549432	333.0	0.86582388	0.55161198025
10317.000022618	818.089552239	6.32348441598	506.0	0.96683958	0.703939545698
10317.000021229	419.357142857	3.27551184934	255.0	0.69064874	0.40972817567
10317.000034121	413.620689655	4.5077947082	236.0	0.91078058	0.57186335598
10317.000036071	466.977272727	4.90925300713	318.0	0.91014188	0.590559620956
10317.000036166	595.5	5.77894195009	394.0	0.96018216	0.670251359085
10317.000031593	629.0	4.8580825027	335.0	0.88311194	0.579169348064
10317.000034194	968.671875	5.99257766508	528.0	0.94674998	0.662573698801
10317.000036131	675.038461538	5.93235479075	418.0	0.9591245	0.681303561823
10317.000002347	455.133333333	4.98957146868	317.0	0.92250238	0.600549815141
10317.000016767	659.559322034	6.23251007018	452.0	0.96596482	0.706619457126
10317.000036109	343.02173913	4.17148049452	248.0	0.82348582	0.524437709574
10317.000004973	671.518518519	6.29004430105	433.0	0.96746638	0.718187256346
10317.000031379	715.820895522	5.88260131468	445.0	0.95020254	0.668655107655
10317.000004737	574.381818182	5.66710561729	405.0	0.9250965	0.654265850882
10317.000006666	497.132075472	4.84214215718	334.0	0.91067586	0.577565952741
10317.000003969	341.615384615	5.03932860532	268.0	0.9353712	0.624754882612
10317.000001749	600.592105263	6.26846849632	467.0	0.96449806	0.706921331823
10317.000009507	555.61627907	6.34306928017	452.0	0.9740652	0.71915426061
10317.000040348	749.553846154	5.95363687162	482.0	0.95543322	0.66798056691
10317.000026595	836.782608696	6.08083424205	434.0	0.9617873	0.694036259188
10317.000012335	718.909090909	5.58832304353	426.0	0.93827636	0.639783494415
10317.000022554	634.677966102	6.28207696151	435.0	0.97237616	0.71673348508
10317.000003718	678.034883721	6.44081064318	511.0	0.96918928	0.715869974232
10317.000006113	518.779661017	5.19697711801	370.0	0.91225814	0.609160092309
10317.000006662	608.609375	6.31859704933	434.0	0.9718929	0.721173326697
10317.000013756	731.592592593	6.67043970776	526.0	0.97320808	0.737968745561
10317.000001216	551.841463415	6.23864611027	448.0	0.96925044	0.7083450327
10317.000016722	648.195652174	6.16775537359	402.0	0.97224086	0.712948621019
10317.000016358	405.12244898	4.93085935457	314.0	0.91855028	0.594464714403
10317.000035392	844.637931034	5.95514193148	448.0	0.9654741	0.676155552284
10317.000043118	740.784810127	6.54229543814	523.0	0.97243936	0.724453170451
10317.000006685	437.11627907	4.94150121974	282.0	0.92560732	0.607097492946
10317.000005992	443.936170213	4.34046324359	321.0	0.8288969	0.521287455842
10317.000012947	664.442622951	6.00553672697	448.0	0.96203862	0.681877451302
10317.000012122	660.0	5.6879902795	414.0	0.94894772	0.654281798236
10317.000004758	668.777777778	5.66534131473	409.0	0.95060816	0.652993242499
10317.000042014	757.070588235	6.67758654102	559.0	0.97632546	0.731653639152
10317.000027267	768.891891892	6.36284544304	508.0	0.9682961	0.707872805062
10317.000006625	468.848484848	4.95733019483	297.0	0.91528682	0.603498612841
10317.000008951B	370.090909091	4.1563128855	229.0	0.8722263	0.530195795115
10317.000006778	866.554216867	6.56904022866	571.0	0.9759799	0.717351900614
10317.000012971	765.12345679	6.41360157667	534.0	0.96940128	0.707848671341
10317.000017652	785.141304348	6.90830871257	571.0	0.97986416	0.754400675363
10317.000015254	681.47826087	6.27870871286	483.0	0.96529684	0.70421642623
10317.000001438	680.078431373	5.97037970771	418.0	0.96580038	0.685670547998
10317.000006803	480.0	5.78147687579	375.0	0.95542392	0.676137069768
10317.000013299	607.642857143	5.83081321133	448.0	0.95358068	0.662039086983
10317.000036039	429.549019608	5.25259108917	312.0	0.93161934	0.633957284199
10317.000011026	828.372881356	5.81173472243	467.0	0.9439146	0.655413559562
10317.000012993	685.015873016	5.97868233546	457.0	0.96262	0.67662384156
10317.000009419	568.041666667	6.07692714715	429.0	0.95951142	0.694916251135
10317.000010693	772.12195122	6.29555754701	527.0	0.96880044	0.696283441062
10317.000008951A	330.692307692	3.99936468658	228.0	0.8606216	0.510586090108
10317.000001669	457.692307692	5.08970177429	346.0	0.92347454	0.603429296103
10317.000036068	563.227272727	5.79626601234	420.0	0.95059368	0.665148348252
10317.000042981	689.603448276	6.16547090719	439.0	0.96575578	0.702371466576
10317.000028776	886.0	6.76781413515	583.0	0.97403062	0.736644691662
10317.000004011	324.441860465	4.7707799108	265.0	0.91605002	0.592654617225
10317.000004285	654.888888889	6.19869667001	476.0	0.9646047	0.696888551847
10317.000026116	516.275862069	5.02601869359	358.0	0.90045868	0.5924243083
10317.000022498	678.373134328	6.38803849431	469.0	0.97061252	0.719905192766
10317.000023929	662.593220339	5.3071457879	447.0	0.87042022	0.602801772842
10317.000009558	519.246575342	5.50729552394	399.0	0.9383923	0.637400393691
10317.000002051	670.887096774	5.84273700325	450.0	0.93430166	0.66290924139
10317.000016726	738.797468354	6.81544628659	528.0	0.98020682	0.753554765156
10317.000005927	651.647058824	5.85435374028	502.0	0.93142116	0.652546989832
10317.000013539	668.455696203	6.19647016502	493.0	0.96238236	0.692695664783
10317.000004289	616.725806452	6.12773703613	446.0	0.9578237	0.696262553354
10317.000011073	564.172413793	5.50983383341	394.0	0.94533636	0.639039749329
10317.000001111	481.8	4.94638797216	339.0	0.88948438	0.588495505263
10317.000013053	439.615384615	4.23562073751	300.0	0.85780524	0.514730108515
10317.000010225	731.714285714	6.85510157058	501.0	0.98241744	0.764338973523
10317.000003226	722.246153846	6.42911749936	496.0	0.97027592	0.718000507975
10317.000013167	567.088235294	6.03249930316	424.0	0.96292946	0.691172580521
10317.000010879	533.875	5.07453236285	373.0	0.91545426	0.593996659455
10317.000013055	597.566037736	5.39311662481	406.0	0.92412398	0.622378252425
10317.000006665	571.224719101	6.94647300252	491.0	0.98480902	0.77704697682
10317.000002638	444.48	5.69428656998	366.0	0.95541784	0.668680986662
10317.000002443	664.013333333	6.70497976812	517.0	0.97742192	0.743838977313
10317.000017349	880.288135593	7.0152731938	543.0	0.9822687	0.772198256071
10317.000005814	491.850746269	6.20024761198	404.0	0.9704139	0.716111823364
10317.000020071	592.508474576	5.83859889739	398.0	0.96232978	0.676027864346
10317.000004026	514.679012346	6.08076968453	428.0	0.95430828	0.695623479902
10317.000013134	542.88	6.24562266911	415.0	0.97524266	0.718137977435
10317.000004822	449.85	6.14344815569	377.0	0.9668117	0.717824977472
10317.000009101	588.0	6.66506296731	459.0	0.97987162	0.753765990767
10317.000013159	670.285714286	6.27726068252	477.0	0.96646962	0.705480974417
10317.000016772	540.909090909	6.27727219386	437.0	0.9707022	0.715644955818
10317.000006635	552.904109589	5.39386595233	429.0	0.91316338	0.61680599684
10317.000001734	560.0	6.24030360573	425.0	0.96791734	0.714703423796
10317.000001286	604.6	5.70868189948	410.0	0.93876672	0.657721641623
10317.000014397	759.548387097	6.37394481955	473.0	0.97436182	0.717326425723
10317.000016731	661.342465753	6.28691851077	476.0	0.9618533	0.706806893415
10317.000016458	924.6875	6.71439856298	581.0	0.9732173	0.731225245242
10317.000009174	537.238095238	6.25916035482	422.0	0.96690292	0.717703149498
10317.000013222	526.338709677	5.39501929597	389.0	0.92633326	0.627063412524
10317.000004847	438.222222222	5.49687276835	326.0	0.93783382	0.65840840267
10317.000002261	665.642857143	6.18449471445	470.0	0.96158452	0.696725388087
10317.000016729	667.174418605	6.61781898987	506.0	0.97675	0.736705301506
10317.000001652	486.058823529	6.26829167274	379.0	0.973301	0.731759529511
10317.000017083	559.018181818	5.68565689692	377.0	0.9576681	0.664334821506
10317.000002606	462.178082192	5.64549651949	393.0	0.9309036	0.65505267988
10317.000011357	616.085714286	6.16556514087	469.0	0.96508956	0.694833377287
10317.000004813	648.25	6.32031497682	454.0	0.96628136	0.716057356499
10317.000013453	495.048387097	5.45752582335	366.0	0.93085946	0.640878134151
10317.000016768	764.095238095	6.44629789293	491.0	0.9720095	0.721096344513
10317.000013174	408.5	4.05383843087	272.0	0.8131412	0.501249713346
10317.000016166	559.294117647	5.44095559671	363.0	0.9320241	0.63982444659
10317.000011358	693.119047619	6.94549119175	534.0	0.98271116	0.766551625186
10317.000001436	578.776470588	6.15289686196	461.0	0.96253678	0.69535077982
10317.000009385	676.125	6.54465175114	495.0	0.97477246	0.731141055115
10317.000006053	539.144927536	5.51298423165	410.0	0.92953174	0.635174476863
10317.000002185	405.057692308	5.3367662303	321.0	0.93166568	0.640942944218
10317.000016488	436.689655172	4.24128517213	252.0	0.83857542	0.531670596093
10317.000001516	394.518518519	5.00399851164	317.0	0.88546842	0.602286268469
10317.000011352	673.269230769	6.41249729695	504.0	0.9663347	0.714302923781
10317.000004009	444.721311475	5.57759033571	350.0	0.94996826	0.659975270042
10317.000013801	486.2	5.70874042934	380.0	0.95189628	0.666141962041
10317.000003996	745.804878049	6.61745698245	558.0	0.96387394	0.725270604839
10317.000017339	597.25	5.94249531356	411.0	0.94992258	0.68438316485
10317.000010183	792.388888889	6.87555922389	556.0	0.97892646	0.753986583427
10317.000012318	487.544117647	5.17074775824	379.0	0.88848172	0.603632400075
10317.000007666	625.109090909	6.27267840072	430.0	0.96793586	0.717025619871
10317.000002349	453.37037037	5.65738075014	378.0	0.94882226	0.660735876169
10317.000015908	507.833333333	5.51960622631	308.0	0.95097072	0.667684619548
10317.000001423	395.037735849	4.82230028223	309.0	0.89652488	0.583004513949
10317.000005845	518.328125	6.07256569991	403.0	0.96406478	0.701654659987
10317.000009118	533.486486486	5.7467286621	402.0	0.9573259	0.664280929908
10317.000005576	558.086956522	6.12919186464	427.0	0.96831536	0.701433640494
10317.000002801	603.014084507	6.56878741462	458.0	0.97344394	0.743142433651
10317.000013265	728.168539326	6.42867502989	539.0	0.966205	0.708460966393
10317.000010833	449.448979592	4.86851160352	318.0	0.90723402	0.585658625257
10317.000013238	335.208333333	4.88789644584	248.0	0.94105946	0.614505382455
10317.000012983	664.84375	5.82432856406	456.0	0.92354092	0.659391043556
10317.000004915	584.25	6.04158775982	398.0	0.96564268	0.699531127641
10317.000001099	806.29787234	7.30944897443	633.0	0.9862416	0.785450303079
10317.000015856	843.229508197	6.43329543949	517.0	0.97088736	0.713698782988
10317.000003061	564.014285714	5.98689503291	427.0	0.9562127	0.685148983901
10317.000028859	558.095238095	6.34837379356	477.0	0.97104568	0.713473146387
10317.000012903	689.513888889	6.5048287688	497.0	0.97459962	0.72622023715
10317.000004736	673.214285714	5.67315794476	468.0	0.9089339	0.639563098486
10317.000010962	564.381578947	6.13327541823	440.0	0.96274958	0.698442566791
10317.000002348	635.666666667	5.75698202203	445.0	0.931146	0.654376393672
10317.000002444	488.580645161	5.73753924615	381.0	0.9515048	0.669206362319
10317.000015584	634.0	5.61142824874	445.0	0.93479822	0.637831795671
10317.000023375	704.278481013	4.97683180356	477.0	0.8541085	0.559329989284
10317.000015624	816.575	6.15217733833	537.0	0.9593027	0.67839097503
10317.000006671	658.272727273	6.56043399261	491.0	0.97504078	0.733863846982
10317.000009102	565.957446809	5.40204798509	382.0	0.92487378	0.629798054101
10317.000015214	903.516129032	6.37608367592	529.0	0.97186074	0.704763606408
10317.000002172	601.241935484	5.77077349802	421.0	0.94273682	0.661962341566
10317.000001189	544.611111111	5.65598690612	367.0	0.9484663	0.663876571518
10317.000007678	328.234042553	3.03790788464	261.0	0.70134544	0.378418467523
10317.000003358	555.935483871	5.82044937238	399.0	0.95423374	0.673644024601
10317.000009231	525.4375	5.11094097878	419.0	0.90178468	0.586735684885
10317.000018318	542.358208955	6.30386938751	434.0	0.96762446	0.719492384427
10317.000013859	695.901408451	6.07924884101	469.0	0.95431012	0.685105891683
10317.000013757	542.740740741	6.52150565567	466.0	0.96966406	0.735713978615
10317.000012298	674.014285714	5.80796134827	459.0	0.9422992	0.656834565778
10317.000017171	679.214285714	6.15525210416	474.0	0.96384794	0.69247720761
10317.000014587	474.270833333	5.24221088966	328.0	0.9357266	0.62724238949
10317.000016764	630.909090909	6.17028534896	425.0	0.96756074	0.706684216558
10317.000016727	641.777777778	6.00198403205	415.0	0.96488916	0.690123771757
10317.000002013	557.5	5.87099490669	470.0	0.94036412	0.661407502744
10317.000013454	515.590909091	6.33397337474	411.0	0.97511326	0.729468769524
10317.000016766	619.158730159	6.06980072247	437.0	0.962591	0.691992020691
10317.000001234	517.042857143	4.69403682318	372.0	0.85194232	0.549707169876
10317.000026623	846.764705882	6.58767820046	617.0	0.96490688	0.710711853284
10317.000006761	631.081395349	6.87127657752	508.0	0.98094814	0.764436268149
10317.000009532	552.08	6.62341042236	442.0	0.97946818	0.753696388598
10317.000005846	488.625	6.19710416623	366.0	0.97234444	0.727726937764
10317.000004821	850.142857143	6.80676981249	611.0	0.97286328	0.73546718534
10317.000002712	583.276315789	5.65764884522	444.0	0.9357914	0.643322868875
10317.000013734	715.5	6.69964770087	522.0	0.97896004	0.742104282368
10317.000009659	560.318181818	5.83731495416	415.0	0.95383548	0.671189691873
10317.000017292	672.128205128	6.89455911091	507.0	0.98170816	0.767269128396
10317.000015862	588.246153846	5.95510108432	407.0	0.96419922	0.686951216347
10317.000002446	459.430379747	4.45284778832	366.0	0.84355278	0.522898631102
10317.000006678	501.181818182	5.74881836378	382.0	0.95075012	0.670226297301
10317.000014224	633.592105263	6.60861735498	462.0	0.9810826	0.746588874589
10317.000017218	661.577464789	6.51091801059	464.0	0.97736604	0.735034091196
10317.000009661	597.084507042	6.20163046041	448.0	0.96578328	0.704142221506
10317.000006729	520.15625	5.82253264418	383.0	0.96317256	0.678521914107
10317.000013686	481.117647059	5.54596271228	334.0	0.95341268	0.661516976125
10317.000010845	710.758064516	6.4858738419	468.0	0.97679384	0.731184573232
10317.000017205	710.794117647	6.38123345952	492.0	0.96246694	0.713583797455
10317.000014551	542.56	5.82455950302	367.0	0.96390178	0.683662932332
10317.000005238	571.48	5.6520377647	438.0	0.93544454	0.644122498508
10317.000022448	698.75862069	5.83752636787	454.0	0.94887816	0.661360029492
10317.000001004	343.12244898	5.30866523808	277.0	0.94621414	0.654280741172
10317.000014122	610.514705882	5.79735146459	435.0	0.9546594	0.661430279335
10317.000016728	835.278481013	6.76184780177	568.0	0.97563106	0.739020184214
10317.000010773	497.0	4.46744884524	368.0	0.8502745	0.524129333284
10317.000005553	487.368421053	6.30311367847	386.0	0.96993652	0.733563595504
10317.000014054	671.0	6.37132084216	504.0	0.97172416	0.709716183126
10317.000026081	544.807692308	5.35337339174	376.0	0.94004072	0.625789676694
10317.000016769	590.949152542	5.64529420844	399.0	0.9472019	0.653372010875
10317.000004738	667.125	6.39329283078	498.0	0.97001578	0.71353699243
10317.000036427	791.25	6.33908371887	492.0	0.9698951	0.70887038708
10317.000043092	613.918032787	6.31932569001	438.0	0.96442912	0.720168551907
10317.000036069	464.607142857	5.19146419472	277.0	0.94063384	0.639835983012
10317.000028711	606.655737705	5.73274606988	411.0	0.95140652	0.660226839327
10317.000027901	952.493150685	6.85282684502	598.0	0.97713964	0.742934258587
10317.000031057	643.652173913	5.74561690889	433.0	0.948562	0.656025402416
10317.000021275	710.5	5.37715438104	447.0	0.92164754	0.610753561948
10317.000031439	700.482142857	5.69865924692	416.0	0.94375594	0.654985199775
10317.000036437	721.470588235	6.1887323524	495.0	0.96366388	0.691379232084
10317.000043117	723.5	6.01960461675	470.0	0.9598279	0.678149397223
10317.000040144	535.228571429	4.55621929459	303.0	0.8495601	0.552726328927
10317.000039994	562.846153846	5.69230765257	400.0	0.94188266	0.658537986704
10317.000036067	557.576923077	6.66332028617	455.0	0.98005564	0.754646605118
10317.000036877	741.235955056	6.55723819878	550.0	0.97137538	0.720315378002
10317.000038417	583.721518987	5.86150675709	457.0	0.94753348	0.663362760686
10317.000031891	520.642857143	6.15295259913	427.0	0.96209672	0.704152853543
10317.000028719	709.924242424	5.86313613588	435.0	0.9602253	0.66893577107
10317.000023341	674.114285714	5.31338659077	423.0	0.93321856	0.609018070258
10317.000035492	684.6875	6.37601784169	503.0	0.96290422	0.710466156638
10317.000027775	729.459016393	5.96467196538	477.0	0.9505288	0.670350142051
10317.000036094	421.0	4.10836672989	281.0	0.80891646	0.505059185265
10317.000039831	516.381578947	5.68422877635	424.0	0.93874472	0.65126954421
10317.000043164	517.538461538	5.34369226065	341.0	0.94223222	0.635123433759
10317.000036422	628.134328358	6.32803832111	450.0	0.96921684	0.717970889431
10317.000036939	584.75	5.55651489708	396.0	0.94861904	0.643908363243
10317.000036147	674.045454545	6.07738737521	474.0	0.94397186	0.683717282077
10317.000035412	628.944444444	6.05922294746	422.0	0.96238552	0.694777437609
10317.000031272	385.84	3.82758516845	211.0	0.8186254	0.49573060453
10317.000037565	646.833333333	5.74416314282	452.0	0.93776716	0.651252448198
10317.000014232	608.857142857	6.13995621798	477.0	0.96301322	0.690049770851
10317.000009677	614.305084746	5.380380895	396.0	0.94348418	0.623497339591
10317.000036045	716.25	6.28316910665	424.0	0.97082172	0.719893030575
10317.000018424	560.25862069	4.82712999732	365.0	0.88246272	0.567113518645
10317.000014978	758.892857143	6.32783603807	468.0	0.96998972	0.713368191513
10317.000017133	688.564516129	5.79339883153	443.0	0.95182386	0.65900255802
10317.000026136	526.886075949	5.98358574408	424.0	0.96200042	0.685568317818
10317.000013197	678.153846154	6.30452369185	470.0	0.97276906	0.710247468664
10317.000001936	517.717391304	4.79893000458	324.0	0.9136281	0.575421620643
10317.000009495	412.466666667	4.79767758813	298.0	0.9210972	0.583718118953
10317.000033748	575.017241379	5.12498166846	390.0	0.87059014	0.595420587063
10317.000006717	516.0	6.03563913444	411.0	0.96030992	0.695110318943
10317.000022553	886.8125	6.4915949839	569.0	0.97131906	0.70928681698
10317.000034127	525.789473684	5.56736201724	392.0	0.94228448	0.646262279053
10317.000005085	400.776119403	5.74033511543	341.0	0.9604379	0.682266337881
10317.000009648	741.516666667	6.0531882247	467.0	0.95618106	0.682643277875
10317.000013001	821.904761905	5.94430429925	490.0	0.95008758	0.665161142235
10317.000034147	961.649350649	5.62435632573	521.0	0.94294938	0.623187739859
10317.000028856	565.631578947	5.39771844908	385.0	0.93991608	0.628466386195
10317.000005163	407.238095238	4.44541406289	287.0	0.88050548	0.544453733865
10317.000009628	542.8	6.00435971661	431.0	0.95997128	0.686091468668
10317.000016762	563.640625	5.77301102375	405.0	0.9460156	0.666492602164
10317.000014291	620.197368421	6.46428112006	479.0	0.96818126	0.726007064341
10317.000011191	529.620689655	6.02848518834	396.0	0.96742754	0.698601929871
10317.000013764	659.815384615	5.90870725519	444.0	0.95160908	0.671870348751
10317.000016333	767.0	6.1265441595	491.0	0.96635058	0.68532802413
10317.000034126	669.333333333	6.02428943663	444.0	0.95692132	0.685013027379
10317.000006036	525.428571429	6.46552539841	439.0	0.97384638	0.736553723897
10317.000013902	776.734375	6.17162625541	505.0	0.95759254	0.687252820744
10317.000015295	586.487179487	4.83416437729	337.0	0.8896316	0.575728464454
10317.000006795	715.413793103	6.27914795703	524.0	0.96095462	0.695101730093
10317.000002141	476.625	5.04781927843	324.0	0.90912668	0.605264995976
10317.000006017	530.734693878	4.88158179417	335.0	0.88983414	0.581970879185
10317.000014451	503.163265306	5.35204617655	345.0	0.93484896	0.634846841702
10317.000013984	636.181818182	6.07545519244	402.0	0.97005042	0.702279377042
10317.000015587	448.042553191	4.88868281458	311.0	0.89496298	0.590365673715
10317.000003508	552.016129032	6.07786187757	425.0	0.95556202	0.696098934877
10317.000036114	428.772727273	5.19412400243	314.0	0.9325206	0.626203916933
10317.000010712	543.683544304	6.35884996283	444.0	0.97303268	0.72305540919
10317.000013986	578.0	5.90933240055	398.0	0.9579016	0.684217811956
10317.000014259	593.075	5.77763561296	440.0	0.94719014	0.657943166143
10317.000006899	678.185185185	6.53103115685	505.0	0.97680468	0.727275016205
10317.000003879	427.642857143	5.4545353915	332.0	0.94848562	0.651284741548
10317.000003287	636.166666667	6.79849949904	506.0	0.98023238	0.756818920387
10317.000013952	532.090909091	6.01484744511	393.0	0.9638518	0.697908841921
10317.000010169	296.5	3.92808919801	230.0	0.8462688	0.500681177658
10317.000001805	477.649350649	6.21181790265	404.0	0.96887038	0.71744816063
10317.000005009	508.982142857	5.85611573278	375.0	0.95830306	0.68486599823
10317.000033803	600.666666667	5.54571772731	349.0	0.94548302	0.656524575265
10317.000014237	677.229508197	5.97916405975	450.0	0.95314632	0.67838807545
10317.000017185	795.516129032	6.417864847	521.0	0.97187098	0.711109762095
10317.000035361	359.022727273	5.46472494082	289.0	0.94947204	0.66847395965
10317.000044399	482.0	5.44059611471	342.0	0.92871884	0.646316397809
10317.000005987	618.62295082	6.209879289	428.0	0.97189252	0.710393266789
10317.000003922	662.492537313	6.12848482331	463.0	0.96833262	0.692103434863
10317.000015542	400.115384615	4.89282724018	303.0	0.91219964	0.593561078535
10317.000017114	304.081081081	5.0237549585	225.0	0.94678202	0.642935198154
10317.000014222	515.0625	5.39375729101	303.0	0.9496177	0.65433015266
10317.000001882	634.015384615	6.39601355506	480.0	0.96311504	0.718097240154
10317.000012004	759.857142857	6.44301283639	534.0	0.96303368	0.711094697909
10317.000001732	570.28	6.33221768242	455.0	0.96598804	0.717147964031
10317.000001151	555.887096774	6.04413427703	410.0	0.96783114	0.696370543827
10317.000002262	542.467741935	6.37338657202	451.0	0.96600524	0.722853397981
10317.000027295	647.246575342	6.03836960679	473.0	0.96171978	0.679560650408
10317.000029188	712.666666667	5.81347817729	466.0	0.9493957	0.65583890979
10317.000014392	547.158730159	5.47268901193	386.0	0.94688308	0.63691782085
10317.000002512	489.25862069	5.35019546721	362.0	0.93165376	0.629446173294
10317.000012242	635.6875	6.14568057982	454.0	0.96382556	0.69627222789
10317.000031519	832.275862069	5.70432352448	377.0	0.95372076	0.666515904697
10317.000015329	651.158730159	6.25378372917	439.0	0.9693117	0.712432077878
10317.000014318	635.0	6.30108081708	440.0	0.97403274	0.717551839651
10317.000013609	487.068965517	4.68539477574	338.0	0.88406028	0.557726701267
10317.000014317	521.381578947	5.51661563112	397.0	0.93001102	0.63901525544
10317.000029154	559.898305085	5.81902210772	402.0	0.9481026	0.672637537659
10317.000009529	372.125	5.03283421024	283.0	0.92953312	0.617930680477
10317.000011955	564.018181818	5.5002226701	382.0	0.94483194	0.641243755019
10317.000003266	384.140625	5.36612775648	336.0	0.9287504	0.639409532094
10317.000016405	611.761904762	6.43128887045	432.0	0.9765727	0.734594118869
10317.000010984	610.131147541	6.08569342464	417.0	0.9693139	0.69919127358
10317.000010843	550.227272727	6.08949813375	429.0	0.964027	0.696353784064
10317.000008955	377.277777778	5.76205020129	308.0	0.9663163	0.697012094473
10317.000027648	503.0	4.60268221854	320.0	0.86616924	0.553078825731
10317.000014357	525.467741935	5.39698705419	373.0	0.92463938	0.631741420111
10317.000017093	484.8	5.01039670103	342.0	0.90516848	0.595210796599
10317.000014379	608.029850746	5.89869050668	439.0	0.9498218	0.671979799179
10317.000005915	401.642857143	4.50318634035	279.0	0.86369438	0.554298264083
10317.000001363	455.5	5.12364285755	358.0	0.86855794	0.603931413891
10317.000013604	467.260869565	2.52264524931	197.0	0.5405495	0.330966688375
10317.000014095	456.181818182	5.45052118018	362.0	0.93590868	0.641249412352
10317.000012275	582.508474576	5.79342200384	388.0	0.95927432	0.673660548677
10317.000011389	637.011764706	6.23258820995	470.0	0.9669328	0.702143447421
10317.000002205	385.8	3.89946151432	278.0	0.80393734	0.480291885283
10317.000011155	535.015151515	5.61380189	400.0	0.9340515	0.64945572517
10317.000006929	491.568965517	5.27208748768	347.0	0.9343498	0.6247443449
10317.000013648	479.893617021	4.98767010238	315.0	0.90288648	0.600981454053
10317.000012155	743.418604651	6.93410055009	554.0	0.98334728	0.760840105387
10317.000006654	506.403846154	6.27518838798	389.0	0.97140598	0.729365518254
10317.000002071	584.172413793	5.49824945153	414.0	0.93121032	0.63245616844
10317.000004159	430.166666667	5.07843210611	317.0	0.89415478	0.611245170387
10317.000002568	333.025	4.80608304173	250.0	0.90635698	0.603340847553
10317.000008957A	556.942857143	6.4269242541	439.0	0.97220004	0.732156275145
10317.000002749	817.967741935	6.33562681356	497.0	0.96694106	0.70732998063
10317.000017661	632.448275862	6.2040469993	424.0	0.9717966	0.710827628597
10317.000002201	246.527777778	3.68886476381	194.0	0.8184894	0.485382509038
10317.000001939	474.285714286	4.9307891347	331.0	0.87987742	0.589054266999
10317.000009447	425.964912281	5.15585132931	332.0	0.92389428	0.61562114084
10317.000029245	688.29787234	6.23948776456	515.0	0.9695424	0.692627762989
10317.000014958	473.238095238	5.91251901865	371.0	0.95824314	0.69271567205
10317.000015364	745.58490566	5.90283141863	445.0	0.95642608	0.670954594159
10317.000016484	552.125	5.41581647645	389.0	0.94082892	0.629480670044
10317.000010908	610.3	5.96145590891	429.0	0.9468187	0.681711742006
10317.000001524	554.014705882	5.38214369851	421.0	0.92679346	0.617382825115
10317.000014949	458.734693878	5.28653646957	343.0	0.93362364	0.62770076179
10317.000015933	569.147058824	6.21109429222	424.0	0.96955106	0.711635070984
10317.000014012	608.043478261	5.77755192087	426.0	0.95562118	0.661447509084
10317.000004774	569.381818182	5.53687626099	395.0	0.93183512	0.641903913258
10317.000008954B	564.338235294	5.72113385923	400.0	0.94149798	0.661872864798
10317.000016703	757.02	6.30062538372	456.0	0.97090922	0.713314144478
10317.000003365	405.384615385	5.02710733479	286.0	0.91543854	0.616076789364
10317.000017216	763.090909091	6.86463055821	508.0	0.98351564	0.763696891973
10317.000004163	562.6	5.36908746499	378.0	0.94046602	0.627065574528
10317.000013697	571.725806452	5.42103969331	401.0	0.91952568	0.626893987339
10317.000017161	531.722222222	4.69922692524	333.0	0.89772784	0.560808537266
10317.000001072	502.865384615	5.10787505604	349.0	0.91753554	0.604690982585
10317.000011956	640.721311475	5.46632859652	408.0	0.94243648	0.630311404362
10317.000007641	456.75	6.02134951374	388.0	0.96362194	0.700164016105
10317.000017079	346.357142857	4.5972482217	251.0	0.9182697	0.576707408119
10317.000009193	405.403846154	4.96060935792	314.0	0.89270152	0.598051376681
10317.000012984	602.1875	6.12523888506	453.0	0.9667904	0.694206499448
10317.000015581	537.717391304	5.16963272116	344.0	0.93296462	0.613514157418
10317.000014802	471.642857143	5.60523773795	378.0	0.95056036	0.65464599812
10317.000017353	825.016666667	6.58905257919	513.0	0.97614146	0.731888033662
10317.000001059	426.192307692	5.21877080588	331.0	0.93634784	0.623457853848
10317.000017088	587.451612903	5.64873466303	412.0	0.9493859	0.650288875865
10317.000004602	451.12244898	5.46364004799	315.0	0.94833252	0.658332703059
10317.000014399	528.018181818	5.50769118008	366.0	0.94699698	0.64676906005
10317.000005008	603.333333333	5.69878397296	402.0	0.94033434	0.658738865099
10317.000010104	610.164179104	6.39326204231	450.0	0.97116132	0.725371086893
10317.000010565	611.803278689	5.5460109576	390.0	0.9343414	0.644335787688
10317.000027194	491.076923077	4.94544292968	323.0	0.9173276	0.593306698215
10317.000015224	624.567164179	6.71787272177	460.0	0.9767573	0.75946868778
10317.000013933	498.441860465	5.80493116988	346.0	0.95871588	0.688226085752
10317.000018033	664.22	5.41033445842	387.0	0.93369354	0.629387509106
10317.000006084	406.441860465	5.43220800797	289.0	0.95445936	0.664496317025
10317.000002059	644.086956522	6.26553754342	448.0	0.97095696	0.711398325475
10317.000003047	407.304347826	5.17914803147	337.0	0.92533146	0.616814553792
10317.000008982	408.0	5.55203011801	313.0	0.9509112	0.669724667763
10317.000010765	498.35	5.24565394557	365.0	0.89518356	0.616283644386
10317.000012072	563.418181818	5.1489062032	352.0	0.91621094	0.608658646977
10317.000017183	503.884057971	5.91395751612	417.0	0.94696862	0.679460366974
10317.000012228	608.684210526	6.18594425521	410.0	0.97044754	0.712709077536
10317.000011224	655.6	5.36518047039	419.0	0.89666456	0.615922361635
10317.000026111	383.622222222	4.44564085597	278.0	0.88549414	0.54756412396
10317.000006637	676.666666667	6.40440257714	500.0	0.97019484	0.714315934201
10317.000012113	401.976744186	4.32272626047	275.0	0.8676291	0.53345337876
10317.000013079	515.489795918	5.50737156536	347.0	0.94849302	0.652625596362
10317.000004162	451.125	5.86886755732	354.0	0.96477668	0.693096474867
10317.000012906	587.4	5.30424749924	407.0	0.94111912	0.611871943032
10317.000012976	664.519230769	6.10640533126	426.0	0.96748378	0.699096546624
10317.000009533	264.2	3.86914837116	197.0	0.81845064	0.507625566293
10317.000014309	490.272727273	5.70718831496	369.0	0.9409409	0.669270443169
10317.000002371	495.25	5.83580664737	409.0	0.94822382	0.672641257352
10317.000002329	612.625	5.9778422404	477.0	0.93272384	0.671830306557
10317.000010761	622.754098361	6.07195246206	442.0	0.95105532	0.69094444562
10317.000009129	503.985074627	6.01005366703	392.0	0.95888012	0.697650156045
10317.000014323	592.051724138	5.73509793469	417.0	0.9444236	0.658911014616
10317.000006894	689.921875	5.86060333781	441.0	0.9513702	0.667142509717
10317.000014241	349.20754717	4.88679949323	285.0	0.91353354	0.599253033958
10317.000001685	403.344827586	5.01223116519	318.0	0.92200916	0.602947400096
10317.000011302	640.590909091	5.25237842023	390.0	0.91027848	0.610221547074
10317.000012231	394.56097561	5.27349153359	281.0	0.94530086	0.648292986621
10317.000001579	549.205479452	5.76370892638	414.0	0.95318396	0.66299161137
10317.000017662	698.967741935	6.17957095621	459.0	0.96585728	0.698860678011
10317.000003432	362.294117647	4.75391237682	267.0	0.87069698	0.58976450881
10317.000011116	670.696202532	6.50311124684	491.0	0.97602784	0.727451604929
10317.000006841	578.428571429	6.23459539814	431.0	0.96409424	0.712399475572
10317.000013563	570.0	5.35647627142	435.0	0.87154376	0.611130033791
10317.000017217	779.692307692	6.78922789902	515.0	0.98118662	0.753652849332
10317.000006728	339.340909091	4.41582283404	262.0	0.87127404	0.549681354161
10317.000013286	533.0	5.42642220979	379.0	0.93450554	0.633479801273
10317.000022964	672.101694915	5.53354811232	417.0	0.9453214	0.635754758267
10317.000002466	522.098591549	5.55454848745	404.0	0.92322918	0.641535321528
10317.000017644	600.428571429	5.8230871227	414.0	0.95529172	0.669821804665
10317.000017173	504.095238095	5.63659820465	385.0	0.94413602	0.656279599895
10317.000013332	727.164948454	6.96236425988	572.0	0.97770514	0.760094110921
10317.000002173	327.5	4.78258501144	260.0	0.91042744	0.596156287384
10317.000011329	486.25	5.79825929529	377.0	0.9561243	0.677491734696
10317.000007039	453.643835616	6.17490249817	400.0	0.96314462	0.714368953231
10317.000002886	550.329113924	5.90169139175	420.0	0.96063984	0.677246398416
10317.000009126	466.404255319	5.23095583883	348.0	0.91251992	0.619565420686
10317.000022636	457.1875	5.0101456002	323.0	0.91150878	0.601069102586
10317.000014233	621.661290323	6.5444377727	439.0	0.97800244	0.745543434641
10317.000023088	668.678571429	5.91953639146	430.0	0.96034838	0.676658195954
10317.000004974	607.211267606	6.25756541566	454.0	0.96584502	0.708948172059
10317.000002414	235.315789474	3.78048427418	160.0	0.84689116	0.516323600176
10317.000006027	559.6	5.76327288245	400.0	0.95377422	0.666747890747
10317.000017098	614.388888889	6.28846530086	455.0	0.97241522	0.712192838839
10317.000014559	477.981132075	5.29101487889	341.0	0.93717862	0.628862474491
10317.000016313	536.826086957	5.71347370575	346.0	0.95001604	0.67738299206
10317.000022899	560.493670886	6.02313574789	446.0	0.95700638	0.684377258733
10317.000003837	633.058823529	5.54297837749	396.0	0.94376538	0.642339704051
10317.000010285	479.84375	4.8486594896	275.0	0.93508148	0.598357062496
10317.000005848	499.960784314	4.67244462178	333.0	0.8653447	0.557612321236
10317.000005907	502.05	5.72273750188	377.0	0.94665338	0.668667467235
10317.000014132	831.203125	6.16245806461	514.0	0.94976982	0.684289915813
10317.000003382	675.710144928	6.21022717708	482.0	0.96193882	0.696769245394
10317.000003221	335.184210526	4.41960999195	239.0	0.86021868	0.559382925869
10317.000014607	424.756756757	3.92061188967	280.0	0.78679518	0.482282617237
10317.000017125	773.157894737	6.87894725504	594.0	0.97601702	0.74654970865
10317.000013826	597.514705882	5.17491442568	422.0	0.89619278	0.593378691574
10317.000004872	365.886792453	5.41654604102	292.0	0.94359832	0.661375100538
10317.000014293	584.903846154	5.60492508671	370.0	0.95569724	0.656977432394
10317.000016721	639.849056604	6.66131942884	429.0	0.981686	0.761743396459
10317.000016763	635.84375	6.24387488106	427.0	0.96877442	0.714558131861
10317.000012173	459.5	5.27436718697	287.0	0.94685296	0.645980074768
10317.000012951	537.048387097	5.82677135483	408.0	0.94544044	0.671873337051
10317.000004705	628.016129032	5.40555099978	438.0	0.88220222	0.616032157027
10317.000007651	363.0	4.14928210479	262.0	0.86825344	0.516502380617
10317.000001827	539.0	5.29907380683	385.0	0.90539658	0.616981007249
10317.000014666	631.0	6.49062191116	486.0	0.97017038	0.72725582846
10317.000017146	417.865384615	4.98512420387	332.0	0.89646582	0.595235908408
10317.000004161	494.666666667	5.92260808975	369.0	0.96107708	0.694532284935
10317.000023299	420.75	5.09623502969	328.0	0.92748122	0.609776047684
10317.000013733	477.373333333	5.65090716566	393.0	0.94091406	0.655680482636
10317.000012034	311.238095238	4.83574638166	236.0	0.93067128	0.613467634064
10317.000014391	691.763157895	6.4783509154	496.0	0.9726057	0.723498870344
10317.000014646	622.655737705	5.52963774609	427.0	0.93215376	0.632819794275
10317.000001793	552.163934426	5.91807991796	421.0	0.95318018	0.678859782213
10317.000013214	404.375	4.74391980472	305.0	0.89738466	0.574834863178
10317.000023154	554.767857143	5.53630667129	376.0	0.94565978	0.647173904822
10317.000009222	433.786885246	5.80474302562	351.0	0.96178066	0.686519028109
10317.000027198	358.0	4.55048022426	273.0	0.8880703	0.562290470975
10317.000007734	571.064516129	5.96756832092	423.0	0.96125684	0.684000096898
10317.000006818	307.555555556	3.73194570554	202.0	0.79086692	0.487312959945
10317.000026639	746.0	6.09553409316	516.0	0.9504443	0.676437728224
10317.000005041	324.529411765	4.79985441488	261.0	0.92695362	0.597896190729
10317.000013312	457.188405797	5.5095276565	375.0	0.9332146	0.644332921414
10317.000001285	681.161764706	6.05643213422	487.0	0.94584112	0.678380685535
10317.000017215	717.924050633	6.78232073075	514.0	0.98233186	0.753120529698
10317.000016698	737.474576271	6.59489255445	494.0	0.9762105	0.736993954737
10317.000014979	634.151515152	6.09080687953	439.0	0.96823778	0.693865728183
10317.000014538	474.241935484	4.29549779646	339.0	0.82694554	0.511055978689
10317.000004278	354.133333333	4.29001937474	257.0	0.84564284	0.535875664462
10317.000009556	453.813953488	5.67962728083	341.0	0.95187628	0.675050920809
10317.000022663	596.458333333	5.86577620196	422.0	0.951929	0.67259597386
10317.000001141	413.157894737	5.4146127007	352.0	0.93722116	0.640068144622
10317.000002359	438.56097561	5.54197672597	325.0	0.95089386	0.664163494096
10317.000014236	453.090909091	5.61044211607	329.0	0.94726174	0.670949514597
10317.000001799	482.357142857	5.05526198578	329.0	0.89454504	0.604555845216
10317.000023213	544.58490566	5.61033729465	361.0	0.94820946	0.660361703077
10317.000013652	583.916666667	5.81705351814	416.0	0.9530656	0.668593048925
10317.000010205	539.063829787	5.37601810161	335.0	0.9357532	0.640916430991
10317.000005989	577.517241379	5.90168755207	400.0	0.96436644	0.682760960213
10317.000011072	370.03030303	3.91650660752	217.0	0.8839021	0.504603588925
10317.000013178	284.441860465	3.61785147026	225.0	0.70492952	0.463009058191
10317.000003423	354.222222222	4.34961390124	273.0	0.82768602	0.537469965489
10317.000013306	595.131147541	5.61193558622	402.0	0.94079996	0.648699809752
10317.000002489	451.078431373	5.68882510985	327.0	0.96534226	0.681039760068
10317.000004759	372.636363636	3.97004181838	269.0	0.84587452	0.491861528934
10317.000002687	443.947368421	4.87966981678	350.0	0.8770882	0.577392962051
10317.000004158	523.693548387	5.23855971376	369.0	0.92413612	0.614315313901
10317.000004157	496.468085106	5.33491082493	342.0	0.92805774	0.633761498612
10317.000001321	534.368421053	5.88753852615	394.0	0.9578794	0.682846571725
10317.000003022	516.471698113	6.01954681847	384.0	0.96617144	0.70117333861
10317.000003757	471.051724138	5.69306094094	360.0	0.95572954	0.67041444033
10317.000002087	493.166666667	5.5396798417	382.0	0.93114712	0.645843871487
10317.000009214	495.0	4.85662520557	368.0	0.87854724	0.56978822124
10317.000013829	504.973684211	5.47490257867	403.0	0.92638058	0.632597669113
10317.000016757	566.381818182	5.69443217403	392.0	0.94591874	0.661012648954
10317.000014593	524.333333333	6.07455258183	411.0	0.9592451	0.699591888869
10317.000006047	432.898305085	5.42482325664	349.0	0.9357858	0.642212597102
10317.000010098	604.078125	5.50709303326	420.0	0.92377836	0.631964410699
10317.000009117	511.49122807	5.97150333065	382.0	0.962761	0.696188036109
10317.000026135	578.135135135	6.10190673433	439.0	0.96591782	0.695130225479
10317.000009624	553.365384615	5.8401388122	382.0	0.95998494	0.680872896679
10317.000009075	558.265822785	5.78412550574	413.0	0.96076634	0.665607233139
10317.000001765	640.067567568	6.25907358636	455.0	0.973409	0.708864114327
10317.000016353	680.936708861	5.8213813209	486.0	0.94465124	0.652269313059
10317.000008949A	567.622641509	5.97959592056	402.0	0.95947534	0.69119872751
10317.000005571	308.037037037	3.34318887231	191.0	0.71291382	0.441203599292
10317.000006626	505.797101449	5.61177402159	388.0	0.95109394	0.652538476211
10317.000014608	559.212765957	5.10921417631	361.0	0.89786362	0.601377278701
10317.000015264	571.380952381	5.4102677934	394.0	0.93220452	0.627491913374
10317.000007732	441.705882353	5.25543790806	322.0	0.93714124	0.630835475249
10317.000027644	578.082191781	5.71373178833	439.0	0.92557188	0.65090927136
10317.000007697	593.329113924	6.30428075516	463.0	0.9686301	0.711956460819
10317.000004881	394.621621622	5.12232354073	279.0	0.92781592	0.630508007466
10317.000004642	323.682926829	3.17515361162	226.0	0.75174272	0.406020581739
10317.000001353	462.23880597	5.68278954829	376.0	0.9516337	0.664297214842
10317.000028759	397.019607843	5.28430728476	298.0	0.94279048	0.642924800921
10317.000004631	510.447368421	6.29808054046	433.0	0.96716766	0.719104821383
10317.000009433	323.234042553	4.95755550808	256.0	0.9261511	0.61969443851
10317.000009061	598.9125	6.44238779068	472.0	0.96840048	0.725278248251
10317.000013995	782.089552239	6.39413051736	491.0	0.97440596	0.715260792937
10317.000015155	556.4	5.54088502837	359.0	0.9527395	0.652802716155
10317.000022965	673.070588235	6.14602729951	496.0	0.96072124	0.686385141275
10317.000016701	677.35	6.54420737761	502.0	0.974505	0.729440518039
10317.000022638	439.392857143	4.49120648379	301.0	0.87138638	0.545471695331
10317.000013972	496.096774194	5.8162693895	379.0	0.95714748	0.678990508767
10317.000017163	639.815384615	5.48809630758	424.0	0.94169438	0.628797699997
10317.000001026	670.1	6.49825590996	466.0	0.97150772	0.73309109307
10317.000010919	506.529411765	5.14444727921	387.0	0.89104824	0.598456691296
10317.000014311	582.078431373	5.45064316647	383.0	0.94189196	0.635184216292
10317.000005039	465.609756098	5.12886007027	314.0	0.92509336	0.618335693161
10317.000004249	517.220588235	5.60744397358	370.0	0.95012264	0.657272681984
10317.000017176	417.918367347	5.14948128141	300.0	0.9272837	0.625786212468
10317.000002258	469.016949153	5.10934544923	348.0	0.91429756	0.605161630152
10317.000013118	606.886792453	6.28002264001	418.0	0.9700637	0.721231609349
10317.000013431	791.690140845	6.64951557997	517.0	0.97850372	0.737685875228
10317.000014197	780.024096386	6.53654133528	533.0	0.9744348	0.721632513624
10317.000015541	445.8125	4.64416334816	302.0	0.89183922	0.563721193011
10317.000022661	676.880597015	6.0181532196	470.0	0.9562209	0.677985887463
10317.000014258	649.088235294	6.36976914543	469.0	0.9722913	0.717846313637
10317.000014324	470.375	5.29749784734	345.0	0.93749476	0.628376450122
10317.000002369	563.508474576	4.00608385406	369.0	0.75854462	0.469785359868
10317.000002372	451.059701493	5.1762979347	368.0	0.88420742	0.607292815067
10317.000013056	676.381578947	5.89673627242	450.0	0.95713082	0.669035927316
10317.000013852	648.0	5.93841272232	441.0	0.96196728	0.675999950678
10317.000012017	654.795180723	5.92162505763	465.0	0.95310004	0.668272991841
10317.000021237	300.571428571	2.29817573708	208.0	0.46714414	0.298447338231
10317.000016489	461.171428571	4.25665103986	293.0	0.81631548	0.519435916828
10317.000012355	582.042857143	6.11685998761	437.0	0.96532926	0.697357046244
10317.000018409	614.0	5.61905960671	402.0	0.9373692	0.649523295814
10317.000004077	392.4	4.59227344508	201.0	0.92440504	0.600214667269
10317.000004294	505.2625	6.01182664199	413.0	0.95994526	0.691809901655
10317.000022993	714.264705882	6.3767694243	498.0	0.97096372	0.711692862641
10317.000008963	280.133333333	3.96779903463	228.0	0.81461336	0.506556204345
10317.000013372	459.666666667	4.81481565519	309.0	0.91606842	0.582099640529
10317.000016407	714.12244898	5.97500008923	414.0	0.9612093	0.687296146925
10317.000006657	497.654545455	5.62380962936	359.0	0.95191896	0.662572528105
10317.000005805	576.014705882	5.91463597296	437.0	0.95199708	0.674302351217
10317.000012988	399.0	3.88810721645	213.0	0.8233875	0.502683023327
10317.000011093	718.888888889	6.68384439131	520.0	0.97792808	0.740808236798
10317.000004979	584.454545455	5.61416969062	405.0	0.92572732	0.648154412091
10317.000014188	537.018518519	5.65088075299	372.0	0.93816984	0.661760821879
10317.000011223	794.209302326	6.76072380394	572.0	0.97599326	0.738080651504
10317.000013608	436.936170213	5.10164302894	314.0	0.91739356	0.615054404944
10317.000009594	548.381818182	4.95151749874	374.0	0.89751228	0.579335280432
10317.000022994	735.154639175	6.63811759899	552.0	0.97920834	0.728780784471
10317.000002494	379.488372093	4.47589341906	280.0	0.83186154	0.550588952276
10317.000005887	496.682926829	5.09078523394	334.0	0.9179682	0.607223854318
10317.000028817	662.519230769	5.95107191163	433.0	0.95427828	0.67948392793
10317.000027879	611.283783784	5.89160506265	450.0	0.9440841	0.668453747016
10317.000002325	593.975	4.55312275438	408.0	0.85869124	0.525011467362
10317.000026127	591.096774194	5.67071540923	406.0	0.95238134	0.654413800391
10317.000031851	702.018181818	5.70096612206	450.0	0.93536346	0.646824104022
10317.000036428	481.75	5.51206482513	349.0	0.94477452	0.652540608104
10317.000026648	362.916666667	4.60322142819	259.0	0.85775812	0.574196271508
10317.000027761	837.225806452	6.69190772187	529.0	0.97598838	0.739672385044
10317.000030744	446.857142857	5.39729415893	320.0	0.93859834	0.648562940871
10317.000021239	433.052631579	5.04137772765	281.0	0.93724662	0.619758238527
10317.000036165	611.766666667	6.09808754157	428.0	0.96695244	0.697604595551
10317.000027762	417.636363636	4.63913853151	249.0	0.88418656	0.58280620672
10317.000023342	566.944444444	5.34460212506	360.0	0.9355114	0.629379955639
10317.000029227	562.018518519	5.58901025921	366.0	0.9525051	0.656318372577
10317.000030751	382.327868852	4.56234181683	306.0	0.86873756	0.552516353082
10317.000026658	844.326086957	6.26426720371	454.0	0.97141416	0.709707448243
10317.000036106	311.466666667	3.94874002538	234.0	0.85188562	0.501722622276
10317.000030756	452.468085106	4.30782186966	313.0	0.84524768	0.519639574915
10317.000038402	530.014492754	5.61188995536	389.0	0.95501796	0.652270302118
10317.000033785	761.602409639	6.46504322965	529.0	0.97203076	0.714596516247
10317.000028955	955.708333333	6.52497866348	564.0	0.97321548	0.713927676742
10317.000035491	611.970588235	6.1017859632	452.0	0.9573949	0.691798430531
10317.000036399	369.441860465	4.12720697676	252.0	0.87644868	0.517370208435
10317.000002326	533.568181818	5.12152374496	328.0	0.91340914	0.612801899663
10317.000036934	405.666666667	4.51079615407	226.0	0.89989676	0.576814952158
10317.000036101	534.064516129	5.70475554158	386.0	0.95113244	0.663925989602
10317.000043083	666.762711864	4.91880669923	429.0	0.87370332	0.562481436541
10317.000036085	547.8125	4.85218689197	348.0	0.89420198	0.574703229313
10317.000036124	359.066666667	3.45912576884	264.0	0.67742506	0.43000451215
10317.000033728	493.0	5.04158024076	372.0	0.89611006	0.590407129354
10317.000036081	461.161290323	5.54049922082	346.0	0.94079246	0.656875332414
10317.000037612	434.756756757	4.56884165812	290.0	0.8716569	0.558544307502
10317.000028718	482.073170732	5.00354503619	290.0	0.93089672	0.611687120373
10317.000030771	420.5	3.62038878283	193.0	0.81046184	0.476840206676
10317.000034241	601.625	5.8660944251	396.0	0.95904222	0.679783520761
10317.000009144	283.090909091	4.41132393838	212.0	0.8906163	0.570829366622
10317.000004765	450.033898305	5.9048605531	361.0	0.96398968	0.695028403193
10317.000006675	644.04	6.66298211573	489.0	0.97794074	0.745826374908
10317.000031829	461.5	3.8698458993	255.0	0.77003206	0.484072405588
10317.000033666	480.882352941	5.01065660539	324.0	0.92549738	0.600808959832
10317.000031926	1045.0	5.66564842754	460.0	0.96465342	0.640512667462
10317.000027821	460.11627907	5.14658964693	305.0	0.92739386	0.623627564823
10317.000013063	459.0	4.88984251244	314.0	0.90464474	0.589519721332
10317.000014234	361.065217391	4.78705449263	264.0	0.9082353	0.595079557466
10317.000022526	476.960784314	5.06808719653	325.0	0.93071724	0.607371460991
10317.000033713	559.307692308	3.76999858313	266.0	0.74249366	0.468015691978
10317.000014018	565.018181818	5.79767957151	383.0	0.9583223	0.675625690853
10317.000010207	558.022222222	5.54730933725	360.0	0.94994014	0.653250742132
10317.000006777	365.435483871	5.33817995439	317.0	0.9388005	0.642508681342
10317.000014678	376.181818182	2.24073720652	217.0	0.577093	0.288697083793
10317.000002711	258.083333333	3.40657621608	191.0	0.73427428	0.449568883244
10317.000013755	450.4	4.81814679828	295.0	0.91069856	0.587251510599
10317.000016381	433.6	3.97643789885	256.0	0.82615478	0.497054737356
10317.000001221	437.016129032	5.53036800232	365.0	0.93376788	0.649733166279
10317.000009497	410.170731707	4.41145411976	277.0	0.88991598	0.543701541098
10317.000002161	532.229508197	5.4290426122	375.0	0.95027894	0.634920288072
10317.000023343	303.538461538	4.14579836126	191.0	0.8947375	0.54712468508
10317.000036151	612.25	6.02345005189	418.0	0.96320678	0.691765432035
10317.000038424	571.791044776	5.7088600674	405.0	0.94065428	0.65908639115
10317.000036191	549.85	5.58167660546	390.0	0.94707136	0.648479424165
10317.000005799	184.769230769	1.85668086636	112.0	0.42798944	0.272746299791
10317.000016723	493.813953488	5.59287736702	336.0	0.95030868	0.666428244461
10317.000004927	256.0625	3.50009143216	210.0	0.80218574	0.453717920197
10317.000016717	550.22	6.04461168751	372.0	0.96797756	0.707869688481
10317.000002382	625.544117647	6.28189402316	459.0	0.9682636	0.710432608886
10317.000001575	454.5	5.35929212271	372.0	0.92314126	0.627613590666
10317.000012154	428.956521739	4.97144341386	301.0	0.92679148	0.603798038898
10317.000006034	609.47761194	5.68134387568	422.0	0.9514629	0.65144814349
10317.000001782	674.779411765	5.79409516682	483.0	0.94468756	0.649862444368
10317.000014556	408.15625	3.63772908677	244.0	0.78989388	0.458687374443
10317.000010979	492.411764706	4.87613731068	338.0	0.90346522	0.5804317688
10317.000005228	216.333333333	0.908499379819	91.0	0.20431966	0.139601728396
10317.000002067	378.365853659	4.54370802505	285.0	0.87028618	0.557180793524
10317.000012156	674.638888889	5.99748726482	468.0	0.96201296	0.676126343664
10317.000008991	420.428571429	5.21132611429	309.0	0.93718626	0.63003680204
10317.000001405	373.428571429	4.99395934045	259.0	0.93504764	0.622936106395
10317.000010776	482.842105263	6.41576599343	396.0	0.9726362	0.7434813829
10317.000013965	484.47826087	5.20270791341	316.0	0.93355104	0.62654687921
10317.000003281	207.738095238	4.54631424639	182.0	0.91780284	0.605545897866
10317.000002272	551.018518519	4.70493457199	355.0	0.8921331	0.555372397185
10317.000002126	417.0	4.90095557024	327.0	0.90308154	0.586719672553
10317.000012202	417.078431373	4.84683854628	293.0	0.926478	0.591456053228
10317.000001794	429.071428571	4.97345674403	325.0	0.90186056	0.59603072553
10317.000002276	538.35	5.19609720469	405.0	0.87073506	0.599888053704
10317.000009198	428.2	5.14748291424	337.0	0.90380384	0.613043372695
10317.000014594	381.2	3.74021423476	221.0	0.74739564	0.480259505847
10317.000016737	661.011764706	6.08574404577	488.0	0.95842706	0.681438028658
10317.000015605	513.840909091	5.48993228546	332.0	0.95066544	0.655511216451
10317.000009219	488.254237288	4.78832023601	359.0	0.86227364	0.564138840616
10317.000007005	263.083333333	3.50834578702	196.0	0.76787638	0.460732694855
10317.000006703	332.0	2.95022011261	212.0	0.67541786	0.381761190472
10317.000017746	319.024390244	4.90434065731	234.0	0.93105556	0.623140201509
10317.000026105	339.8	4.21754944206	197.0	0.89079182	0.553335183486
10317.000001301	277.65	3.31952186473	219.0	0.69275338	0.42695984331
10317.000009097	310.451612903	4.0184991944	228.0	0.79897758	0.513028931484
10317.000016414	395.285714286	4.4998533429	251.0	0.9023778	0.564489588804
10317.000003732	364.162162162	5.20109418337	283.0	0.9346	0.638589616445
10317.000013814	333.609756098	4.11195283603	227.0	0.87699222	0.525385211976
10317.000018426	306.216216216	5.01486212592	250.0	0.92897796	0.6295503301
10317.000002132	541.609756098	5.00733093279	428.0	0.85970398	0.572825012161
10317.000003225	246.522727273	4.0450330523	214.0	0.85695116	0.522515055532
10317.000009392	255.785714286	2.7390539534	172.0	0.65329804	0.368833329254
10317.000009149	402.245283019	5.30530122408	318.0	0.93734572	0.638202324346
10317.000013912	286.444444444	4.03083944945	197.0	0.83690156	0.528839155772
10317.000007677	333.4	4.87152118761	262.0	0.92649734	0.606406657122
10317.000017208	392.208333333	5.30687741442	305.0	0.9455154	0.643050110035
10317.000013117	536.212765957	3.85470594636	338.0	0.70684628	0.458845526304
10317.000005026	261.047619048	3.788219985	171.0	0.84856668	0.510689579955
10317.000009033	327.75	5.61824866906	273.0	0.95238764	0.694231715005
10317.000013524	750.560606061	6.27357681844	501.0	0.9637726	0.699499375225
10317.000002274	223.941176471	3.85390680834	177.0	0.8358142	0.51608333923
10317.000008999	362.941176471	3.11243906895	226.0	0.66717956	0.398001002778
10317.000016761	452.887096774	5.1252596958	349.0	0.91727002	0.606749046807
10317.000004025	165.3	2.95959155637	118.0	0.76566678	0.430007997676
10317.000001128	354.857142857	5.45285041148	299.0	0.9404806	0.663041014278
10317.000003559	416.891891892	5.61813000194	350.0	0.95653454	0.664772176153
10317.000017117	187.454545455	3.03388403135	134.0	0.72140736	0.429358298427
10317.000014561	654.4375	6.02493017952	409.0	0.95424028	0.694439836048
10317.000002056	473.056603774	6.06649165217	362.0	0.96427886	0.713717840625
10317.000002243	408.236842105	4.86051575474	270.0	0.9033163	0.601786149051
10317.000003189	477.52	4.82333792889	325.0	0.89650988	0.578040134496
10317.000016315	352.135135135	3.24043693908	239.0	0.6719661	0.410136889766
10317.000011315	446.794520548	5.60504781791	357.0	0.9491836	0.660989747776
10317.000013913	333.206896552	3.41589742909	213.0	0.75538034	0.441632277979
10317.000013498	383.486486486	4.08056192196	247.0	0.86856658	0.513383667748
10317.000002589	470.538461538	5.65774010515	379.0	0.96027766	0.660483821365
10317.000004086	543.723684211	6.54232860522	445.0	0.97426522	0.743644045181
10317.000013551	362.212765957	3.22921251591	259.0	0.68472868	0.40280525616
10317.000006766	402.701754386	5.64024501909	334.0	0.94914828	0.672762876925
10317.000011962	420.441860465	3.3704985286	268.0	0.72272112	0.417860309874
10317.000002199	248.0	4.07338329623	183.0	0.87895514	0.54198323295
10317.000010556	427.153846154	3.98182190451	279.0	0.77559144	0.490123393248
10317.000028914	442.117647059	4.701673392	269.0	0.91635746	0.582505769191
10317.000038479	300.03030303	4.67144501346	231.0	0.91142792	0.594955975901
10317.000042999	481.052631579	6.07167245123	362.0	0.97059356	0.714327357447
10317.000041554	733.2	6.26410593326	450.0	0.9716891	0.710717204949
10317.000037489	518.875	5.94475140867	376.0	0.96665578	0.694919593652
10317.000031493	377.038461538	5.22953614911	310.0	0.92408856	0.631882254668
10317.000039813	407.428571429	4.74105163553	266.0	0.88859638	0.588564295975
10317.000009455	411.045454545	5.06245698546	229.0	0.93717384	0.645787138886
10317.000023819	414.976744186	4.66738061336	288.0	0.861616	0.571288061094
10317.000008950B	344.527777778	3.72955213229	243.0	0.78807642	0.470617081552
10317.000001067	189.25	2.03426687567	103.0	0.63745476	0.304234908439
10317.000009526	334.139534884	5.39462495129	255.0	0.9520471	0.674804409625
10317.000010876	273.034482759	5.0713609202	212.0	0.94038174	0.656238757894
10317.000001622	291.0	4.34675708271	218.0	0.8924967	0.559558952386
10317.000002271	339.243243243	3.46082938057	216.0	0.77995164	0.446277187078
10317.000002465	459.444444444	6.08103971398	375.0	0.967627	0.711170599084
10317.000001747	293.090909091	4.33547022777	222.0	0.8711312	0.556227727915
10317.000002038	319.371428571	3.79796717399	210.0	0.83997924	0.49233164349
10317.000023378	354.394736842	4.5993668772	267.0	0.86561896	0.570591784652
10317.000010178	299.448979592	4.77441502371	257.0	0.89725164	0.596382580069
10317.000011259	342.136363636	3.76435727549	247.0	0.74962734	0.473601327896
10317.000005025	292.1875	4.29302426592	221.0	0.87615194	0.551242678396
10317.000001225	147.526315789	2.3794437124	118.0	0.63185608	0.345716564891
10317.000015394	356.6875	3.5187595245	169.0	0.83466054	0.475451539887
10317.000042586	630.3125	6.33851094188	451.0	0.97117734	0.718897892151
10317.000001208	254.666666667	4.13336141462	180.0	0.89710942	0.551714156895
