	chao1	shannon	observed_otus	simpson	equitability
10317.000002503	516.725806452	5.45186479223	373.0	0.93061258	0.638165104255
10317.000013618	689.967213115	6.61050824109	460.0	0.97983052	0.747330922653
10317.000031796	1064.25	6.44448468891	597.0	0.96574598	0.698847671682
10317.000026504	695.086956522	6.1057045425	459.0	0.96372898	0.690506969909
10317.000007104	718.678571429	5.85059606149	431.0	0.95821524	0.668521579962
10317.000007077	610.56	5.8359938479	393.0	0.96032132	0.677156277863
10317.000016408	793.533333333	6.37353616807	512.0	0.97087732	0.708170685341
10317.000005802	500.75	4.50163862689	282.0	0.8888245	0.553057340877
10317.000006952	422.023255814	5.84776735302	333.0	0.96573688	0.697876035292
10317.000013023	563.084745763	5.98509947519	391.0	0.96823856	0.695050776891
10317.000002645	494.076923077	4.80654577459	326.0	0.89186438	0.575721916656
10317.000002027	606.62295082	5.80957998065	416.0	0.95790216	0.667734065042
10317.000027353	968.120481928	6.52175348617	608.0	0.95866224	0.705212435618
10317.000023798	801.352941176	6.07598537815	464.0	0.95179542	0.685933440306
10317.000041962	729.159574468	6.55597076112	530.0	0.97508584	0.724428781907
10317.000040352	681.538461538	4.32244864198	343.0	0.78796686	0.513229090726
10317.000028811	504.015625	4.99990403008	373.0	0.91184058	0.585261080057
10317.000027772	908.344827586	6.97479711385	603.0	0.9807396	0.755173927728
10317.000027617	738.37254902	5.53909619851	426.0	0.93789208	0.634147720914
10317.000039952	155.55	4.43286194999	138.0	0.8993046	0.623598044424
10317.000026028	669.887096774	6.11315587288	449.0	0.96778678	0.693843274457
10317.000001441	544.56	5.05554925776	369.0	0.89444758	0.592854047471
10317.000016347	734.872340426	6.15231464099	447.0	0.95387972	0.698798623759
10317.000001595	552.046153846	6.27622936353	417.0	0.9705706	0.721082134076
10317.000002146	587.904109589	5.90331615581	418.0	0.96006322	0.677968608652
10317.000012158	791.260869565	6.58320336508	555.0	0.97257056	0.722131963546
10317.000014313	485.428571429	4.13048211918	264.0	0.85567672	0.513460934148
10317.000007749	443.459459459	5.55579083251	315.0	0.94215652	0.669436266714
10317.000017335	699.387096774	5.9622268723	451.0	0.96642802	0.676220703935
10317.000002578	551.125	5.9694648261	371.0	0.96594074	0.699387490467
10317.000007719	445.05	5.06850081711	330.0	0.92889874	0.605821851862
10317.000006716	573.084507042	5.95554653505	438.0	0.9551738	0.67871123192
10317.000006802	507.791044776	5.73844998651	403.0	0.93952322	0.663049256791
10317.000002898	491.396226415	5.76413522514	372.0	0.95689912	0.67502377607
10317.000001647	546.942307692	5.76629008505	373.0	0.95253454	0.674969987982
10317.000002878	410.222222222	5.62924884396	340.0	0.92933108	0.669400303389
10317.000017667	667.93220339	5.98408253647	433.0	0.96354508	0.683253028583
10317.000009213	485.107142857	5.68195580395	366.0	0.9505131	0.667232982826
10317.000031434	618.306122449	5.24282783728	381.0	0.92113184	0.61150496663
10317.000027217	660.477272727	4.7164071033	375.0	0.83441122	0.551578385103
10317.000001546	541.625	6.34744430007	401.0	0.97580546	0.734024263205
10317.000009074	526.514285714	5.9997017679	403.0	0.96817224	0.693235596289
10317.000027277	835.797101449	5.54422787587	493.0	0.9258272	0.619782313464
10317.000001333	203.41025641	4.32697603252	172.0	0.908713	0.582658466327
10317.000023984	693.585714286	5.81794042415	466.0	0.94782398	0.656342311545
10317.000028933	645.455696203	6.18390122182	470.0	0.96501122	0.696658527105
10317.000015568	655.75	6.08606406428	442.0	0.96649182	0.692550244287
10317.000006944	547.815789474	3.00878265446	432.0	0.56413816	0.343668911075
10317.000002028	614.471698113	5.52655997321	412.0	0.9108822	0.63622398409
10317.000003896	533.444444444	5.89399806188	392.0	0.9554851	0.684178361028
10317.000011025	657.739130435	6.29618062232	452.0	0.97227572	0.713838194117
10317.000017293	811.108108108	5.95113840483	506.0	0.9545608	0.66248944245
10317.000031284	371.235294118	3.63800251653	190.0	0.80170016	0.48059074106
10317.000020034	729.5	5.91749664776	467.0	0.95608032	0.66734077291
10317.000031847	614.147540984	5.47310819727	403.0	0.93557622	0.632390337298
10317.000013935	599.011904762	6.16125914884	473.0	0.9643364	0.693390691058
10317.000014019	625.0	6.28723892245	485.0	0.968452	0.704701974267
10317.000023052	492.042553191	5.388525035	335.0	0.94000538	0.642407478632
10317.000015385	688.126760563	6.40439215281	481.0	0.97274964	0.718795623314
10317.000017354	857.136986301	6.69892691386	542.0	0.97572354	0.73759270888
10317.000023475	641.035294118	6.52198533325	476.0	0.9767387	0.733234283917
10317.000003475	570.896103896	5.94307092156	462.0	0.94538716	0.671400747327
10317.000017269	586.241935484	5.64225757912	406.0	0.93591548	0.651129700342
10317.000014801	571.826086957	5.63143523422	348.0	0.95444806	0.666999043282
10317.000009716	613.655172414	6.5919855668	505.0	0.97680906	0.734062706912
10317.000013155	672.338235294	5.78538174852	451.0	0.94533478	0.656163376924
10317.000015604	660.133333333	5.68499230959	388.0	0.95359686	0.661052316914
10317.000009236	465.109090909	5.64499195906	362.0	0.93505938	0.664128742338
10317.000041289	775.6	5.63956677804	456.0	0.93880876	0.638473565163
10317.000030735	636.373333333	6.20442552359	471.0	0.96314966	0.698729360284
10317.000022541	632.294117647	5.17929822974	386.0	0.90303622	0.602772665289
10317.000034132	410.6	3.48223606926	232.0	0.76966516	0.443146410181
10317.000026633	655.78125	5.79155121975	426.0	0.9523801	0.663050229666
10317.000028715	389.035714286	4.81228435611	246.0	0.9108479	0.605889275099
10317.000026126	448.285714286	4.40046540767	285.0	0.8912297	0.539615396545
10317.000033665	633.477272727	4.85518144854	348.0	0.89376304	0.575057910897
10317.000028755	752.158730159	6.15938364468	482.0	0.96172754	0.691064750422
10317.000016485	488.23255814	4.40608166589	308.0	0.84279962	0.532986021134
10317.000001001	469.875	4.62585063173	327.0	0.87326792	0.553785385121
10317.000002334	610.134328358	5.84209490154	432.0	0.9557965	0.667295256518
10317.000006797	338.25	4.70486047495	270.0	0.89320542	0.582514286529
10317.000013156	713.470588235	6.59275224052	500.0	0.97627728	0.735323540162
10317.000001529	585.2	6.16931548091	446.0	0.96834728	0.700986893507
10317.000002418b	760.6875	6.45952059221	545.0	0.97141124	0.710609538583
10317.000005849	403.326086957	4.21622804415	273.0	0.83104124	0.520987837734
10317.000011341	529.810344828	5.70695614736	383.0	0.95700064	0.665053344561
10317.000013355	845.181818182	6.30700037455	538.0	0.96448938	0.695257293971
10317.000006794	573.25	5.381691944	400.0	0.92533838	0.62260313289
10317.000028723	690.833333333	5.59070529833	457.0	0.94124498	0.632715418505
10317.000002774	459.037735849	4.5905902082	331.0	0.84930782	0.548412571765
10317.000001531	510.743243243	6.24987792087	411.0	0.96750206	0.719783694512
10317.000018027	723.333333333	6.47330291976	490.0	0.97560126	0.724355508631
10317.000001948	369.0	5.03038592168	276.0	0.92760986	0.620382407242
10317.000001032	456.057692308	5.55821473474	330.0	0.95472412	0.664355805622
10317.000016697	919.405797101	7.07504103794	586.0	0.98515386	0.769464723206
10317.000011162	586.246153846	4.109272998	405.0	0.74048042	0.474414485296
10317.000005999	437.714285714	4.96547943204	346.0	0.91280098	0.588701635453
10317.000001362	561.369047619	6.54340206606	460.0	0.97663134	0.739744437942
10317.000010947	465.025	5.72723507697	304.0	0.96263272	0.694384749095
10317.000002851	516.779661017	5.42645608818	368.0	0.93458586	0.636641830746
10317.000035452	589.522727273	6.52490973334	396.0	0.97598442	0.756129340878
10317.000005928	701.010989011	6.17837465316	516.0	0.95092856	0.685630766824
10317.000027807	893.444444444	6.35469027958	518.0	0.97069992	0.704760495824
10317.000031313	922.037974684	6.48184812823	574.0	0.96867066	0.707246476161
10317.000014458	601.625	5.45831127226	337.0	0.94607004	0.650061711193
10317.000016759	647.815384615	6.10181069905	457.0	0.95985818	0.690558615429
10317.000014308	668.631578947	6.07053293331	437.0	0.95700122	0.692075496917
10317.000010546	430.538461538	4.57600284982	311.0	0.884559	0.552605907934
10317.000015305	716.72972973	6.70801521401	518.0	0.97540698	0.743945640185
10317.000014295	574.522727273	5.0774805924	347.0	0.91613136	0.60168335481
10317.000011055	659.47826087	6.21143032556	482.0	0.9551292	0.696904235119
10317.000002818	558.097560976	3.78481580145	344.0	0.6893248	0.449168868014
10317.000009667	625.12244898	4.76512275603	349.0	0.90783904	0.564114574039
10317.000012254	516.014925373	5.25704321139	379.0	0.91878578	0.613706519707
10317.000026037	681.788461538	6.28271445385	464.0	0.96543946	0.709271611364
10317.000007037	436.886792453	5.72547304174	363.0	0.92517562	0.673282028365
10317.000015594	732.040540541	6.63344190857	507.0	0.97909764	0.738210393091
10317.000004286	485.208333333	5.51691025296	381.0	0.94367218	0.643472973906
10317.000001351	538.25	5.09638525379	362.0	0.90927016	0.599585606786
10317.000010115	494.015873016	5.54885600796	371.0	0.9357001	0.650108609637
10317.000010981	504.241935484	6.0466895254	391.0	0.9635567	0.702203241511
10317.000013028	442.508474576	5.96618729536	370.0	0.95856454	0.699322533281
10317.000017095	665.153846154	6.44173269714	457.0	0.97584376	0.729028518205
10317.000011048	706.878378378	6.37041986907	494.0	0.96977498	0.711908631396
10317.000002079	418.727272727	5.24293528296	336.0	0.94326258	0.624730335954
10317.000014937	592.013888889	6.31563962723	451.0	0.96887394	0.716303885444
10317.000013653	408.964912281	5.01632220966	315.0	0.9130114	0.604433844597
10317.000021178	718.788461538	5.78411331539	426.0	0.94752492	0.66219869542
10317.000006741	551.085714286	5.82591537081	418.0	0.95255738	0.669079485805
10317.000014548	683.255319149	6.01753741143	416.0	0.96236238	0.691636009946
10317.000013215	637.0	6.15256992034	451.0	0.96184028	0.697808931403
10317.000010867	599.0	5.75164651541	377.0	0.96140796	0.672045311642
10317.000026613	521.328125	5.90583604537	406.0	0.95822058	0.681547270852
10317.000006909	560.246575342	6.15320577155	440.0	0.9648478	0.70071218721
10317.000011163	499.279069767	5.24260936073	336.0	0.9122075	0.624691500169
10317.000012276	661.904761905	6.06532300781	460.0	0.95438108	0.685696662693
10317.000015003	582.981132075	5.47919918436	386.0	0.91845702	0.637675482181
10317.000001613	577.4	5.85663471369	419.0	0.95336816	0.672341276123
10317.000006029	567.75862069	5.84481772142	400.0	0.95742342	0.676181740314
10317.000005024	621.125	6.16373898089	458.0	0.9557603	0.697318347744
10317.000026632	702.058823529	6.21141862001	427.0	0.9707584	0.710843790093
10317.000033799	474.591836735	5.14347750958	290.0	0.95110876	0.628793969833
10317.000029152	533.784313725	4.23550865053	343.0	0.77190276	0.502906207459
10317.000022999	518.928571429	5.36010864799	355.0	0.93492274	0.632709412524
10317.000037575	734.375	6.83271406185	533.0	0.97972278	0.754329907885
10317.000027681	587.3	6.44773910916	434.0	0.9725575	0.735912960856
10317.000021296	749.247058824	6.44703115538	529.0	0.97263128	0.712605599084
10317.000028712	617.380952381	5.61741550879	423.0	0.94485266	0.643865733193
10317.000027363	802.158730159	5.87038270265	467.0	0.95452644	0.662027536854
10317.000033801	741.428571429	5.55341911469	414.0	0.93603758	0.638802259881
10317.000011225	657.652173913	5.98857200772	447.0	0.95926126	0.680200237061
10317.000011409	535.0	5.31820853616	340.0	0.93625648	0.632413045909
10317.000009475	442.418604651	4.96024723929	313.0	0.9069153	0.598339681836
10317.000012928	582.520833333	5.67188238017	362.0	0.9519349	0.667292378652
10317.000028841	713.838235294	5.98685520964	447.0	0.96558774	0.680005237909
10317.000014534	545.75862069	5.57199491278	378.0	0.94871648	0.650763507585
10317.000016715	632.0	6.57004672925	473.0	0.9782527	0.739395816963
10317.000008954A	529.93220339	5.7541730335	390.0	0.94309728	0.668520066473
10317.000015912	441.053571429	5.20728809744	324.0	0.92871984	0.624386301388
10317.000016725	567.2	6.39404878436	411.0	0.97842492	0.73638751271
10317.000018358	548.471698113	4.78328295463	346.0	0.87845618	0.56710062679
10317.000010102	491.981132075	5.53912891406	355.0	0.9522243	0.653841037797
10317.000008949B	494.169491525	5.96250489431	385.0	0.95871518	0.694225521198
10317.000010869	590.603448276	6.1091250872	418.0	0.95820734	0.701604814334
10317.000014571	571.75	6.44485359323	457.0	0.97441744	0.729381718558
10317.000010827	520.338709677	5.93954736532	383.0	0.96328106	0.692158085412
10317.000014162	589.0	5.89140885415	434.0	0.95804288	0.672416184972
10317.000016736	595.677419355	5.76669444498	469.0	0.95274408	0.649882319859
10317.000001929	533.901639344	5.73556048084	390.0	0.95312006	0.666357659317
10317.000003196	585.5	6.14283861906	468.0	0.9603987	0.692512519299
10317.000028833	285.0625	4.07548694393	196.0	0.88895326	0.535212375436
10317.000004291	994.150684932	6.32666449631	554.0	0.97169504	0.694189541578
10317.000035347	886.575	6.31650148235	537.0	0.97204456	0.69651074144
10317.000031035	708.243243243	4.93866802625	347.0	0.88742538	0.585234013651
10317.000016765	696.333333333	6.16314798961	463.0	0.96432846	0.696018023403
10317.000004918	637.197368421	6.27874159791	474.0	0.97091906	0.706370003284
10317.000001347	623.25	5.90177574686	437.0	0.95198746	0.672836211841
10317.000005938	480.130434783	5.66826926656	404.0	0.94039356	0.654669763825
10317.000003982	487.2	5.14206015229	381.0	0.88761142	0.599751778891
10317.000001934	505.544117647	5.47450123072	397.0	0.91915968	0.634136948499
10317.000015355	604.625	5.9349511772	413.0	0.95367102	0.68296347096
10317.000002418a	715.038961039	6.41720890539	494.0	0.9770934	0.717137410581
10317.000026083	743.049180328	5.7258376665	461.0	0.9338474	0.647087993809
10317.000009476	435.75	4.66059357926	297.0	0.88519794	0.567374302206
10317.000003729	619.194805195	5.74501379094	476.0	0.94253552	0.645883248405
10317.000017219	718.47826087	6.42507591431	485.0	0.97359966	0.720151363337
10317.000004283	288.153846154	3.13944447962	152.0	0.74914318	0.433150645311
10317.000003473	589.974683544	6.55576096923	495.0	0.96880994	0.732382130385
10317.000007068	307.682926829	4.95149139342	240.0	0.93165546	0.626224852052
10317.000011342	602.211267606	6.01931449538	449.0	0.95001244	0.683192276837
10317.000026056	539.8	4.70234912582	331.0	0.90621968	0.561763795169
10317.000012209	586.06	5.71854498668	383.0	0.94672178	0.666403836164
10317.000016355	803.153846154	6.49246287691	497.0	0.97617228	0.724839668766
10317.000015185	504.58490566	5.15871314521	356.0	0.90761496	0.608645043786
10317.000003028	428.323943662	5.2795049889	360.0	0.9131443	0.621714121642
10317.000012985	719.3	6.19265227095	484.0	0.96060412	0.694332013644
10317.000016755	681.692307692	6.05671209178	482.0	0.9424847	0.679545303807
10317.000014327	462.846153846	5.54463019361	362.0	0.95446188	0.652321261734
10317.000013249	505.666666667	5.30777918227	304.0	0.94636426	0.643528834803
10317.000008950A	317.023809524	3.75382306464	236.0	0.79073658	0.476213757382
10317.000016716	570.381818182	6.12895907643	401.0	0.96870484	0.708758432152
10317.000022662	575.808823529	5.89102488324	418.0	0.9567666	0.676557012738
10317.000022443	555.514285714	5.20214542679	398.0	0.93094562	0.602335478888
10317.000017074	512.826086957	5.46321968192	355.0	0.94652858	0.644880681053
10317.000002511	486.654545455	4.93904574556	359.0	0.88698712	0.581896657557
10317.000013821	435.926829268	5.04300215247	295.0	0.92963802	0.614657617542
10317.000004819	374.117647059	4.95864363546	279.0	0.91993786	0.61036060949
10317.000017075	608.157894737	4.99881065734	385.0	0.89992868	0.582020810964
10317.000010834	641.118644068	5.64754785434	409.0	0.94065368	0.650942349403
10317.000014303	437.940298507	6.00286760605	358.0	0.96745372	0.707566944362
10317.000015265	646.705882353	5.67666090296	391.0	0.95681304	0.659231744953
10317.000003193	471.642857143	4.88732415405	293.0	0.92066984	0.596396481417
10317.000013619	725.78125	6.68316565898	496.0	0.97823468	0.746372474683
10317.000005015	562.804878049	5.9524397255	421.0	0.9665349	0.682801177358
10317.000022925	363.0	5.29693874584	280.0	0.94663588	0.651587444403
10317.000003439	544.181818182	5.32843104488	386.0	0.94078926	0.620128913275
10317.000016735	605.037974684	6.09837744771	452.0	0.96518136	0.691411985369
10317.000011168	549.5	5.97207991984	371.0	0.9624703	0.699693877037
10317.000004972	556.0	6.28515450495	402.0	0.97246364	0.726519124993
10317.000009382	580.753424658	5.93081570598	413.0	0.96599042	0.682487582332
10317.000027308	460.185185185	5.53702549961	361.0	0.91991134	0.651732578073
10317.000003895	569.803571429	5.97388191386	401.0	0.96354052	0.690825167263
10317.000001322	397.229508197	5.0334209054	306.0	0.93426632	0.609565761145
10317.000026106	524.241935484	5.63866238724	389.0	0.93538812	0.655382063462
10317.000008957B	705.06	6.32969144956	441.0	0.96966328	0.720541213248
10317.000001047	376.0	4.89699218785	279.0	0.91103156	0.602771918326
10317.000017071	446.130434783	4.62080322413	311.0	0.85332092	0.558016077536
10317.000015262	627.022222222	5.47656576271	372.0	0.95030714	0.641347219774
10317.000003981	476.113207547	5.42217999649	363.0	0.9451139	0.637616546193
10317.000014334	692.220779221	6.44185283699	499.0	0.97180168	0.718724487393
10317.000011378	638.513888889	5.74434137883	446.0	0.95381002	0.65269931986
10317.000016718	541.084745763	5.88588905188	369.0	0.96563108	0.690226317549
10317.000016714	606.128205128	6.58243915611	459.0	0.97822396	0.74442189016
10317.000007748	448.263157895	5.30473085146	345.0	0.9259122	0.62923441167
10317.000007073	685.75	5.77131315006	462.0	0.95622036	0.651996924343
10317.000001247	714.04	6.73242568155	504.0	0.98035282	0.749940487421
10317.000002036	417.108108108	4.98606401605	286.0	0.92730518	0.611046891583
10317.000012112	527.75	5.7975377456	377.0	0.96060458	0.677407425953
10317.000002437	379.12244898	4.89860075483	301.0	0.91611964	0.594951060062
10317.000003731	592.6	5.46957068969	398.0	0.94412154	0.633299573619
10317.000013171	475.051724138	5.49921333218	354.0	0.9395231	0.649441368006
10317.000001487	485.098360656	5.79856513	370.0	0.96074682	0.679674816656
10317.000014306	483.019230769	5.26648274751	348.0	0.93094722	0.623773302533
10317.000002064	608.060606061	6.20974998813	441.0	0.96746104	0.706887662072
10317.000002336	479.234375	5.36902721245	362.0	0.90879094	0.631661712904
10317.000006074	506.770833333	5.72364540009	353.0	0.96251808	0.676272099855
10317.000012061	444.15625	4.62348239935	325.0	0.8922262	0.554088978911
10317.000016756	624.916666667	6.0494185453	426.0	0.9636295	0.69257237027
10317.000011018	652.2	6.26243598606	491.0	0.96169106	0.70052916764
10317.000015261	609.714285714	5.80263080035	428.0	0.95832498	0.663805149568
10317.000013458	565.014705882	6.31089973628	432.0	0.96871412	0.720843041641
10317.000041935	481.52	4.25547994488	329.0	0.81064446	0.50891037539
10317.000033721	682.846153846	6.26295174784	467.0	0.97151008	0.706299185091
10317.000031491	485.491803279	6.39244754185	389.0	0.97739498	0.742994556658
10317.000017671	423.4	5.19919447722	295.0	0.93968108	0.633694849591
10317.000036943	517.544117647	5.98093917	409.0	0.96134718	0.689369385682
10317.000036102	688.474576271	6.28708379361	445.0	0.9702085	0.714631243216
10317.000028894	602.0	5.26454627207	374.0	0.93806372	0.615960135787
10317.000040358	548.018518519	5.63067320667	360.0	0.95013362	0.663067665302
10317.000031506	611.493150685	6.11184558238	448.0	0.95823232	0.693947914722
10317.000016446	657.381578947	5.89731570513	475.0	0.94307532	0.663232024301
10317.000028793	531.82	5.43267266415	340.0	0.95125434	0.646024510622
10317.000042026	779.516129032	6.44973516157	496.0	0.97190262	0.720303077797
10317.000037582	496.090909091	5.7547329464	371.0	0.95624832	0.67422932389
10317.000029202	580.384615385	4.64722383265	345.0	0.86524324	0.551242510906
10317.000022618	770.04	6.33228730438	510.0	0.96733324	0.704029183291
10317.000021229	511.837837838	3.30374986695	271.0	0.69369802	0.408771212959
10317.000034121	450.724137931	4.51381264078	244.0	0.91173898	0.569154222194
10317.000036071	479.632653061	4.97138447546	324.0	0.9134907	0.59609998666
10317.000036166	587.641791045	5.78553112004	393.0	0.96097498	0.671301036433
10317.000031593	644.8	4.86058148394	334.0	0.88324796	0.579765377496
10317.000034194	936.5	6.0413360091	534.0	0.94837694	0.666762912546
10317.000036131	759.59375	6.01164091864	461.0	0.96041578	0.679387172344
10317.000002347	423.765957447	5.00315808147	312.0	0.92418188	0.603852166655
10317.000016767	662.951612903	6.2017942519	450.0	0.96530398	0.70364740369
10317.000036109	401.45	4.12423337893	257.0	0.81425226	0.515166974617
10317.000004973	600.6	6.30727454492	429.0	0.96680904	0.721257220219
10317.000031379	817.524590164	5.93368523507	468.0	0.95144354	0.668933625916
10317.000004737	560.75	5.6976140737	404.0	0.92842388	0.658059009652
10317.000006666	539.8125	4.82840196501	340.0	0.90975344	0.574167856112
10317.000003969	317.279069767	4.99751996347	251.0	0.93391742	0.626919984774
10317.000001749	662.753623188	6.31120577014	483.0	0.9647326	0.707861277837
10317.000009507	592.0	6.37246302038	453.0	0.97450818	0.722225749763
10317.000040348	751.181818182	5.96874401529	482.0	0.95655318	0.66967554405
10317.000026595	859.052631579	6.07479598653	416.0	0.96239124	0.698217122735
10317.000012335	574.553846154	5.51122681448	398.0	0.93564028	0.63812276863
10317.000022554	661.875	6.29616318714	460.0	0.97216288	0.71179359774
10317.000003718	650.01010101	6.4251060184	515.0	0.9683925	0.713232716599
10317.000006113	517.1	5.21358406523	373.0	0.91438412	0.610273281772
10317.000006662	628.862068966	6.28970100381	431.0	0.97109584	0.718696147942
10317.000013756	725.135135135	6.61862039408	505.0	0.9722464	0.737028677211
10317.000001216	558.328947368	6.2269827879	448.0	0.96905456	0.707020761966
10317.000016722	544.516666667	6.16802892741	396.0	0.97229152	0.714772745985
10317.000016358	376.916666667	4.9271500633	316.0	0.91752016	0.593362254222
10317.000035392	777.015384615	5.97290281022	449.0	0.96564398	0.677924549942
10317.000043118	832.9375	6.53861708067	522.0	0.97208264	0.724267297771
10317.000006685	447.042553191	4.94344947479	290.0	0.92716432	0.604340393076
10317.000005992	413.020833333	4.35658578511	314.0	0.82880436	0.525230256693
10317.000012947	700.225806452	5.97773097453	449.0	0.96141506	0.678472546657
10317.000012122	626.188679245	5.6800893615	401.0	0.9490809	0.656850727854
10317.000004758	550.508196721	5.6694302045	391.0	0.95063744	0.658392042522
10317.000042014	782.285714286	6.68298547333	564.0	0.97699676	0.731215922494
10317.000027267	743.090909091	6.3453940927	488.0	0.96798796	0.710511781151
10317.000006625	407.608695652	4.91213762697	300.0	0.91223774	0.596943232283
10317.000008951B	356.090909091	4.2259128873	232.0	0.87804746	0.537786091608
10317.000006778	877.817073171	6.57838778163	565.0	0.97680714	0.719570197592
10317.000012971	935.166666667	6.4634833173	563.0	0.97025044	0.707397351931
10317.000017652	804.409090909	6.90241688925	576.0	0.97947604	0.75272337431
10317.000015254	806.622641509	6.2771497245	482.0	0.9661776	0.704277758615
10317.000001438	640.068965517	5.97379621208	418.0	0.96630704	0.686062917753
10317.000006803	539.962264151	5.79984724027	389.0	0.9561352	0.674116588483
10317.000013299	596.013888889	5.83419280806	455.0	0.95284536	0.660744734925
10317.000036039	413.018867925	5.24300831267	310.0	0.93208972	0.633510089496
10317.000011026	796.277777778	5.80473062869	446.0	0.94552916	0.659561032929
10317.000012993	599.633802817	5.94839117085	438.0	0.96169554	0.677895786011
10317.000009419	622.548387097	6.10669241974	435.0	0.95967258	0.696723546549
10317.000010693	746.526315789	6.29345357781	525.0	0.96803004	0.696473291424
10317.000008951A	333.161290323	3.96587540522	218.0	0.85695868	0.510527974031
10317.000001669	470.803571429	5.13678888128	339.0	0.92682224	0.61114841479
10317.000036068	572.693548387	5.78587837326	418.0	0.95019624	0.664481421462
10317.000042981	671.045454545	6.15661830043	443.0	0.96545522	0.700318988338
10317.000028776	958.281690141	6.74644936209	597.0	0.9735491	0.731593084073
10317.000004011	323.914893617	4.77396085816	268.0	0.9159197	0.591855699266
10317.000004285	635.135135135	6.17942604194	478.0	0.964085	0.694249916918
10317.000026116	567.553571429	5.00576687702	368.0	0.89850656	0.587285797044
10317.000022498	625.929577465	6.38434007859	460.0	0.9707949	0.721762168272
10317.000023929	688.227272727	5.34272081427	468.0	0.87013968	0.60231128969
10317.000009558	517.101694915	5.50919439858	392.0	0.93827896	0.63951015162
10317.000002051	583.4	5.8086810662	425.0	0.93286016	0.665269593925
10317.000016726	725.68	6.80947813263	518.0	0.98024548	0.755198282515
10317.000005927	695.086956522	5.87161354601	499.0	0.93244626	0.655102273028
10317.000013539	631.013333333	6.23526475289	478.0	0.96352626	0.700523318392
10317.000004289	688.692307692	6.12350627668	441.0	0.95726762	0.697070098454
10317.000011073	535.385964912	5.48672855128	386.0	0.94443414	0.638551758535
10317.000001111	412.898305085	4.93382865875	329.0	0.8881363	0.590033704154
10317.000013053	419.050847458	4.2680700309	296.0	0.86197502	0.519896982273
10317.000010225	735.723684211	6.86535788161	519.0	0.98254798	0.761160687705
10317.000003226	677.153846154	6.40837566447	479.0	0.96969614	0.719728291042
10317.000013167	580.217391304	6.03553875513	431.0	0.96265248	0.689654158669
10317.000010879	498.046153846	5.06915630815	363.0	0.9155296	0.596103032251
10317.000013055	659.5	5.46043540144	424.0	0.92665508	0.625628456385
10317.000006665	582.597826087	6.94676186171	497.0	0.98476158	0.775559084788
10317.000002638	431.530120482	5.67433453187	367.0	0.95472902	0.666030140662
10317.000002443	622.670731707	6.71412657067	514.0	0.97730602	0.745548133168
10317.000017349	850.014925373	6.99581855864	544.0	0.98198114	0.769831875062
10317.000005814	518.791044776	6.20687730112	414.0	0.9702482	0.713968667747
10317.000020071	609.596774194	5.83606817004	407.0	0.96226824	0.673220163912
10317.000004026	574.322033898	6.0684315357	430.0	0.95352826	0.693678299055
10317.000013134	582.96875	6.23400083092	413.0	0.97477272	0.717376557673
10317.000004822	456.85	6.115896658	376.0	0.96625788	0.714925844368
10317.000009101	628.357142857	6.65707420362	462.0	0.98013308	0.752063142829
10317.000013159	627.671875	6.25414734647	460.0	0.96615092	0.707043624542
10317.000016772	551.584415584	6.27924258452	441.0	0.97056622	0.714798360423
10317.000006635	586.052631579	5.4042192269	425.0	0.91406192	0.61894648537
10317.000001734	547.813333333	6.2614805428	429.0	0.96768982	0.716020528137
10317.000001286	475.901408451	5.67219295024	399.0	0.93637162	0.65648520292
10317.000014397	737.898734177	6.37532248902	496.0	0.97380814	0.71199270912
10317.000016731	627.076923077	6.29399769096	478.0	0.96112204	0.707121882255
10317.000016458	960.0	6.72272223977	597.0	0.97225104	0.729020086387
10317.000009174	525.818181818	6.25586105099	423.0	0.9664892	0.717044084783
10317.000013222	637.695652174	5.34798164178	398.0	0.92387728	0.619221267191
10317.000004847	398.222222222	5.45129586538	319.0	0.93627136	0.655407651216
10317.000002261	591.368421053	6.16212936242	454.0	0.96143338	0.698135785612
10317.000016729	721.909090909	6.62008511783	508.0	0.976704	0.73649097154
10317.000001652	487.018867925	6.25245611567	378.0	0.97307964	0.730235819764
10317.000017083	594.684210526	5.73224595634	396.0	0.95841584	0.664272692474
10317.000002606	473.151515152	5.65506403933	392.0	0.93126884	0.656442775399
10317.000011357	590.658227848	6.13969498062	471.0	0.96415048	0.691439542603
10317.000004813	583.5625	6.27960900244	438.0	0.96548718	0.715642323829
10317.000013453	546.773584906	5.42946160523	371.0	0.92912178	0.636120261579
10317.000016768	775.546875	6.44787785439	495.0	0.97188332	0.720329881096
10317.000013174	391.837837838	4.02472716603	266.0	0.80882682	0.499638243383
10317.000016166	512.4375	5.4349982971	369.0	0.931232	0.637351269695
10317.000011358	673.654761905	6.917013116	526.0	0.98222102	0.765247827112
10317.000001436	558.631578947	6.10465358416	450.0	0.9616131	0.692625951532
10317.000009385	602.010989011	6.53592092649	492.0	0.97453558	0.7308817808
10317.000006053	497.879518072	5.50017562485	403.0	0.9295242	0.635517843468
10317.000002185	399.037735849	5.31739773159	313.0	0.932663	0.641421669815
10317.000016488	549.772727273	4.17919755508	257.0	0.8338164	0.522032669582
10317.000001516	418.12	5.03747346386	325.0	0.88980342	0.603702639438
10317.000011352	697.558441558	6.43023402172	511.0	0.9661859	0.714694425663
10317.000004009	481.375	5.54203700657	356.0	0.94720432	0.653871084044
10317.000013801	507.803571429	5.71550538048	376.0	0.95218906	0.6681215754
10317.000003996	782.5	6.64591462991	571.0	0.96501294	0.725746733942
10317.000017339	615.288135593	5.93418694105	413.0	0.94939888	0.682875526619
10317.000010183	823.857142857	6.86482905301	568.0	0.97858422	0.75027527683
10317.000012318	544.132075472	5.18585645859	381.0	0.89015978	0.604860025749
10317.000007666	606.818181818	6.29418562253	442.0	0.96793328	0.716232978232
10317.000002349	464.134328358	5.66719619168	368.0	0.95025344	0.66488590344
10317.000015908	490.028571429	5.47436868802	306.0	0.94904794	0.662966157374
10317.000001423	443.282608696	4.82503116497	320.0	0.89422984	0.579797266926
10317.000005845	482.974683544	6.12503583991	400.0	0.96543134	0.708599924089
10317.000009118	554.948275862	5.80955274126	399.0	0.95898512	0.672382876196
10317.000005576	621.478873239	6.10917103908	449.0	0.9671139	0.693390995766
10317.000002801	589.538461538	6.57089602842	463.0	0.97300398	0.742065917189
10317.000013265	799.708333333	6.39705781769	537.0	0.96610424	0.705393562573
10317.000010833	499.637931034	4.92990613535	346.0	0.90919056	0.584484105558
10317.000013238	364.125	4.90946214218	261.0	0.94117402	0.611549530386
10317.000012983	611.774647887	5.82691945446	448.0	0.92403324	0.661596984115
10317.000004915	512.044776119	6.02634660969	383.0	0.96537426	0.702273132082
10317.000001099	766.734513274	7.29877313358	632.0	0.98638596	0.784495392909
10317.000015856	708.166666667	6.4355207187	517.0	0.97109368	0.713945651654
10317.000003061	578.444444444	5.97255650027	424.0	0.95635206	0.684304644086
10317.000028859	584.703703704	6.3468486098	468.0	0.97124962	0.715511572572
10317.000012903	626.01369863	6.49086019896	477.0	0.97415842	0.729486731485
10317.000004736	620.451612903	5.65593403962	445.0	0.90768522	0.642890616216
10317.000010962	577.084507042	6.15455399938	442.0	0.96351034	0.700343905475
10317.000002348	731.557692308	5.72787912458	465.0	0.92662752	0.646408187319
10317.000002444	490.017857143	5.71846189619	375.0	0.95084018	0.668767540394
10317.000015584	657.08	5.62067420486	461.0	0.93400774	0.635203267526
10317.000023375	629.35	4.9508876435	454.0	0.8519017	0.560908678021
10317.000015624	764.753623188	6.16348710784	510.0	0.95964862	0.685261831337
10317.000006671	657.714285714	6.57688964105	485.0	0.97567254	0.737167327622
10317.000009102	512.775862069	5.36691318766	377.0	0.92260762	0.627091535631
10317.000015214	700.157894737	6.38592003471	521.0	0.97242054	0.70757022544
10317.000002172	651.015151515	5.82402078839	441.0	0.94370048	0.662978130655
10317.000001189	510.1	5.67474155263	366.0	0.94865484	0.666385812135
10317.000007678	329.234042553	3.03353304396	262.0	0.70011722	0.377614006306
10317.000003358	536.4375	5.80598342815	393.0	0.95402698	0.67367413846
10317.000009231	524.478873239	5.09947693958	410.0	0.90054064	0.587532534336
10317.000018318	520.933333333	6.30164051063	432.0	0.96712002	0.719785435172
10317.000013859	706.289473684	6.07859621241	475.0	0.9541564	0.683619441869
10317.000013757	558.411764706	6.52737554505	473.0	0.9694731	0.73459358398
10317.000012298	690.045454545	5.78558349655	462.0	0.93786558	0.653609074261
10317.000017171	730.818181818	6.19716619807	484.0	0.96467254	0.694838123783
10317.000014587	474.352941176	5.26654942942	332.0	0.93604752	0.628838762205
10317.000016764	637.120689655	6.19209713122	434.0	0.96834274	0.706735253489
10317.000016727	622.288135593	5.99443605726	420.0	0.96449714	0.687889277976
10317.000002013	583.361445783	5.87981871986	476.0	0.93951034	0.661038694251
10317.000013454	542.015625	6.3154835686	417.0	0.97460836	0.725592088114
10317.000016766	594.288135593	6.05890887288	427.0	0.96150098	0.693390352592
10317.000001234	573.928571429	4.66019124992	369.0	0.8490137	0.546491212654
10317.000026623	868.333333333	6.57414298732	614.0	0.96486546	0.709790074176
10317.000006761	721.482142857	6.85632788147	500.0	0.98095074	0.764721486016
10317.000009532	549.631578947	6.62350574349	441.0	0.97952272	0.753987599933
10317.000005846	480.620689655	6.23795029869	381.0	0.97287244	0.727572544364
10317.000004821	781.775700935	6.81462059856	605.0	0.97285018	0.737449895102
10317.000002712	597.590909091	5.60838366469	435.0	0.93353036	0.639870602396
10317.000013734	723.961538462	6.66886639163	522.0	0.97861188	0.738694708847
10317.000009659	597.103448276	5.83465714202	407.0	0.9552734	0.673057394648
10317.000017292	633.541666667	6.89517392957	514.0	0.98141618	0.765651942506
10317.000015862	588.134328358	5.95684081009	410.0	0.96404206	0.686313090392
10317.000002446	481.318181818	4.44360417001	362.0	0.84329202	0.522786439783
10317.000006678	482.666666667	5.76826861603	384.0	0.95174016	0.671903763767
10317.000014224	635.835820896	6.64072571399	460.0	0.98134566	0.750747067234
10317.000017218	682.623188406	6.51612770625	467.0	0.977475	0.734850893665
10317.000009661	627.3125	6.18786826283	448.0	0.9658904	0.702579641401
10317.000006729	491.618421053	5.80872594937	388.0	0.9625713	0.675440095261
10317.000013686	475.222222222	5.53521920483	334.0	0.9533524	0.660235501126
10317.000010845	617.182926829	6.52521794996	464.0	0.97761884	0.736648447716
10317.000017205	682.766233766	6.36411090767	494.0	0.96253886	0.711203590886
10317.000014551	586.549019608	5.82395145435	379.0	0.9642769	0.679887311987
10317.000005238	557.14084507	5.67346504646	424.0	0.93726664	0.650036291691
10317.000022448	639.957746479	5.85575273295	454.0	0.9509803	0.663424977655
10317.000001004	350.0	5.28339449085	280.0	0.94538926	0.649921337447
10317.000014122	591.567164179	5.78461899686	427.0	0.95523554	0.662000219841
10317.000016728	777.333333333	6.76695470769	565.0	0.9761695	0.740196397316
10317.000010773	492.254237288	4.45172667121	363.0	0.84928866	0.523496930483
10317.000005553	507.107142857	6.30122096242	388.0	0.97062886	0.732707537629
10317.000014054	641.0	6.37189349853	501.0	0.97177294	0.710461615473
10317.000026081	578.078431373	5.35586380092	379.0	0.93958386	0.625242822081
10317.000016769	574.230769231	5.6681310778	400.0	0.94786438	0.655741020369
10317.000004738	627.627659574	6.36334261264	494.0	0.96956444	0.711117732202
10317.000036427	676.987012987	6.36458219726	486.0	0.97086208	0.713133434981
10317.000043092	641.508474576	6.33428573208	447.0	0.9650035	0.71946745418
10317.000036069	354.023255814	5.2004546578	271.0	0.9409586	0.643449487406
10317.000028711	598.109090909	5.73814335265	403.0	0.95196558	0.663013826778
10317.000027901	845.683544304	6.86026294177	581.0	0.97769256	0.747110467895
10317.000031057	651.641791045	5.67790028737	427.0	0.94646294	0.649787175355
10317.000021275	753.015384615	5.37166047798	456.0	0.92045706	0.608143027861
10317.000031439	707.117647059	5.69018357924	412.0	0.9437423	0.655060523099
10317.000036437	663.473684211	6.20107902532	494.0	0.96381182	0.692984414345
10317.000043117	624.337349398	6.00595971318	473.0	0.95900814	0.675913227376
10317.000040144	528.941176471	4.56052175943	301.0	0.85076138	0.553890261935
10317.000039994	572.714285714	5.70644223602	407.0	0.94234316	0.658267152739
10317.000036067	648.472727273	6.65227613143	448.0	0.97990628	0.755309192181
10317.000036877	706.76	6.56377135299	551.0	0.97104272	0.720825532874
10317.000038417	596.455696203	5.8544908074	455.0	0.9474333	0.663043561281
10317.000031891	517.041666667	6.1759257071	426.0	0.96311976	0.707055640728
10317.000028719	687.203125	5.84796039156	427.0	0.9598235	0.66924910127
10317.000023341	627.896103896	5.38017617203	421.0	0.93619164	0.617157131204
10317.000035492	707.492537313	6.32371521765	488.0	0.96224684	0.708084335999
10317.000027775	723.857142857	5.93262346517	498.0	0.94697768	0.662123011819
10317.000036094	445.222222222	4.13929925561	297.0	0.81245822	0.503912642635
10317.000039831	508.947368421	5.61281632029	415.0	0.93606354	0.645376253661
10317.000043164	522.522727273	5.30243358325	329.0	0.94143738	0.634114953022
10317.000036422	591.6	6.34420277345	453.0	0.96985554	0.71902286291
10317.000036939	614.137931034	5.5410514113	403.0	0.94701086	0.640240836592
10317.000036147	682.373134328	6.07503061396	473.0	0.94304558	0.683686495544
10317.000035412	649.166666667	6.09548529885	431.0	0.96331714	0.69650398349
10317.000031272	396.333333333	3.82911898987	213.0	0.81624648	0.495056592669
10317.000037565	555.625	5.75193745396	434.0	0.93750936	0.656497611138
10317.000014232	640.013333333	6.15706482949	487.0	0.96320974	0.689652549116
10317.000009677	663.666666667	5.44502468624	422.0	0.94489566	0.624350734743
10317.000036045	625.708333333	6.27631953226	396.0	0.97059056	0.72732183969
10317.000018424	604.542372881	4.79002436471	378.0	0.88054298	0.559435732765
10317.000014978	648.873015873	6.30081480291	452.0	0.9698213	0.714363600756
10317.000017133	687.230769231	5.84385547094	453.0	0.95308342	0.662315793047
10317.000026136	544.833333333	5.9569074162	429.0	0.96126994	0.68119160717
10317.000013197	732.6	6.29997976729	473.0	0.97264222	0.709002367693
10317.000001936	553.037735849	4.83384812949	345.0	0.9148187	0.573379436023
10317.000009495	366.222222222	4.77352318483	287.0	0.9202099	0.584639020102
10317.000033748	582.75	5.13346597293	394.0	0.87092038	0.595387974976
10317.000006717	520.0	6.04121882757	418.0	0.96055724	0.693806093895
10317.000022553	880.111111111	6.50952066592	569.0	0.97167478	0.711245418831
10317.000034127	555.223880597	5.58356311745	410.0	0.942456	0.643306171964
10317.000005085	391.630769231	5.74913440313	338.0	0.96060098	0.684349114486
10317.000009648	676.338235294	6.02404536908	455.0	0.95508942	0.682246266368
10317.000013001	831.144927536	5.99458074386	507.0	0.9508075	0.667113976173
10317.000034147	1078.44444444	5.64254195804	519.0	0.94323752	0.625587360666
10317.000028856	719.071428571	5.40496623267	393.0	0.9398352	0.627143707049
10317.000005163	408.386363636	4.46095204898	289.0	0.88066046	0.545687168573
10317.000009628	549.813333333	6.02373741375	431.0	0.96142682	0.6883056719
10317.000016762	560.985074627	5.75578830104	403.0	0.94592822	0.665052612503
10317.000014291	634.077922078	6.48484180296	487.0	0.96809346	0.726366832879
10317.000011191	580.263157895	6.01986259125	412.0	0.9669394	0.693013552744
10317.000013764	732.985074627	5.92425259893	465.0	0.9511968	0.668569517687
10317.000016333	708.541666667	6.10312796316	467.0	0.96659784	0.688275190429
10317.000034126	613.246153846	6.03039968959	432.0	0.95773034	0.688803789666
10317.000006036	522.068965517	6.46565203081	440.0	0.9738449	0.736292811335
10317.000013902	824.153846154	6.19429566631	518.0	0.95787082	0.686972093526
10317.000015295	566.5	4.80960969199	349.0	0.88589666	0.569381118096
10317.000006795	716.95890411	6.26049741902	506.0	0.96151142	0.696927740954
10317.000002141	509.255319149	5.08937993558	347.0	0.91130468	0.60309343144
10317.000006017	504.636363636	4.8496518766	317.0	0.88697388	0.583708953018
10317.000014451	497.0	5.34172774093	342.0	0.93486424	0.634571315129
10317.000013984	651.193548387	6.10364398006	414.0	0.97070676	0.702093879004
10317.000015587	439.057692308	4.8888298079	313.0	0.89428158	0.589724812231
10317.000003508	594.438596491	6.07776821399	431.0	0.95578478	0.694479531035
10317.000036114	407.178571429	5.17029300498	317.0	0.93126846	0.622301640102
10317.000010712	539.875	6.3598566484	443.0	0.9728898	0.723437471132
10317.000013986	532.046875	5.95227297872	399.0	0.95964068	0.688900953926
10317.000014259	750.046153846	5.77846568888	465.0	0.9474398	0.652117031487
10317.000006899	781.5	6.51919225895	504.0	0.97624326	0.726187922678
10317.000003879	419.019607843	5.44977763219	320.0	0.9482584	0.654869589121
10317.000003287	630.608108108	6.81204553001	501.0	0.9802189	0.759538255472
10317.000013952	624.446808511	5.99487871918	393.0	0.9634694	0.695591850423
10317.000010169	334.512195122	3.92847657009	239.0	0.8464409	0.49722095886
10317.000001805	514.753623188	6.21984399547	413.0	0.96902558	0.715747462304
10317.000005009	557.942307692	5.8587695608	384.0	0.95805236	0.682445562261
10317.000033803	554.0	5.55014554588	344.0	0.94638224	0.65867210531
10317.000014237	702.1	5.99577923219	457.0	0.9533922	0.678558744152
10317.000017185	752.139240506	6.43235237985	532.0	0.97183098	0.710342545986
10317.000035361	398.097560976	5.49473051324	296.0	0.9505004	0.669317464698
10317.000044399	503.217391304	5.49253570193	348.0	0.93187874	0.650547490296
10317.000005987	560.014084507	6.18495544722	421.0	0.97132982	0.70947293144
10317.000003922	646.418918919	6.13055891002	468.0	0.96861074	0.691128167085
10317.000015542	461.357142857	4.89640447516	308.0	0.91383076	0.592298404109
10317.000017114	278.642857143	5.07903046636	226.0	0.9475768	0.649477523567
10317.000014222	434.916666667	5.38735667424	289.0	0.94996024	0.659009865469
10317.000001882	635.421875	6.39497086448	479.0	0.96302872	0.718222790383
10317.000012004	709.533333333	6.46915161837	518.0	0.96559006	0.717454714791
10317.000001732	549.261904762	6.37277864518	457.0	0.96716174	0.721224799441
10317.000001151	563.0	6.11457770058	428.0	0.96917996	0.6994910248
10317.000002262	533.015873016	6.37419185645	448.0	0.96602118	0.723735095595
10317.000027295	665.602739726	6.04543250455	478.0	0.96187396	0.67919592945
10317.000029188	826.084745763	5.85957016864	482.0	0.94978128	0.657426559177
10317.000014392	563.387096774	5.51000237139	395.0	0.94782888	0.638788356023
10317.000002512	515.12	5.29319425835	350.0	0.92924064	0.626323752691
10317.000012242	655.641791045	6.11471950546	461.0	0.96329908	0.691036282891
10317.000031519	584.428571429	5.73504879506	383.0	0.95395302	0.668327087836
10317.000015329	668.258064516	6.28600097976	442.0	0.97002924	0.715301624851
10317.000014318	651.5	6.328604704	444.0	0.97463686	0.719616265614
10317.000013609	538.428571429	4.66180572287	337.0	0.88516976	0.555201280084
10317.000014317	619.117647059	5.52989754116	400.0	0.93014156	0.639748906015
10317.000029154	552.807692308	5.79458547993	384.0	0.94776898	0.674969224321
10317.000009529	391.06122449	5.0439933603	288.0	0.9305569	0.617385515707
10317.000011955	575.794117647	5.5350977424	398.0	0.9461764	0.640886687287
10317.000003266	402.196721311	5.37521490756	338.0	0.92934042	0.639839548744
10317.000016405	579.820895522	6.3891307469	424.0	0.97665948	0.732033567465
10317.000010984	605.720588235	6.08181770912	421.0	0.96917372	0.697642056664
10317.000010843	547.417910448	6.08788582717	428.0	0.96408328	0.696437547226
10317.000008955	366.887096774	5.77173439248	312.0	0.96640486	0.696614870348
10317.000027648	455.375	4.65251312727	314.0	0.87177854	0.560907275705
10317.000014357	595.818181818	5.37912304914	376.0	0.9245928	0.628799717018
10317.000017093	465.02173913	4.96017400019	325.0	0.90223358	0.594438890342
10317.000014379	622.743243243	5.90737632925	453.0	0.94957584	0.669514955972
10317.000005915	391.871794872	4.48023558308	270.0	0.86286118	0.554703215549
10317.000001363	477.9375	5.13467881893	362.0	0.86823746	0.60409081378
10317.000013604	447.103448276	2.57864516171	205.0	0.55365242	0.335783819777
10317.000014095	482.0	5.43451786414	363.0	0.93526816	0.639067407021
10317.000012275	564.923076923	5.80742316385	393.0	0.95945506	0.673841192451
10317.000011389	660.4	6.2348106485	460.0	0.96701794	0.704857572909
10317.000002205	328.622641509	3.92010491801	269.0	0.80729268	0.485674682223
10317.000011155	567.22	5.6381494705	389.0	0.93515364	0.65532244712
10317.000006929	419.631578947	5.27893132394	322.0	0.93457196	0.633655502891
10317.000013648	434.865384615	5.03818209982	311.0	0.90742722	0.608419462352
10317.000012155	750.404494382	6.95013565381	555.0	0.98339462	0.762381902588
10317.000006654	492.018867925	6.28460713557	389.0	0.97182144	0.730460259845
10317.000002071	613.471698113	5.49094862273	411.0	0.9312382	0.632379597823
10317.000004159	405.692307692	5.02964150698	318.0	0.89205568	0.605041780816
10317.000002568	329.139534884	4.82376960496	250.0	0.90513206	0.605561164171
10317.000008957A	628.517241379	6.47036192068	451.0	0.9728607	0.733852096947
10317.000002749	718.763888889	6.30541062595	490.0	0.96547976	0.705568544792
10317.000017661	629.192307692	6.23635741515	420.0	0.97231424	0.715650873332
10317.000002201	277.441176471	3.69764962194	198.0	0.82115614	0.484660739572
10317.000001939	469.272727273	4.92739535976	328.0	0.88054628	0.589573999305
10317.000009447	490.833333333	5.21951194975	345.0	0.92784546	0.619125950565
10317.000029245	792.345679012	6.23817045031	524.0	0.96989072	0.690565519764
10317.000014958	461.411764706	5.91123678942	370.0	0.95861596	0.692881547587
10317.000015364	727.095238095	5.88888407661	454.0	0.9556639	0.667178578931
10317.000016484	578.655737705	5.36573305382	383.0	0.94022914	0.625289317339
10317.000010908	672.518518519	5.94944188315	434.0	0.94700086	0.679039787055
10317.000001524	548.435897436	5.35967099365	429.0	0.92550294	0.612895692845
10317.000014949	463.288461538	5.29085704241	348.0	0.9336335	0.626660245329
10317.000015933	502.7875	6.18637041966	409.0	0.96962036	0.713047609177
10317.000014012	690.529411765	5.78068634786	422.0	0.95509748	0.662839192948
10317.000004774	489.442857143	5.5201509256	384.0	0.9314102	0.643002334039
10317.000008954B	573.318181818	5.76752897193	404.0	0.9441421	0.666133991231
10317.000016703	757.666666667	6.32402074307	474.0	0.97089318	0.711463990576
10317.000003365	399.609756098	5.05896626093	293.0	0.91662396	0.6173418383
10317.000017216	649.337349398	6.85982151088	498.0	0.98340346	0.76560491425
10317.000004163	472.272727273	5.33719548737	351.0	0.93985298	0.63122281945
10317.000013697	590.333333333	5.42255286777	397.0	0.92036994	0.628119527921
10317.000017161	540.185185185	4.69370856467	336.0	0.8969443	0.559286348242
10317.000001072	584.796875	5.09124949734	391.0	0.91456302	0.591247803506
10317.000011956	781.784313725	5.47713723088	426.0	0.94223018	0.627054300488
10317.000007641	471.130434783	6.02731988688	392.0	0.96383554	0.699654427827
10317.000017079	340.069767442	4.57195520789	249.0	0.91769172	0.574366092735
10317.000009193	430.957446809	4.96728615308	317.0	0.89329368	0.597867532254
10317.000012984	571.0	6.0819108536	432.0	0.96560528	0.694687493369
10317.000015581	536.06	5.16541318486	347.0	0.93237908	0.612103400001
10317.000014802	467.081967213	5.5858236713	367.0	0.9498897	0.65564109846
10317.000017353	795.046153846	6.60252265616	510.0	0.9764697	0.734074183599
10317.000001059	465.0	5.22062252924	325.0	0.93629736	0.62565165316
10317.000017088	533.088235294	5.66358930998	404.0	0.95009184	0.654129241503
10317.000004602	483.454545455	5.46589071136	331.0	0.9478346	0.652979910218
10317.000014399	505.014705882	5.48769235277	372.0	0.94568044	0.642650227518
10317.000005008	523.472727273	5.66286604642	378.0	0.9389205	0.661376513984
10317.000010104	661.641791045	6.41219888648	467.0	0.97175834	0.723130407277
10317.000010565	705.348837209	5.54638375679	383.0	0.93429212	0.646341232073
10317.000027194	412.0	4.93265070143	315.0	0.91718068	0.594351977984
10317.000015224	634.0	6.70694168712	454.0	0.97689968	0.759860062716
10317.000013933	498.357142857	5.75303470193	345.0	0.95692964	0.6824111359
10317.000018033	626.549019608	5.36681959529	374.0	0.9321244	0.62792627433
10317.000006084	408.317073171	5.43809931403	290.0	0.95428016	0.664811705629
10317.000002059	586.642857143	6.2147084273	427.0	0.96933698	0.711220280429
10317.000003047	426.518518519	5.17578189999	333.0	0.9263891	0.6176808915
10317.000008982	376.636363636	5.58928699217	303.0	0.95292	0.678050348492
10317.000010765	490.0	5.25029605674	365.0	0.89559204	0.616829021038
10317.000012072	634.6875	5.17199749046	363.0	0.91689758	0.608196551741
10317.000017183	496.630136986	5.90782621737	416.0	0.94693716	0.679026165201
10317.000012228	576.164179104	6.21384324943	416.0	0.97133946	0.714198758998
10317.000011224	711.788461538	5.38832581624	419.0	0.89964018	0.618579445801
10317.000026111	372.222222222	4.43271550911	273.0	0.88592446	0.547738605264
10317.000006637	615.705128205	6.371505098	480.0	0.97010618	0.715345611311
10317.000012113	432.219512195	4.32835814712	286.0	0.8655788	0.530444411251
10317.000013079	486.875	5.47604793931	344.0	0.9467569	0.649878457267
10317.000004162	439.850746269	5.84807960626	352.0	0.96390144	0.691308810083
10317.000012906	655.85	5.25046282971	405.0	0.93987264	0.606164550793
10317.000012976	702.471698113	6.0435979609	425.0	0.9664759	0.692174680529
10317.000009533	274.24137931	3.86761454963	198.0	0.8188081	0.506938493273
10317.000014309	478.047619048	5.69996348276	374.0	0.94141956	0.666904629454
10317.000002371	526.234375	5.82940451394	409.0	0.94867864	0.67190334067
10317.000002329	581.833333333	6.0099123246	466.0	0.93635214	0.67799933649
10317.000010761	624.28125	6.095315546	452.0	0.95217298	0.691064838024
10317.000009129	534.118644068	6.0146617418	392.0	0.95900564	0.698185063761
10317.000014323	609.444444444	5.71589132113	420.0	0.94374372	0.655924980486
10317.000006894	678.901408451	5.94136156322	452.0	0.9541548	0.673610092101
10317.000014241	354.72	4.88848996174	285.0	0.9135635	0.599460330858
10317.000001685	443.4	4.99657307729	315.0	0.92141544	0.602054203994
10317.000011302	588.8125	5.27587950748	389.0	0.9118843	0.613215787847
10317.000012231	407.170731707	5.27954673043	284.0	0.94549462	0.647817245494
10317.000001579	597.608108108	5.80190054077	430.0	0.95448492	0.663211321529
10317.000017662	714.047619048	6.15296924094	464.0	0.96494332	0.694624344343
10317.000003432	391.923076923	4.77253631099	275.0	0.877566	0.588962952302
10317.000011116	663.696202532	6.47654087885	484.0	0.97578696	0.726162147187
10317.000006841	591.882352941	6.25849128366	430.0	0.96513438	0.715403900127
10317.000013563	588.085714286	5.34208068304	441.0	0.87131342	0.608116418833
10317.000017217	769.245901639	6.7686146715	511.0	0.98085512	0.752304062161
10317.000006728	317.388888889	4.44322307768	266.0	0.8721134	0.551591221445
10317.000013286	588.428571429	5.44454183576	387.0	0.93588804	0.633366874186
10317.000022964	628.5	5.51939236816	403.0	0.94557716	0.637738242251
10317.000002466	602.25	5.52212487402	416.0	0.91971226	0.634694918063
10317.000017644	642.338709677	5.83970691424	432.0	0.9554994	0.667022496039
10317.000017173	474.238095238	5.61255180781	372.0	0.944824	0.657272212868
10317.000013332	771.658227848	6.95237116606	570.0	0.97776728	0.759422097003
10317.000002173	384.813953488	4.76567566875	272.0	0.90990966	0.589267086885
10317.000011329	581.303571429	5.83304088534	400.0	0.95699998	0.674819288668
10317.000007039	456.166666667	6.19101985282	403.0	0.96306736	0.715341446181
10317.000002886	531.172043011	5.90241170185	431.0	0.96056696	0.674442322634
10317.000009126	525.02	5.26192681539	365.0	0.91444262	0.618195456262
10317.000022636	448.56	5.00211109789	322.0	0.9111761	0.60042744047
10317.000014233	563.014492754	6.54344959651	428.0	0.97779382	0.748552800884
10317.000023088	653.338709677	5.98741736408	443.0	0.96098542	0.681072281333
10317.000004974	604.967213115	6.25671930395	450.0	0.9656712	0.709879127721
10317.000002414	219.04	3.80520641135	166.0	0.84616678	0.515957432739
10317.000006027	561.132075472	5.75733431614	398.0	0.95354174	0.666618565597
10317.000017098	575.151515152	6.2807505659	434.0	0.97251534	0.716853716799
10317.000014559	481.352941176	5.30364173005	339.0	0.93780172	0.630999698615
10317.000016313	568.609756098	5.72745606658	348.0	0.95171628	0.67837195279
10317.000022899	566.304347826	6.04132703114	441.0	0.9578983	0.687715213819
10317.000003837	585.017857143	5.51300708071	396.0	0.94143596	0.638866525447
10317.000010285	461.277777778	4.85041919041	276.0	0.93512872	0.598187650079
10317.000005848	473.886792453	4.68994035025	330.0	0.86782806	0.560573718075
10317.000005907	476.753623188	5.65994145286	375.0	0.94508246	0.661923641867
10317.000014132	845.537313433	6.15898636366	518.0	0.95047096	0.683056151041
10317.000003382	642.287671233	6.24134302825	483.0	0.96272466	0.700025512129
10317.000003221	327.222222222	4.43263303032	246.0	0.86241222	0.55808938433
10317.000014607	406.642857143	3.92024820278	284.0	0.78616336	0.481026974861
10317.000017125	811.655172414	6.85915363628	592.0	0.97572786	0.744794871527
10317.000013826	585.838709677	5.1791404934	408.0	0.89718948	0.597196319273
10317.000004872	444.142857143	5.43867678108	304.0	0.94337458	0.659399197219
10317.000014293	495.385964912	5.59970033109	346.0	0.956837	0.66389414921
10317.000016721	641.0	6.6792669052	437.0	0.98185336	0.761474653583
10317.000016763	636.0	6.26452967882	424.0	0.96982518	0.717757421305
10317.000012173	452.153846154	5.26933231911	287.0	0.94667068	0.645363427463
10317.000012951	565.430769231	5.84262767229	420.0	0.9459668	0.670468563279
10317.000004705	615.012820513	5.41188013556	456.0	0.88378018	0.612696425166
10317.000007651	395.326086957	4.15086732569	265.0	0.86858212	0.515645393846
10317.000001827	548.229508197	5.2730388293	391.0	0.9032525	0.61235903431
10317.000014666	664.077922078	6.47883956434	503.0	0.96968292	0.721923363302
10317.000017146	441.137931034	5.0052043033	347.0	0.89688056	0.593118587439
10317.000004161	505.4	5.93278833878	372.0	0.96160868	0.694774329652
10317.000023299	498.684210526	5.06162463741	340.0	0.92669994	0.601901454677
10317.000013733	509.545454545	5.64170859473	394.0	0.94063434	0.654334804854
10317.000012034	312.352941176	4.82715881199	239.0	0.9304267	0.610965724306
10317.000014391	705.25	6.474587704	507.0	0.97176478	0.720532115899
10317.000014646	587.797101449	5.53288569817	428.0	0.93257684	0.632947045018
10317.000001793	511.898734177	5.88570982472	420.0	0.9523303	0.675412439641
10317.000013214	376.0625	4.73867813178	285.0	0.89766902	0.581089371757
10317.000023154	564.701754386	5.50688492006	379.0	0.943742	0.642873007282
10317.000009222	497.87755102	5.82261747244	357.0	0.96200596	0.686647211501
10317.000027198	381.029411765	4.58190847691	271.0	0.88962192	0.566917097602
10317.000007734	566.323076923	5.98763149042	423.0	0.96132712	0.686299728699
10317.000006818	274.0	3.75901922235	203.0	0.79290642	0.490391975376
10317.000026639	726.8	6.10424439841	520.0	0.94989348	0.676567894915
10317.000005041	333.8	4.80913426062	260.0	0.92726884	0.599465690517
10317.000013312	460.333333333	5.50774321647	372.0	0.9337047	0.644998335118
10317.000001285	592.891891892	6.03177593225	467.0	0.94608624	0.680228524366
10317.000017215	666.0	6.73867645432	499.0	0.98205166	0.75184141937
10317.000016698	746.447761194	6.60937810804	506.0	0.97661092	0.735765650179
10317.000014979	585.064516129	6.06550586351	419.0	0.96779936	0.696319670248
10317.000014538	492.234042553	4.29168032017	322.0	0.82657222	0.515151019145
10317.000004278	341.947368421	4.32725272423	248.0	0.84982496	0.54402136374
10317.000009556	448.212765957	5.68842022294	345.0	0.95227416	0.674746721849
10317.000022663	645.25	5.88852146676	441.0	0.95212848	0.670320573397
10317.000001141	448.178571429	5.39818948157	358.0	0.93727814	0.636292633326
10317.000002359	391.82	5.52292242862	317.0	0.95052374	0.664744470416
10317.000014236	445.068181818	5.61600524676	328.0	0.9476893	0.671967729744
10317.000001799	499.0	5.03954996949	329.0	0.8955778	0.602676854313
10317.000023213	578.037735849	5.65145023412	370.0	0.95047116	0.662430845494
10317.000013652	618.048387097	5.85754756971	418.0	0.95514922	0.672712297823
10317.000010205	547.781818182	5.38263656649	350.0	0.9358857	0.636907124348
10317.000005989	562.085714286	5.90207666407	415.0	0.96285146	0.678636162118
10317.000011072	327.75	3.91019486561	214.0	0.88385062	0.505097402402
10317.000013178	308.026315789	3.61726006693	229.0	0.70139524	0.461432074571
10317.000003423	343.72	4.34116073019	274.0	0.8251456	0.536076010284
10317.000013306	649.518518519	5.59441314074	402.0	0.93976044	0.646674339773
10317.000002489	438.288461538	5.6896876906	323.0	0.96517764	0.682594029613
10317.000004759	365.375	3.98230304241	263.0	0.84623292	0.495377929261
10317.000002687	437.794117647	4.87374329562	338.0	0.87870998	0.580146796843
10317.000004158	523.202702703	5.29747849718	386.0	0.927161	0.616526620291
10317.000004157	542.826086957	5.26108513383	352.0	0.92432762	0.621919458778
10317.000001321	524.096774194	5.89164771558	393.0	0.95860132	0.683613852506
10317.000003022	457.593220339	6.02245185404	372.0	0.96607348	0.70527460459
10317.000003757	456.117647059	5.67907746693	347.0	0.95627842	0.672972810106
10317.000002087	476.119402985	5.53200668816	385.0	0.92953486	0.644101815333
10317.000009214	475.241935484	4.89584512623	362.0	0.88167294	0.575992222832
10317.000013829	536.088235294	5.49301492047	407.0	0.92694604	0.633647225731
10317.000016757	562.357142857	5.71020892567	396.0	0.94499118	0.661718964353
10317.000014593	521.942857143	6.06391673908	413.0	0.95850608	0.697804160488
10317.000006047	434.385964912	5.4044734665	351.0	0.93438746	0.639179694137
10317.000010098	548.6	5.49826339594	417.0	0.9229011	0.631700862669
10317.000009117	505.0	5.98204833697	384.0	0.96216402	0.696805412542
10317.000026135	610.134328358	6.09284274133	432.0	0.96712826	0.695936154499
10317.000009624	599.063829787	5.85979726619	395.0	0.96034668	0.679340953051
10317.000009075	580.915492958	5.76661206492	404.0	0.96054436	0.666028090953
10317.000001765	561.6	6.27403999691	441.0	0.97373408	0.714206123215
10317.000016353	730.2	5.79780062587	501.0	0.94316898	0.646450666477
10317.000008949A	532.161290323	5.95044499664	399.0	0.95883124	0.688689387924
10317.000005571	262.24137931	3.32629752935	186.0	0.71126856	0.44120274061
10317.000006626	500.039473684	5.57883597038	388.0	0.94947836	0.648708431441
10317.000014608	453.263157895	5.14942579103	350.0	0.9003804	0.609312171107
10317.000015264	604.380952381	5.41014299395	405.0	0.93229496	0.624599583698
10317.000007732	438.21875	5.27184200749	334.0	0.93739036	0.628820128141
10317.000027644	584.842105263	5.68710562668	419.0	0.9268446	0.652879348194
10317.000007697	588.56097561	6.29954739242	463.0	0.9683771	0.711421911627
10317.000004881	419.108108108	5.137625034	288.0	0.92827076	0.628846046088
10317.000004642	291.081081081	3.1291225981	212.0	0.74777474	0.404911336303
10317.000001353	467.123287671	5.71295678389	385.0	0.95260576	0.665170171125
10317.000028759	405.0	5.28462056481	295.0	0.94267654	0.644106860908
10317.000004631	529.947368421	6.29450938862	436.0	0.96740514	0.717880595967
10317.000009433	362.161290323	4.9740658981	247.0	0.9280028	0.625797192452
10317.000009061	591.5	6.40709110634	464.0	0.96765916	0.723312807949
10317.000013995	668.696202532	6.4225327578	489.0	0.97414954	0.718911478566
10317.000015155	616.558139535	5.51832815923	367.0	0.95057672	0.64771875177
10317.000022965	745.043478261	6.10484647696	493.0	0.96024702	0.682453167068
10317.000016701	649.12345679	6.52866976836	496.0	0.9741205	0.729118453745
10317.000022638	426.872340426	4.43356645315	280.0	0.86933026	0.545382224227
10317.000013972	522.875	5.82167734137	380.0	0.95698318	0.679320353509
10317.000017163	585.486486486	5.48177980558	420.0	0.941148	0.629059600681
10317.000001026	611.047619048	6.55518652844	461.0	0.97332122	0.740814313433
10317.000010919	483.2	5.07655678208	377.0	0.88464102	0.593165135504
10317.000014311	537.138888889	5.4530503129	402.0	0.94124704	0.630333803052
10317.000005039	462.357142857	5.11762328003	317.0	0.9244277	0.615962259299
10317.000004249	732.12244898	5.61881770281	407.0	0.94818926	0.648159216901
10317.000017176	449.162790698	5.14471688192	302.0	0.9268063	0.62447974392
10317.000002258	488.654545455	5.14580930938	350.0	0.91693464	0.608884246446
10317.000013118	631.181818182	6.29097032001	428.0	0.97038524	0.719669859739
10317.000013431	751.666666667	6.66925981907	495.0	0.9791698	0.745061746044
10317.000014197	772.038461538	6.5329901144	522.0	0.97453184	0.723644011899
10317.000015541	444.958333333	4.63865521152	306.0	0.89232128	0.561758185505
10317.000022661	596.78021978	6.00005982762	469.0	0.95553304	0.676181621425
10317.000014258	644.015873016	6.36731116115	469.0	0.97161468	0.7175693091
10317.000014324	562.692307692	5.25252871219	341.0	0.93617184	0.624288209142
10317.000002369	584.788461538	4.0743553016	367.0	0.76855382	0.478231133429
10317.000002372	476.875	5.20871199837	381.0	0.88944046	0.607525815381
10317.000013056	697.202702703	5.89540846137	452.0	0.95715812	0.668400095564
10317.000013852	705.666666667	5.90250401658	423.0	0.96065378	0.676542454508
10317.000012017	703.081081081	5.90955779176	463.0	0.95389254	0.667379517796
10317.000021237	295.0	2.27910624436	212.0	0.46301752	0.29491843993
10317.000016489	406.526315789	4.27075202438	284.0	0.8198072	0.524034913202
10317.000012355	516.029850746	6.09202329961	413.0	0.96507146	0.701038518034
10317.000018409	558.387096774	5.60362843122	390.0	0.9369432	0.651029788211
10317.000004077	373.045454545	4.593190088	203.0	0.92534414	0.599215760095
10317.000004294	500.25	6.01581832031	414.0	0.95942386	0.69199141262
10317.000022993	751.0	6.33087735606	487.0	0.970482	0.709121282243
10317.000008963	288.609756098	3.97310840523	228.0	0.81596268	0.507234034697
10317.000013372	441.318181818	4.8444883454	310.0	0.91777266	0.585357119851
10317.000016407	720.654545455	5.98729507549	431.0	0.96037962	0.684141568055
10317.000006657	447.590909091	5.63609327096	350.0	0.95293994	0.666897702161
10317.000005805	536.576923077	5.9204149213	434.0	0.9520689	0.675726793604
10317.000012988	362.117647059	3.91503039288	228.0	0.82348782	0.499819400732
10317.000011093	726.76744186	6.73167008659	531.0	0.97903838	0.743619937327
10317.000004979	598.636363636	5.5968868129	390.0	0.9276293	0.650246546709
10317.000014188	526.25	5.63634257743	365.0	0.93723364	0.662183548642
10317.000011223	880.0	6.76368659721	581.0	0.9758428	0.736592912142
10317.000013608	397.666666667	5.0705901603	306.0	0.91551306	0.614067094449
10317.000009594	527.6	4.9264343138	368.0	0.89519138	0.577978354495
10317.000022994	752.411764706	6.66124304794	550.0	0.97936924	0.731740354489
10317.000002494	362.784313725	4.49708522136	286.0	0.83430428	0.551122074816
10317.000005887	499.632653061	5.08525834979	344.0	0.91681778	0.603500898421
10317.000028817	636.285714286	5.95482761171	443.0	0.95417158	0.677365177645
10317.000027879	666.188405797	5.9188294081	458.0	0.94617138	0.669611149374
10317.000002325	636.884057971	4.53764430672	406.0	0.85922708	0.523654749231
10317.000026127	522.358490566	5.65886569266	369.0	0.95395546	0.663603746881
10317.000031851	664.05	5.65826355391	444.0	0.935532	0.643392766489
10317.000036428	520.553191489	5.52562823444	353.0	0.94509338	0.652875562323
10317.000026648	408.5	4.57440341781	266.0	0.85485346	0.567876229597
10317.000027761	782.016393443	6.64479778591	512.0	0.97496532	0.738310865101
10317.000030744	520.055555556	5.39522878165	345.0	0.93622608	0.639969058433
10317.000021239	434.8	5.04085404684	284.0	0.9375824	0.618528890887
10317.000036165	623.949152542	6.12058664933	432.0	0.96723828	0.699105116749
10317.000027762	339.459459459	4.6385357128	236.0	0.88517034	0.588449290898
10317.000023342	570.8	5.29745967954	342.0	0.9338235	0.62931248441
10317.000029227	560.882352941	5.56898764512	359.0	0.95206452	0.65611364292
10317.000030751	419.42	4.54783464111	306.0	0.86832458	0.550759480812
10317.000026658	601.75	6.27536168314	428.0	0.97164002	0.717884274219
10317.000036106	345.692307692	3.96284760945	236.0	0.85586542	0.502730820694
10317.000030756	488.222222222	4.33360060644	316.0	0.84843854	0.52188283119
10317.000038402	504.916666667	5.61682115014	383.0	0.95526912	0.654549569902
10317.000033785	1112.82	6.52904797584	544.0	0.97313998	0.718467639417
10317.000028955	969.880597015	6.54734089164	563.0	0.97340048	0.716575162581
10317.000035491	699.368421053	6.12193274881	462.0	0.95755338	0.691607129864
10317.000036399	392.0	4.12779548604	252.0	0.87679996	0.517443981611
10317.000002326	632.384615385	5.15293130576	342.0	0.91516842	0.612143215463
10317.000036934	401.275862069	4.50186995956	234.0	0.8965829	0.572002711432
10317.000036101	548.725490196	5.7028675286	374.0	0.95150588	0.667244407354
10317.000043083	679.355932203	4.9087119174	433.0	0.87446548	0.560468921271
10317.000036085	536.595744681	4.85900414204	347.0	0.89405832	0.575793813489
10317.000036124	465.75	3.43474454273	268.0	0.67708094	0.425825261986
10317.000033728	501.0	5.04344500225	376.0	0.89804196	0.5895601869
10317.000036081	461.277777778	5.55381076506	342.0	0.94184448	0.659765748478
10317.000037612	415.071428571	4.57054638561	290.0	0.87059384	0.558752711713
10317.000028718	488.073170732	5.02040834851	296.0	0.93142708	0.611539907095
10317.000030771	361.8	3.62201969319	198.0	0.81499756	0.474747724292
10317.000034241	521.015625	5.86934082943	396.0	0.95882802	0.680159725439
10317.000009144	283.25	4.41107518315	207.0	0.89030226	0.573351876402
10317.000004765	434.147540984	5.91667877396	353.0	0.96473274	0.699079782016
10317.000006675	699.397058824	6.65995365875	498.0	0.9774888	0.743298239135
10317.000031829	507.0	3.84012272784	246.0	0.76968922	0.483489545441
10317.000033666	460.042553191	4.96334602263	303.0	0.92509996	0.602115887955
10317.000031926	1082.01388889	5.73012717808	500.0	0.96554026	0.639110533575
10317.000027821	464.625	5.17191988719	312.0	0.92758834	0.62422073794
10317.000013063	463.872340426	4.89193089953	317.0	0.90429276	0.588797698527
10317.000014234	461.387096774	4.83676165641	268.0	0.91280334	0.599641479557
10317.000022526	520.645833333	5.08208076955	335.0	0.93099232	0.605873902814
10317.000033713	496.555555556	3.757701157	258.0	0.74190268	0.469054370472
10317.000014018	597.411764706	5.79711330131	387.0	0.9581606	0.674381727924
10317.000010207	522.960784314	5.51000251779	356.0	0.94868376	0.650091530446
10317.000006777	358.779661017	5.33421987977	313.0	0.93890082	0.643450874872
10317.000014678	482.2	2.26861277007	220.0	0.58408626	0.291544518387
10317.000002711	277.40625	3.39607674114	193.0	0.73288222	0.447296142009
10317.000013755	401.608695652	4.8222987671	294.0	0.9102944	0.588108715116
10317.000016381	389.0	3.95427985301	239.0	0.82406574	0.500486838864
10317.000001221	470.06	5.52463142838	365.0	0.9333642	0.649059207087
10317.000009497	492.0625	4.41673921496	280.0	0.89116766	0.543312270683
10317.000002161	550.777777778	5.45634937368	368.0	0.95215174	0.640148966102
10317.000023343	285.285714286	4.17539791576	194.0	0.89561172	0.549400763201
10317.000036151	612.769230769	6.04293058936	412.0	0.96419862	0.6956691674
10317.000038424	680.163934426	5.68054951351	419.0	0.93971162	0.652126706837
10317.000036191	553.352941176	5.57416416761	376.0	0.94757244	0.651599307022
10317.000005799	173.066666667	1.81527318955	110.0	0.42091154	0.267685724728
10317.000016723	534.522727273	5.57751923535	341.0	0.9501546	0.662914890272
10317.000004927	288.166666667	3.50253423047	209.0	0.80278506	0.454440252549
10317.000016717	586.204081633	6.0550072541	379.0	0.96817078	0.706860735074
10317.000002382	563.395604396	6.33000593914	464.0	0.96927806	0.7146104674
10317.000001575	446.015873016	5.36791442905	361.0	0.92393232	0.631827451394
10317.000012154	380.142857143	4.97891205905	297.0	0.92711628	0.606125959539
10317.000006034	586.115384615	5.68423896194	399.0	0.9519277	0.657879377714
10317.000001782	559.518518519	5.78756589065	456.0	0.94505398	0.655229022592
10317.000014556	406.0	3.66063047185	247.0	0.78779742	0.460551250992
10317.000010979	502.6875	4.86442216941	336.0	0.90315342	0.579628000748
10317.000005228	203.0	0.955332572163	101.0	0.21328062	0.143481860652
10317.000002067	374.146341463	4.53694225491	285.0	0.86943992	0.55635112816
10317.000012156	651.641791045	5.99260901835	457.0	0.96223968	0.678199962376
10317.000008991	398.105263158	5.21051612235	313.0	0.93712494	0.62852886327
10317.000001405	335.078947368	4.99023977132	254.0	0.93510268	0.624663504317
10317.000010776	462.904761905	6.43708433989	395.0	0.97322358	0.746267287362
10317.000013965	490.7	5.21358858818	323.0	0.93323948	0.625476236424
10317.000003281	232.71875	4.54730164744	188.0	0.91642764	0.60192576151
10317.000002272	551.882352941	4.69643909505	350.0	0.89188008	0.555711960441
10317.000002126	450.283018868	4.88998632628	333.0	0.90249726	0.583573877687
10317.000012202	528.245283019	4.85689607273	323.0	0.92586544	0.58268369759
10317.000001794	386.157894737	4.96451421976	325.0	0.9003839	0.594959032439
10317.000002276	466.0	5.13741774603	382.0	0.86766502	0.598946123486
10317.000009198	455.97826087	5.15775031833	344.0	0.90261122	0.612103994887
10317.000014594	385.5	3.75888951306	234.0	0.74937466	0.477600422215
10317.000016737	675.975	6.09032382086	490.0	0.9586279	0.681500566816
10317.000015605	658.7	5.54145942303	368.0	0.95051892	0.650134233974
10317.000009219	514.1	4.7847075478	370.0	0.8619603	0.56083619868
10317.000007005	278.617647059	3.4922830585	197.0	0.76481254	0.458181489869
10317.000006703	304.139534884	2.94485548422	225.0	0.67336758	0.376879696546
10317.000017746	308.636363636	4.90298907904	235.0	0.93018368	0.622481880291
10317.000026105	294.777777778	4.24506177298	192.0	0.89304586	0.559668129219
10317.000001301	288.571428571	3.34168816792	226.0	0.69897718	0.427316073453
10317.000009097	329.137931034	4.0512766627	236.0	0.80055726	0.513949019044
10317.000016414	401.916666667	4.55670586624	256.0	0.90644104	0.56958823328
10317.000003732	328.0625	5.21054123509	282.0	0.93460648	0.640150913669
10317.000013814	421.25	4.06673444087	215.0	0.8753998	0.524862315615
10317.000018426	304.333333333	5.01699526127	251.0	0.92892208	0.629363087251
10317.000002132	555.04	5.00843694852	429.0	0.85557518	0.572730945103
10317.000003225	246.902439024	4.05941623938	212.0	0.85875594	0.525292187368
10317.000009392	238.0	2.73406759736	171.0	0.65363764	0.368579395704
10317.000009149	454.318181818	5.31855386216	323.0	0.93793628	0.638068960881
10317.000013912	265.75	4.05028573914	192.0	0.83777992	0.53398889431
10317.000007677	367.0	4.8880220502	272.0	0.92678148	0.604394993355
10317.000017208	402.666666667	5.33149351784	303.0	0.94639762	0.646776779009
10317.000013117	513.0	3.88572936631	343.0	0.7105336	0.461374909146
10317.000005026	261.772727273	3.80445612898	173.0	0.8502173	0.511721099225
10317.000009033	325.166666667	5.60383773213	266.0	0.95205776	0.695672408386
10317.000013524	744.901639344	6.27128563151	501.0	0.96353622	0.699243909503
10317.000002274	221.0	3.87100807653	177.0	0.83835158	0.518373399689
10317.000008999	428.038461538	3.15337773937	226.0	0.67458328	0.40323600707
10317.000016761	528.0	5.12486970382	356.0	0.91719634	0.604652062923
10317.000004025	151.454545455	2.95304544179	116.0	0.764169	0.430599828709
10317.000001128	357.75	5.45056216621	303.0	0.94047788	0.66122129378
10317.000003559	422.838709677	5.62839052877	343.0	0.95742308	0.668291052733
10317.000017117	217.75	3.01468331699	144.0	0.71808126	0.420462322324
10317.000014561	674.826086957	6.02065779796	412.0	0.95437004	0.693105097861
10317.000002056	482.659574468	6.09599736203	362.0	0.9648797	0.717189163547
10317.000002243	377.926829268	4.88000787589	262.0	0.90573294	0.607463079556
10317.000003189	412.28125	4.84220865614	322.0	0.8953062	0.581233581727
10317.000016315	376.75	3.24493338161	242.0	0.67055024	0.40977262574
10317.000011315	491.789473684	5.60315676865	358.0	0.94964426	0.660452432698
10317.000013913	385.888888889	3.40892043006	224.0	0.75186194	0.43662936604
10317.000013498	401.5	4.05797846462	247.0	0.86608214	0.510542397752
10317.000002589	510.095238095	5.61634427289	377.0	0.95932122	0.656236058153
10317.000004086	580.904109589	6.59832463936	457.0	0.97518594	0.746750456846
10317.000013551	409.153846154	3.25018286405	261.0	0.68893012	0.40486060318
10317.000006766	405.818181818	5.6400109164	333.0	0.94926542	0.673082258531
10317.000011962	500.848484848	3.36298326068	266.0	0.72341778	0.417487938828
10317.000002199	260.090909091	4.08353796534	189.0	0.87878572	0.539990354218
10317.000010556	454.826086957	4.06187285638	297.0	0.78515144	0.494486858453
10317.000028914	437.375	4.7249481029	270.0	0.91707654	0.585001359276
10317.000038479	286.294117647	4.6674655955	227.0	0.91225798	0.596363212096
10317.000042999	466.283018868	6.04323020283	349.0	0.97008956	0.715422121577
10317.000041554	661.188405797	6.26953669163	453.0	0.9715042	0.710560551438
10317.000037489	493.096774194	5.97391049799	376.0	0.96718276	0.698328184039
10317.000031493	376.962264151	5.21684141906	308.0	0.92428312	0.631060375562
10317.000039813	434.0	4.7627999938	269.0	0.89104904	0.590078944789
10317.000009455	400.875	5.08315770148	234.0	0.93823782	0.645860501081
10317.000023819	468.0	4.61129898281	283.0	0.86062564	0.566174644206
10317.000008950B	328.263157895	3.71409253751	243.0	0.78002866	0.468666297887
10317.000001067	162.066666667	1.99552457196	99.0	0.63146666	0.301013308881
10317.000009526	368.763157895	5.41673643252	261.0	0.95256524	0.674738398137
10317.000010876	267.1	5.08121039302	212.0	0.94072314	0.657513288717
10317.000001622	303.6	4.34266315277	220.0	0.89267976	0.558085387727
10317.000002271	370.483870968	3.46702150916	214.0	0.78147422	0.447850712952
10317.000002465	435.881355932	6.05735862872	368.0	0.9671114	0.710660479733
10317.000001747	269.783783784	4.33543430949	217.0	0.87079622	0.55857832792
10317.000002038	338.96875	3.79139497537	211.0	0.83976512	0.491043423055
10317.000023378	448.171428571	4.60761998562	280.0	0.86852312	0.566792911012
10317.000010178	298.6	4.77513129697	257.0	0.89691682	0.596472051322
10317.000011259	349.341463415	3.76143264954	245.0	0.74984184	0.473932750675
10317.000005025	314.394736842	4.26336448982	227.0	0.87424502	0.544731115733
10317.000001225	169.25	2.38380089281	128.0	0.63097034	0.340542984687
10317.000015394	277.772727273	3.54463899988	168.0	0.83725042	0.479503083695
10317.000042586	647.131147541	6.34916223812	459.0	0.97103078	0.718040112813
10317.000001208	216.5	4.14139311249	179.0	0.89718484	0.553379884773
