	chao1	shannon	observed_otus	simpson	equitability
10317.000002503	522.2	5.45469473797	365.0	0.93109914	0.640842721804
10317.000013618	691.5	6.64456632531	474.0	0.9800104	0.747525959435
10317.000031796	920.445783133	6.4658574175	592.0	0.96576374	0.702089164339
10317.000026504	681.46875	6.10386392566	449.0	0.96454196	0.692788638321
10317.000007104	623.246153846	5.78952611444	410.0	0.95681206	0.667036049172
10317.000007077	591.892857143	5.85995034426	395.0	0.96049154	0.679358699775
10317.000016408	842.783783784	6.47118944471	529.0	0.9726542	0.715275871932
10317.000005802	414.56097561	4.51245218421	271.0	0.8907296	0.558323307467
10317.000006952	426.238095238	5.84369166545	333.0	0.96559208	0.697389640312
10317.000013023	720.222222222	5.99299119372	401.0	0.96828542	0.693034981861
10317.000002645	471.976744186	4.77890059938	330.0	0.89026924	0.571206854936
10317.000002027	555.0	5.79186637383	402.0	0.95624704	0.669498528108
10317.000027353	967.529411765	6.55635497016	613.0	0.96050318	0.708049325284
10317.000023798	818.967741935	6.0828522543	485.0	0.95264668	0.681793398605
10317.000041962	790.064516129	6.54908321341	545.0	0.9743339	0.72046229035
10317.000040352	572.52	4.35775636392	352.0	0.78828596	0.515135834223
10317.000028811	507.615384615	4.96348080338	368.0	0.91032894	0.58232471694
10317.000027772	976.719101124	7.00498652642	627.0	0.98073694	0.753846756842
10317.000027617	729.637931034	5.50175665493	433.0	0.93412944	0.628181826387
10317.000039952	154.954545455	4.4235978741	139.0	0.89853774	0.621384252084
10317.000026028	731.516666667	6.12425616704	457.0	0.96783682	0.693098830467
10317.000001441	477.0	5.10041881834	362.0	0.89756678	0.600060152395
10317.000016347	711.052631579	6.19056542237	462.0	0.95375704	0.699360701868
10317.000001595	527.358208955	6.2587700748	419.0	0.96983778	0.718506388867
10317.000002146	630.637931034	5.85673346898	403.0	0.95942682	0.676716322867
10317.000012158	813.879518072	6.62168955079	557.0	0.97327106	0.725940384717
10317.000014313	393.6875	4.09165215037	239.0	0.85250836	0.517873829519
10317.000007749	365.8	5.54236953955	301.0	0.942335	0.673138881456
10317.000017335	674.641791045	5.96077352697	450.0	0.96653742	0.676301509834
10317.000002578	474.580645161	5.96705993358	367.0	0.96606348	0.700389049073
10317.000007719	492.522727273	5.07983883569	322.0	0.9302103	0.609757474479
10317.000006716	558.0	5.97353126763	444.0	0.95552756	0.679241391175
10317.000006802	486.25862069	5.71179488879	381.0	0.94044606	0.666203631183
10317.000002898	484.35	5.77679322174	377.0	0.95713884	0.674983553074
10317.000001647	532.693548387	5.77358691079	378.0	0.9529836	0.674307806849
10317.000002878	404.5625	5.62877542123	342.0	0.92882178	0.668671185587
10317.000017667	637.761904762	5.94966638683	423.0	0.96336978	0.681948184965
10317.000009213	443.344827586	5.67524052733	351.0	0.95095332	0.671202944542
10317.000031434	648.217391304	5.22041868626	382.0	0.92244644	0.608622792555
10317.000027217	560.6	4.73042973219	376.0	0.83513426	0.552969852112
10317.000001546	530.610169492	6.32785308562	395.0	0.97571902	0.733603834856
10317.000009074	514.090909091	5.98137976964	389.0	0.96837312	0.695216125132
10317.000027277	702.558823529	5.4998020714	463.0	0.92352894	0.621104892061
10317.000001333	229.454545455	4.32102825561	174.0	0.90900268	0.580553682562
10317.000023984	622.263888889	5.82624332385	450.0	0.94787124	0.66103789026
10317.000028933	725.294117647	6.16529688482	475.0	0.96416766	0.693370092053
10317.000015568	670.016666667	6.08184896717	439.0	0.96681988	0.692845241324
10317.000006944	559.527272727	2.97527678552	432.0	0.5618432	0.339841806623
10317.000002028	610.794117647	5.57692363819	433.0	0.9125133	0.636764273011
10317.000003896	525.238095238	5.8572993308	388.0	0.95614058	0.681088220112
10317.000011025	712.166666667	6.27283519662	443.0	0.972081	0.713538729306
10317.000017293	805.8	5.99351324591	510.0	0.95639962	0.666363990251
10317.000031284	461.807692308	3.71697258362	227.0	0.8118937	0.474918489249
10317.000020034	718.355932203	5.95566818803	472.0	0.95712016	0.670483791247
10317.000031847	639.982758621	5.45484677133	401.0	0.93558506	0.630803468756
10317.000013935	622.514285714	6.14243373904	465.0	0.96377952	0.693191907968
10317.000014019	683.602739726	6.31011797448	496.0	0.96875352	0.704710702753
10317.000023052	469.169491525	5.41533259696	342.0	0.94114926	0.643315214585
10317.000015385	732.442857143	6.43069642088	484.0	0.97386068	0.7210219789
10317.000017354	795.31884058	6.6740931534	524.0	0.97577134	0.738822166554
10317.000023475	678.328947368	6.51972936814	478.0	0.97669452	0.732482522073
10317.000003475	615.047619048	5.97223134751	465.0	0.94546078	0.673984062098
10317.000017269	547.714285714	5.67562167243	414.0	0.93783936	0.652859054161
10317.000014801	595.777777778	5.65149931528	369.0	0.95444574	0.662739906688
10317.000009716	614.923076923	6.59226453421	508.0	0.97690194	0.733395904287
10317.000013155	599.013157895	5.75278094904	450.0	0.94269382	0.652702946016
10317.000015604	500.52173913	5.6928598493	379.0	0.95435706	0.664583695589
10317.000009236	438.304347826	5.64428908654	368.0	0.93452972	0.662198399641
10317.000041289	612.714285714	5.61437084976	431.0	0.94016188	0.641529176092
10317.000030735	680.109589041	6.22535548561	481.0	0.96362006	0.69870148015
10317.000022541	647.052631579	5.21204885906	398.0	0.90637988	0.603482157446
10317.000034132	434.6	3.48225735569	242.0	0.77258378	0.439742075516
10317.000026633	621.6	5.8209717849	439.0	0.95403862	0.663126069525
10317.000028715	434.785714286	4.8045943358	258.0	0.90869664	0.599732623056
10317.000026126	507.243243243	4.46438319063	291.0	0.89347484	0.545443027975
10317.000033665	688.411764706	4.83767925504	369.0	0.89294806	0.567304872426
10317.000028755	762.154929577	6.15291336136	493.0	0.96169504	0.687826504074
10317.000016485	479.87755102	4.44223799241	314.0	0.84667242	0.535556492201
10317.000001001	510.459459459	4.52857697063	301.0	0.8714304	0.550010463005
10317.000002334	611.017857143	5.89374034027	422.0	0.95719154	0.675802466265
10317.000006797	372.023809524	4.73423394785	285.0	0.89568704	0.580544395293
10317.000013156	709.443037975	6.58022666282	494.0	0.9765535	0.735355008632
10317.000001529	668.642857143	6.15641521531	461.0	0.96786022	0.69574839574
10317.000002418b	776.066666667	6.44005665402	546.0	0.97079466	0.708262252495
10317.000005849	418.717391304	4.24535670692	286.0	0.8300672	0.520272505742
10317.000011341	586.661290323	5.7235785109	404.0	0.95718554	0.661057831897
10317.000013355	741.717391304	6.32936927653	534.0	0.96538344	0.698552222064
10317.000006794	567.458333333	5.34292211221	393.0	0.92395696	0.619944664904
10317.000028723	725.323076923	5.53091487513	452.0	0.93891146	0.627075130641
10317.000002774	499.651162791	4.56345934239	328.0	0.84566832	0.546028231696
10317.000001531	511.441558442	6.25936869311	414.0	0.96798368	0.72000668129
10317.000018027	670.048387097	6.47315187904	470.0	0.97597494	0.72924458073
10317.000001948	420.947368421	5.02350619337	280.0	0.92743132	0.617951937815
10317.000001032	437.901639344	5.53960995646	336.0	0.9543615	0.660081080992
10317.000016697	916.363636364	7.05471041049	592.0	0.98475108	0.766029223496
10317.000011162	527.153846154	4.09792551603	388.0	0.73830744	0.47650779621
10317.000005999	444.058823529	4.94159386929	351.0	0.91218138	0.584435556488
10317.000001362	546.0	6.55388401566	453.0	0.97678138	0.742787173804
10317.000010947	447.622222222	5.71042951367	307.0	0.96188286	0.691160004883
10317.000002851	494.151515152	5.44020305632	371.0	0.9346257	0.637378738971
10317.000035452	689.418604651	6.51633707181	419.0	0.97519268	0.748075063016
10317.000005928	702.647058824	6.20293027881	511.0	0.95284928	0.689430536754
10317.000027807	704.846153846	6.358438756	496.0	0.9706521	0.710107142573
10317.000031313	883.12345679	6.40354055509	558.0	0.96696492	0.701825451048
10317.000014458	494.0	5.46736083621	319.0	0.9468787	0.657339137794
10317.000016759	628.904109589	6.10779387783	459.0	0.96004418	0.690743257236
10317.000014308	631.120689655	6.07162695981	428.0	0.95758256	0.694577577111
10317.000010546	519.108108108	4.57980880848	313.0	0.8843039	0.55244853999
10317.000015305	770.140625	6.71937267375	524.0	0.97544942	0.743834609827
10317.000014295	557.520833333	5.09460809497	346.0	0.91755402	0.604010983943
10317.000011055	704.739130435	6.17964950161	499.0	0.95340376	0.689470177711
10317.000002818	525.142857143	3.79212935197	346.0	0.69077228	0.449590574667
10317.000009667	535.365384615	4.7426723852	329.0	0.9063342	0.567173436408
10317.000012254	522.703125	5.24302706481	375.0	0.91897148	0.613165983791
10317.000026037	664.406779661	6.2741856177	475.0	0.9648191	0.705616086391
10317.000007037	389.120689655	5.74260752802	351.0	0.92728772	0.679170347686
10317.000015594	789.515625	6.60922215495	506.0	0.97862424	0.735748289253
10317.000004286	543.467741935	5.53976763196	391.0	0.94345952	0.64333430252
10317.000001351	552.06	5.03007000085	349.0	0.907001	0.595480104333
10317.000010115	575.734693878	5.57248300122	380.0	0.9361398	0.650242344317
10317.000010981	539.632653061	6.02257626855	384.0	0.96321266	0.701526217272
10317.000013028	446.732142857	5.9591573788	367.0	0.95880094	0.699461479568
10317.000017095	684.940298507	6.44651886743	468.0	0.97588384	0.726747892699
10317.000011048	754.0625	6.32931298718	491.0	0.96878692	0.70801016865
10317.000002079	516.076923077	5.23500795836	333.0	0.94349244	0.624748964545
10317.000014937	556.304347826	6.28202222703	431.0	0.9682647	0.717818728286
10317.000013653	458.8125	5.00575617121	315.0	0.91258764	0.603160706433
10317.000021178	583.291666667	5.80924742549	426.0	0.94791516	0.665076193494
10317.000006741	531.3875	5.84663771831	420.0	0.95445028	0.670928734617
10317.000014548	644.142857143	6.01231711035	417.0	0.96305826	0.690760997019
10317.000013215	610.31884058	6.14531203885	444.0	0.96279252	0.698774328192
10317.000010867	528.202702703	5.74777353065	391.0	0.96014396	0.667490068365
10317.000026613	557.4375	5.86658320898	414.0	0.95779592	0.674825100407
10317.000006909	557.533333333	6.15853347363	444.0	0.96466562	0.700277717955
10317.000011163	548.5	5.20212854702	343.0	0.9099562	0.61767852557
10317.000012276	626.761904762	6.01929072513	447.0	0.95288758	0.683689362487
10317.000015003	547.229508197	5.5050353371	390.0	0.92130032	0.639575238364
10317.000001613	628.0	5.88371389759	433.0	0.95390874	0.671793096995
10317.000006029	541.596491228	5.87924306628	399.0	0.95878702	0.680448657379
10317.000005024	616.083333333	6.17319752736	465.0	0.95691624	0.696663692936
10317.000026632	757.12244898	6.23181749491	432.0	0.97143174	0.711810116734
10317.000033799	395.0	5.12008883664	255.0	0.95162984	0.640463156537
10317.000029152	637.375	4.19642327462	339.0	0.76944944	0.499268607557
10317.000022999	771.02173913	5.43641549576	397.0	0.93656576	0.629725300618
10317.000037575	743.558441558	6.8207007221	532.0	0.97910416	0.753228932469
10317.000027681	590.288135593	6.45083147411	423.0	0.97345298	0.739391510257
10317.000021296	741.153846154	6.41765420037	529.0	0.97229606	0.709358494778
10317.000028712	695.849056604	5.61531221138	428.0	0.94380894	0.642376413492
10317.000027363	765.507042254	5.8707830923	471.0	0.9544072	0.661155251015
10317.000033801	847.772727273	5.59462811026	409.0	0.93918156	0.64484276363
10317.000011225	741.596491228	5.98018939743	443.0	0.96018176	0.680250095834
10317.000011409	516.840909091	5.25753349335	335.0	0.9352196	0.626790970321
10317.000009475	407.0	4.95877141483	317.0	0.90609738	0.596842689838
10317.000012928	556.708333333	5.67521019392	354.0	0.9524447	0.670226094065
10317.000028841	718.217391304	6.00052983238	458.0	0.9656225	0.678854111324
10317.000014534	569.12244898	5.61526137998	379.0	0.94922486	0.655524860683
10317.000016715	617.359550562	6.5561953638	478.0	0.97779114	0.736579425941
10317.000008954A	491.217391304	5.79838090408	386.0	0.94565116	0.674822216617
10317.000015912	512.47826087	5.22152616172	333.0	0.92809412	0.623140038912
10317.000016725	669.517857143	6.40011951376	422.0	0.97842186	0.733866153253
10317.000018358	521.12244898	4.75965059593	331.0	0.88040586	0.568609286742
10317.000010102	571.078431373	5.58841741716	372.0	0.95380202	0.654445893417
10317.000008949B	550.411764706	5.96230348243	396.0	0.95785572	0.690932562522
10317.000010869	618.545454545	6.13040120284	433.0	0.95946452	0.699959461245
10317.000014571	549.480392157	6.45677418807	466.0	0.97457174	0.728411394199
10317.000010827	557.775510204	5.9357836099	384.0	0.9630248	0.691416370125
10317.000014162	621.655737705	5.86810271943	426.0	0.95765644	0.671814287431
10317.000016736	581.247058824	5.75540026854	455.0	0.9527531	0.651821177314
10317.000001929	509.220779221	5.76617481652	402.0	0.95379916	0.666528766947
10317.000003196	632.630769231	6.13315847911	463.0	0.96037566	0.692631241217
10317.000028833	301.7	4.11773602343	199.0	0.89122116	0.539208908128
10317.000004291	1008.41818182	6.27772274659	517.0	0.97078568	0.69643981476
10317.000035347	954.461538462	6.31754636423	549.0	0.97158314	0.694185338265
10317.000031035	584.068965517	4.94774580123	362.0	0.88603352	0.582098295305
10317.000016765	689.901408451	6.14096226651	463.0	0.96385834	0.693512540301
10317.000004918	631.0	6.28356097673	470.0	0.97146846	0.707885876246
10317.000001347	584.6875	5.91808875348	445.0	0.95198402	0.672688843062
10317.000005938	476.0	5.6735816615	401.0	0.9407961	0.656098171475
10317.000003982	550.695652174	5.10424951071	374.0	0.88613196	0.597205164363
10317.000001934	585.0	5.48524508784	411.0	0.919481	0.631722735166
10317.000015355	606.109090909	5.94751238801	411.0	0.95510562	0.684960969478
10317.000002418a	767.214285714	6.4191142135	497.0	0.9773582	0.716650785456
10317.000026083	626.614285714	5.74468565203	438.0	0.93741752	0.654680918523
10317.000009476	410.117647059	4.68389373749	301.0	0.8854724	0.568874191591
10317.000003729	552.829787234	5.75297584081	465.0	0.94279062	0.649240426354
10317.000017219	753.981132075	6.42262433232	470.0	0.97404396	0.723552308972
10317.000004283	168.476190476	3.10185101017	135.0	0.74478066	0.438311690849
10317.000003473	593.5	6.58594127689	506.0	0.96930664	0.733156627813
10317.000007068	307.256410256	4.92448264263	238.0	0.93124624	0.623761407834
10317.000011342	598.0	6.03352194597	451.0	0.9503702	0.684306811011
10317.000026056	477.875	4.73787296934	319.0	0.90818406	0.569633032453
10317.000012209	600.35	5.77472109534	404.0	0.9477629	0.666964662026
10317.000016355	779.842105263	6.48023264087	478.0	0.97605938	0.728045119725
10317.000015185	546.962264151	5.20505285733	366.0	0.90944728	0.611230193193
10317.000003028	461.181818182	5.28939204867	367.0	0.91399202	0.620847169022
10317.000012985	759.725490196	6.18169221604	468.0	0.9602596	0.696892677072
10317.000016755	729.4	6.05812358882	476.0	0.94231126	0.681084621409
10317.000014327	488.050847458	5.59492863017	365.0	0.95628378	0.657318046912
10317.000013249	467.962264151	5.27817466779	317.0	0.94540804	0.635286384997
10317.000008950A	383.6875	3.78597044363	250.0	0.78870518	0.475279057069
10317.000016716	581.767857143	6.12446634286	403.0	0.96872138	0.707651520257
10317.000022662	586.406779661	5.89203085714	407.0	0.95702388	0.67967574467
10317.000022443	666.666666667	5.22250163675	398.0	0.93158594	0.6046924425
10317.000017074	493.042553191	5.47689319677	356.0	0.94632008	0.64618516396
10317.000002511	484.888888889	4.91477389495	372.0	0.88679412	0.575557148388
10317.000013821	471.526315789	5.06658532317	305.0	0.9301024	0.613933203113
10317.000004819	337.529411765	4.95372719299	259.0	0.9210297	0.617917631959
10317.000017075	538.75862069	5.00542929175	371.0	0.90033828	0.586440281173
10317.000010834	604.722222222	5.66789786386	395.0	0.9408262	0.657093575378
10317.000014303	509.944444444	6.02772867441	371.0	0.9677608	0.706213731653
10317.000015265	570.615384615	5.65102056849	387.0	0.9568613	0.657386671165
10317.000003193	397.97826087	4.8650410273	277.0	0.91810506	0.599605080829
10317.000013619	708.108108108	6.66588159494	500.0	0.97810606	0.7434800329
10317.000005015	641.090909091	5.91135036846	426.0	0.96533272	0.676765528046
10317.000022925	395.0	5.27585833106	275.0	0.94610014	0.651076261364
10317.000003439	680.857142857	5.31169888103	378.0	0.94030716	0.620363056529
10317.000016735	610.52173913	6.07057713613	442.0	0.96463748	0.690787943438
10317.000011168	506.803571429	5.93873778384	375.0	0.96171652	0.694528552055
10317.000004972	518.338709677	6.31317239124	407.0	0.97164024	0.728256563872
10317.000009382	555.164179104	5.9155851718	395.0	0.96618576	0.68580858448
10317.000027308	465.49122807	5.56561038501	366.0	0.92106588	0.65357052159
10317.000003895	560.042253521	5.97103384844	413.0	0.96318562	0.687115678056
10317.000001322	402.381818182	5.03753142774	305.0	0.9345439	0.610412656247
10317.000026106	582.264150943	5.59180022691	388.0	0.93314506	0.650215918408
10317.000008957B	624.949152542	6.32474323142	433.0	0.9701346	0.72214912504
10317.000001047	365.23255814	4.87337904203	270.0	0.910568	0.603378767717
10317.000017071	416.75	4.56479852178	303.0	0.84915714	0.55376709638
10317.000015262	542.092307692	5.48789908958	377.0	0.95044882	0.641228010803
10317.000003981	460.642857143	5.42317627218	367.0	0.94518312	0.636550213087
10317.000014334	660.88	6.40313244459	487.0	0.97081284	0.717214571395
10317.000011378	679.93220339	5.74054963557	445.0	0.95469478	0.652508580683
10317.000016718	540.85	5.91465926903	374.0	0.96664234	0.692024371751
10317.000016714	672.549295775	6.57958575718	463.0	0.97888712	0.743047267605
10317.000007748	446.111111111	5.32526014509	345.0	0.92641178	0.631669547091
10317.000007073	630.197368421	5.75701622468	450.0	0.95491248	0.653183474809
10317.000001247	716.243589744	6.74841152055	512.0	0.98051442	0.749823502284
10317.000002036	396.090909091	4.97881786142	272.0	0.92847696	0.615621729478
10317.000012112	586.185185185	5.79362016442	382.0	0.96071808	0.675449517633
10317.000002437	457.567567568	4.91794348271	310.0	0.91806054	0.594232667597
10317.000003731	522.507042254	5.51603908621	397.0	0.94639672	0.638948471561
10317.000013171	523.553846154	5.50958442525	376.0	0.9384078	0.64405017246
10317.000001487	499.046875	5.78673454939	376.0	0.96053262	0.676448003489
10317.000014306	548.4	5.28761358217	342.0	0.9317777	0.628142815857
10317.000002064	559.633802817	6.20857039275	436.0	0.96777924	0.708079365441
10317.000002336	489.0	5.3550445652	364.0	0.90781638	0.629428047064
10317.000006074	442.549295775	5.69464912082	355.0	0.9619379	0.672198706479
10317.000012061	456.222222222	4.62163911023	315.0	0.89171428	0.556877126105
10317.000016756	712.352941176	6.03536055225	434.0	0.96267714	0.688846117785
10317.000011018	756.666666667	6.26476833798	510.0	0.96068712	0.696522366167
10317.000015261	661.416666667	5.79096039107	422.0	0.9584489	0.664017260413
10317.000013458	645.151515152	6.33221899208	450.0	0.96933718	0.71844522285
10317.000041935	474.333333333	4.23392933044	313.0	0.81056546	0.510726140509
10317.000033721	652.225352113	6.2593109749	457.0	0.97123538	0.708383352672
10317.000031491	464.815384615	6.38432377173	384.0	0.97719424	0.743663559531
10317.000017671	417.936170213	5.2008379138	295.0	0.94006962	0.633895157024
10317.000036943	522.947368421	5.97608516074	416.0	0.9612425	0.686871624232
10317.000036102	562.283783784	6.24837574052	427.0	0.96907196	0.71507321677
10317.000028894	622.47826087	5.27107314766	373.0	0.93728074	0.617002635431
10317.000040358	520.117647059	5.63350287933	348.0	0.94876706	0.667243939522
10317.000031506	696.681818182	6.12456908592	466.0	0.95847412	0.690934168797
10317.000016446	666.5	5.91787256537	473.0	0.9448619	0.665999862782
10317.000028793	534.96875	5.45654823628	365.0	0.95063424	0.641060479344
10317.000042026	852.786885246	6.47810086141	510.0	0.97233052	0.720240860767
10317.000037582	565.4	5.77465167636	368.0	0.9565836	0.677492778973
10317.000029202	458.142857143	4.6281726408	318.0	0.86414398	0.556746999289
10317.000022618	850.333333333	6.36286998213	521.0	0.96712434	0.705016242488
10317.000021229	475.885714286	3.29483406287	258.0	0.69428804	0.411277068771
10317.000034121	411.533333333	4.50745839631	233.0	0.91159108	0.573162729543
10317.000036071	481.411764706	4.92923541671	327.0	0.90945674	0.590105204623
10317.000036166	574.705882353	5.76013846356	370.0	0.96088734	0.675170661424
10317.000031593	626.157894737	4.86292284913	336.0	0.8830908	0.579449346843
10317.000034194	1047.25352113	6.02587289168	562.0	0.9467104	0.659688159982
10317.000036131	695.225806452	5.97414325202	444.0	0.95982042	0.679310979014
10317.000002347	485.333333333	4.9657280392	324.0	0.9221889	0.595421744694
10317.000016767	740.352941176	6.21019613247	452.0	0.96570338	0.704089583548
10317.000036109	344.243243243	4.12019682032	236.0	0.81759562	0.522692299336
10317.000004973	659.338709677	6.32548274367	449.0	0.96752446	0.71794237717
10317.000031379	745.93220339	5.91742933815	448.0	0.95238816	0.671873609105
10317.000004737	686.553191489	5.69748903504	426.0	0.92556076	0.652281447554
10317.000006666	548.520833333	4.85665850901	337.0	0.91285524	0.578407420092
10317.000003969	308.4	4.98597776132	250.0	0.93307456	0.625924276022
10317.000001749	607.658536585	6.29412976724	475.0	0.96476222	0.707859072749
10317.000009507	548.558441558	6.37239467529	443.0	0.97484834	0.724863679136
10317.000040348	819.0	5.98101036245	507.0	0.9567172	0.6656037803
10317.000026595	792.886792453	6.09612620195	436.0	0.96232422	0.695255251959
10317.000012335	621.842105263	5.54890619438	407.0	0.9379769	0.640094568616
10317.000022554	803.653846154	6.28207473227	462.0	0.97184486	0.70969869377
10317.000003718	696.011494253	6.45532321661	519.0	0.96913074	0.71570023641
10317.000006113	500.474576271	5.15344897244	367.0	0.90831504	0.604890727668
10317.000006662	640.448275862	6.28329262994	432.0	0.97103136	0.717689705137
10317.000013756	709.7	6.64671010939	515.0	0.97265058	0.737832355479
10317.000001216	540.898876404	6.25729761395	451.0	0.96972944	0.709686881741
10317.000016722	562.117647059	6.15251387352	390.0	0.97197442	0.714799322118
10317.000016358	407.068181818	4.90920319555	314.0	0.91625762	0.591853846507
10317.000035392	947.2	6.00971818285	461.0	0.96571132	0.679169880253
10317.000043118	805.346153846	6.52758042203	532.0	0.97224362	0.72085884328
10317.000006685	372.725806452	4.95914458216	288.0	0.92603298	0.607000013009
10317.000005992	435.976744186	4.29954257771	309.0	0.82620222	0.519804363896
10317.000012947	631.4	6.01684321931	451.0	0.96257572	0.682415151984
10317.000012122	631.56	5.65143815167	399.0	0.94849782	0.654083095258
10317.000004758	631.844827586	5.68695086653	407.0	0.95074628	0.656018724075
10317.000042014	745.24137931	6.65219960337	558.0	0.97617856	0.729078382018
10317.000027267	790.918918919	6.3707715731	522.0	0.96774574	0.705675444064
10317.000006625	400.0	4.94856611382	303.0	0.9137784	0.600322900347
10317.000008951B	259.636363636	4.14199589033	206.0	0.87235328	0.538866272849
10317.000006778	869.678571429	6.54966272302	567.0	0.9761052	0.716028860922
10317.000012971	781.026315789	6.39885639419	527.0	0.96976246	0.707708207849
10317.000017652	852.756097561	6.92079089703	580.0	0.97999788	0.753906256497
10317.000015254	715.263888889	6.27951638224	494.0	0.96527242	0.701749963957
10317.000001438	573.084745763	5.91934788572	401.0	0.96493088	0.684518802381
10317.000006803	480.397058824	5.77015024227	384.0	0.95516642	0.672122940757
10317.000013299	676.114754098	5.80426830184	457.0	0.95160318	0.656884928063
10317.000036039	453.622222222	5.23905369032	313.0	0.93166556	0.631971264126
10317.000011026	666.045454545	5.79098814644	438.0	0.94314756	0.659957684113
10317.000012993	628.444444444	5.9355088148	439.0	0.96144062	0.676174146936
10317.000009419	632.666666667	6.11599813284	446.0	0.9598971	0.69492872347
10317.000010693	739.085365854	6.2794429669	527.0	0.96790578	0.694501181873
10317.000008951A	385.44	3.96422675954	218.0	0.85732614	0.510315743525
10317.000001669	510.660377358	5.10223270595	350.0	0.92341606	0.603727990987
10317.000036068	623.549019608	5.76356693172	416.0	0.94983538	0.662445476141
10317.000042981	707.921875	6.18140521338	459.0	0.96579192	0.699068118012
10317.000028776	922.304347826	6.77486090689	592.0	0.97420828	0.735642023247
10317.000004011	319.872340426	4.77590313134	267.0	0.91608174	0.592492654705
10317.000004285	589.869047619	6.2015783648	469.0	0.9643708	0.698891916843
10317.000026116	535.615384615	5.09202283903	375.0	0.90602162	0.595506213297
10317.000022498	681.246153846	6.3948115179	468.0	0.97061266	0.720918667953
10317.000023929	649.642857143	5.26860298167	454.0	0.8662447	0.596904100086
10317.000009558	500.739130435	5.4980884603	392.0	0.93865734	0.638220968529
10317.000002051	591.846153846	5.83093266971	429.0	0.93578922	0.66678598794
10317.000016726	668.494505495	6.80387263506	518.0	0.98032196	0.754576610479
10317.000005927	697.8	5.88028660192	504.0	0.93264756	0.655018741983
10317.000013539	629.0	6.21086786853	478.0	0.96294082	0.697782362384
10317.000004289	635.408450704	6.09284924638	454.0	0.95465268	0.690286724777
10317.000011073	545.714285714	5.50451605004	400.0	0.94454678	0.636812543983
10317.000001111	462.666666667	4.90641742899	337.0	0.88761962	0.584333496318
10317.000013053	445.038461538	4.22282818053	296.0	0.8570793	0.514386036738
10317.000010225	700.166666667	6.85702908319	503.0	0.98257514	0.764064219964
10317.000003226	642.133333333	6.4254855753	483.0	0.97053478	0.720678836297
10317.000013167	556.733333333	6.03991867711	427.0	0.96293322	0.69121708694
10317.000010879	524.517857143	5.09526373822	363.0	0.9175258	0.599173112809
10317.000013055	620.516129032	5.3870700121	423.0	0.92211442	0.617463632105
10317.000006665	563.93902439	6.94436099706	484.0	0.98476038	0.778615033364
10317.000002638	440.25	5.69685924136	374.0	0.95496966	0.666541428363
10317.000002443	630.22972973	6.69765313905	508.0	0.9772292	0.745120490088
10317.000017349	795.264705882	6.99890482374	534.0	0.98226274	0.772446716732
10317.000005814	514.764705882	6.20369015284	408.0	0.97034912	0.715335088884
10317.000020071	670.0	5.80630158501	406.0	0.96176482	0.670060761694
10317.000004026	535.676056338	6.06538576656	430.0	0.95324296	0.693330139246
10317.000013134	605.25	6.2474923924	411.0	0.97524334	0.719508958826
10317.000004822	477.967213115	6.15798805436	385.0	0.96700908	0.716985988666
10317.000009101	528.49122807	6.61841142326	429.0	0.97935166	0.756836727403
10317.000013159	747.71875	6.30524800834	496.0	0.9665015	0.70416682746
10317.000016772	544.205128205	6.27793975915	440.0	0.97063822	0.714916591958
10317.000006635	533.947368421	5.40062402563	427.0	0.91337974	0.618055276275
10317.000001734	537.52173913	6.2311395526	416.0	0.96772726	0.716186739345
10317.000001286	584.567164179	5.66160957682	420.0	0.93598128	0.649695899127
10317.000014397	728.202702703	6.36425980538	483.0	0.9743119	0.713811788492
10317.000016731	695.492537313	6.29281384246	476.0	0.96180462	0.707469676154
10317.000016458	903.448275862	6.65884387694	582.0	0.97094262	0.724979232525
10317.000009174	502.88	6.25891772522	420.0	0.96680882	0.718239773315
10317.000013222	554.142857143	5.3748650578	405.0	0.9242806	0.62052675526
10317.000004847	417.294117647	5.48530082625	326.0	0.93772142	0.657022330218
10317.000002261	611.808823529	6.14058971479	454.0	0.9605652	0.695695460534
10317.000016729	747.630136986	6.65584125214	517.0	0.97725558	0.73838763447
10317.000001652	472.964912281	6.26963337051	379.0	0.97339394	0.731916159129
10317.000017083	555.615384615	5.71374821577	395.0	0.95772442	0.662409121351
10317.000002606	466.549295775	5.65554738512	394.0	0.9314135	0.655939850925
10317.000011357	607.835443038	6.12712008275	472.0	0.96394926	0.689785692017
10317.000004813	587.1	6.3210507226	443.0	0.96654006	0.719023274024
10317.000013453	484.234375	5.43371079822	367.0	0.929847	0.637786712596
10317.000016768	720.901408451	6.44601034205	494.0	0.97166398	0.720356035378
10317.000013174	419.565217391	4.05517958385	282.0	0.80867076	0.498206769425
10317.000016166	559.522727273	5.44822051162	357.0	0.93195124	0.642495482428
10317.000011358	700.075	6.93480043625	533.0	0.98251154	0.765600217852
10317.000001436	572.763888889	6.11173530196	449.0	0.96146306	0.693682039637
10317.000009385	587.213483146	6.52836517787	481.0	0.97449492	0.732709710037
10317.000006053	512.172413793	5.47009653176	387.0	0.92802714	0.636339667566
10317.000002185	401.705882353	5.33701928514	316.0	0.93241344	0.64272160441
10317.000016488	411.181818182	4.21530647249	252.0	0.83578152	0.528414009902
10317.000001516	426.75	5.02506311609	334.0	0.88743828	0.599384584759
10317.000011352	652.545454545	6.4242190416	508.0	0.96603992	0.714700678182
10317.000004009	444.428571429	5.55954234247	351.0	0.94836074	0.657519478266
10317.000013801	513.775862069	5.71913967154	378.0	0.95234838	0.667948813895
10317.000003996	814.95890411	6.64387675235	569.0	0.96417856	0.725925478372
10317.000017339	663.056603774	5.94851072592	417.0	0.94978152	0.683430219065
10317.000010183	777.8	6.87449483704	571.0	0.97864816	0.750708134743
10317.000012318	491.272727273	5.15178528705	370.0	0.8876124	0.603862962979
10317.000007666	638.318181818	6.26510911524	448.0	0.96707546	0.711349681112
10317.000002349	475.703125	5.64735416263	366.0	0.94947418	0.663169706528
10317.000015908	422.733333333	5.50659181918	306.0	0.95060356	0.666868496924
10317.000001423	409.06122449	4.84034056771	316.0	0.89605758	0.582908040867
10317.000005845	538.045454545	6.16369813149	411.0	0.9661001	0.709858571497
10317.000009118	560.444444444	5.8096273856	406.0	0.95917422	0.670444566849
10317.000005576	589.2	6.11765459617	433.0	0.96760958	0.698504073964
10317.000002801	679.482142857	6.56800090398	458.0	0.97302158	0.743053453845
10317.000013265	897.014285714	6.41805190744	556.0	0.9663267	0.703815482111
10317.000010833	457.666666667	4.85807616831	312.0	0.90677462	0.58634162108
10317.000013238	400.88372093	4.90767155732	264.0	0.9410954	0.610073485274
10317.000012983	611.774647887	5.81816377053	448.0	0.92278512	0.660602850915
10317.000004915	517.243589744	6.06891212774	403.0	0.96621086	0.701232507958
10317.000001099	847.031914894	7.34905935262	654.0	0.98654858	0.785731207873
10317.000015856	787.909090909	6.41501697166	519.0	0.97019614	0.711231492077
10317.000003061	612.3125	5.97204554468	433.0	0.95561512	0.681878664001
10317.000028859	595.0	6.35143931033	479.0	0.97129158	0.713333736944
10317.000012903	697.0	6.52753082562	492.0	0.97493696	0.729943554659
10317.000004736	614.5	5.66247115479	453.0	0.90763932	0.641758526053
10317.000010962	593.537313433	6.13957304387	442.0	0.9631422	0.698639180667
10317.000002348	664.232142857	5.75398257715	462.0	0.92908366	0.650039054455
10317.000002444	460.263888889	5.7040386413	377.0	0.95018272	0.66648261781
10317.000015584	671.130434783	5.6277057395	453.0	0.93522072	0.637818373235
10317.000023375	693.381578947	4.94649328333	467.0	0.8527854	0.557836674422
10317.000015624	813.863636364	6.16911189205	550.0	0.9586484	0.677679539732
10317.000006671	690.833333333	6.58042907568	496.0	0.97550154	0.734898906343
10317.000009102	507.2	5.37312762498	373.0	0.92383418	0.628948567444
10317.000015214	753.682926829	6.33540566398	511.0	0.97152182	0.704154638395
10317.000002172	659.453125	5.77327556177	435.0	0.94229258	0.65868341618
10317.000001189	543.942307692	5.68729898831	370.0	0.9488345	0.666632832518
10317.000007678	333.659574468	3.03002250404	263.0	0.70016442	0.376919148964
10317.000003358	523.144927536	5.83801401293	394.0	0.95467492	0.677102635797
10317.000009231	566.033898305	5.09946275714	415.0	0.90023294	0.586349522607
10317.000018318	517.126760563	6.31385724626	428.0	0.96754552	0.722288061727
10317.000013859	665.936708861	6.03602515653	471.0	0.95316934	0.679764464936
10317.000013757	566.0	6.53039293529	464.0	0.97005434	0.73723266497
10317.000012298	736.661290323	5.82965281176	471.0	0.94160816	0.656523245279
10317.000017171	698.75	6.17787390988	499.0	0.96350094	0.689272073022
10317.000014587	480.666666667	5.23620472603	322.0	0.93625264	0.628526823954
10317.000016764	561.234375	6.18858909111	422.0	0.9685468	0.709611134698
10317.000016727	599.766666667	6.01127362935	416.0	0.96456364	0.690916071382
10317.000002013	599.558441558	5.87955904386	475.0	0.93935506	0.661235050256
10317.000013454	525.942857143	6.33193827089	417.0	0.9749531	0.727482584964
10317.000016766	718.037735849	6.08700584757	447.0	0.96288278	0.69138065221
10317.000001234	606.5	4.67289796899	381.0	0.85040604	0.545030354854
10317.000026623	915.488636364	6.58403764531	624.0	0.96439282	0.709074037949
10317.000006761	650.295774648	6.82006129438	495.0	0.98050588	0.761908654629
10317.000009532	532.642857143	6.62262692686	439.0	0.9792797	0.754450756029
10317.000005846	438.583333333	6.218436421	357.0	0.9725971	0.733325183835
10317.000004821	863.988636364	6.78690399908	605.0	0.97229728	0.734450519996
10317.000002712	569.1375	5.67479272416	444.0	0.93657808	0.645272273953
10317.000013734	817.5	6.71189882604	528.0	0.9792891	0.742105965028
10317.000009659	572.820895522	5.85760101881	417.0	0.95574596	0.672985513843
10317.000017292	645.192307692	6.87663019408	500.0	0.98123294	0.766985907284
10317.000015862	612.153846154	5.9577519531	414.0	0.96405212	0.685312117247
10317.000002446	507.857142857	4.43475722286	376.0	0.84176212	0.518406822321
10317.000006678	485.064516129	5.7549619935	383.0	0.95102752	0.670647648724
10317.000014224	650.448275862	6.5960341985	442.0	0.9807251	0.750581171551
10317.000017218	651.04	6.50960639194	464.0	0.97743776	0.734886019232
10317.000009661	583.3125	6.18235351579	451.0	0.96539238	0.701186911528
10317.000006729	479.015384615	5.82181480189	371.0	0.96375528	0.682088690171
10317.000013686	509.0	5.53937704387	332.0	0.95303608	0.661415040404
10317.000010845	718.890625	6.53761622076	481.0	0.97727064	0.733747998915
10317.000017205	694.721518987	6.38210730594	502.0	0.96206724	0.711372270285
10317.000014551	570.701754386	5.85867599836	385.0	0.9643424	0.682136529963
10317.000005238	582.833333333	5.68684355205	429.0	0.93661584	0.650308931848
10317.000022448	789.322033898	5.89575382972	485.0	0.95018782	0.660822566924
10317.000001004	324.4	5.27663605412	266.0	0.94576012	0.655052891859
10317.000014122	631.638888889	5.81661346224	446.0	0.95526348	0.660911216851
10317.000016728	873.368421053	6.7449006226	565.0	0.97594512	0.737784033847
10317.000010773	498.169491525	4.47809752138	371.0	0.85121536	0.524657650021
10317.000005553	497.25862069	6.33357523171	392.0	0.97108938	0.735204707566
10317.000014054	687.011494253	6.3852802162	516.0	0.97142852	0.708591630775
10317.000026081	587.769230769	5.37804971514	387.0	0.94014578	0.625631805219
10317.000016769	561.603448276	5.67572196368	389.0	0.948589	0.659689500229
10317.000004738	652.034090909	6.41010212035	502.0	0.97025052	0.71449267139
10317.000036427	742.25	6.39492714659	506.0	0.9712168	0.711892655095
10317.000043092	635.62295082	6.33769628049	445.0	0.9655817	0.720384190942
10317.000036069	371.459459459	5.16615861858	268.0	0.93929042	0.640478737166
10317.000028711	602.565217391	5.70912668847	388.0	0.95109076	0.663858668481
10317.000027901	808.081395349	6.86253182668	579.0	0.97743432	0.747762679724
10317.000031057	609.288135593	5.71337214736	407.0	0.9483641	0.659066553279
10317.000021275	761.125	5.35000977523	465.0	0.91924004	0.603764507897
10317.000031439	634.118644068	5.69528382705	402.0	0.94399002	0.658334273145
10317.000036437	653.166666667	6.19283477609	501.0	0.96373384	0.690496694646
10317.000043117	653.034883721	5.98170655281	476.0	0.95903406	0.672493435165
10317.000040144	473.782608696	4.58498028615	308.0	0.85211382	0.554626669454
10317.000039994	553.417910448	5.7035715753	404.0	0.94248206	0.658747084968
10317.000036067	551.430769231	6.63245108823	436.0	0.97980674	0.756422406574
10317.000036877	716.066666667	6.54805829441	543.0	0.97088492	0.720770104871
10317.000038417	592.592105263	5.90170823057	459.0	0.9483706	0.667436597891
10317.000031891	522.48	6.16120557629	432.0	0.96238296	0.703744688297
10317.000028719	687.596774194	5.84184900122	419.0	0.95971548	0.670643877313
10317.000023341	835.178571429	5.36142781105	432.0	0.93542918	0.612392541848
10317.000035492	741.126760563	6.38647469402	504.0	0.96337348	0.711404205778
10317.000027775	733.552238806	5.91852266972	485.0	0.94886332	0.663374600765
10317.000036094	415.5	4.13265457762	278.0	0.81173494	0.509013988475
10317.000039831	544.153846154	5.63088898804	423.0	0.93657114	0.645410057551
10317.000043164	529.083333333	5.32019146097	335.0	0.94118972	0.634260908149
10317.000036422	663.763157895	6.35571120856	468.0	0.96982442	0.716510697077
10317.000036939	584.625	5.53017850724	393.0	0.94539966	0.641672214105
10317.000036147	629.0	6.05654604593	472.0	0.94205346	0.681840530152
10317.000035412	639.105263158	6.06545040683	427.0	0.96255314	0.694138975261
10317.000031272	339.285714286	3.78041151445	209.0	0.81614272	0.490493754043
10317.000037565	638.642857143	5.77222880858	431.0	0.9401183	0.659566902664
10317.000014232	612.467532468	6.1328813694	475.0	0.96299204	0.689724533805
10317.000009677	688.672413793	5.38290821035	414.0	0.9436967	0.619188622088
10317.000036045	668.6	6.26298690865	411.0	0.9698576	0.721293425706
10317.000018424	589.741935484	4.8402393673	382.0	0.88461336	0.564299566261
10317.000014978	666.513888889	6.33715114762	467.0	0.97023616	0.714666960816
10317.000017133	630.684210526	5.81352346815	424.0	0.95327102	0.666083461509
10317.000026136	543.774647887	6.01094723921	422.0	0.96285328	0.689241930305
10317.000013197	735.430379747	6.30683950908	496.0	0.97317546	0.704344565437
10317.000001936	604.22	4.81885796593	353.0	0.91288316	0.569367766122
10317.000009495	415.918367347	4.77775568764	298.0	0.92048634	0.581294284908
10317.000033748	578.096774194	5.12676368829	393.0	0.87066954	0.594863584014
10317.000006717	534.098591549	6.00987334713	416.0	0.95970312	0.690755127537
10317.000022553	783.370786517	6.47554436224	553.0	0.97077376	0.710728563004
10317.000034127	505.15625	5.53811111319	386.0	0.94156708	0.644531719992
10317.000005085	369.042253521	5.74273618014	331.0	0.96078158	0.686053116195
10317.000009648	663.8	6.06804046731	461.0	0.9565835	0.685760994469
10317.000013001	867.85	5.9240875449	488.0	0.9496309	0.663336891567
10317.000034147	838.0	5.562330218	473.0	0.94217628	0.625986977756
10317.000028856	750.512195122	5.416781461	396.0	0.94017678	0.627715564379
10317.000005163	462.5	4.41306353394	277.0	0.88053042	0.543899897684
10317.000009628	569.090909091	6.04697791607	430.0	0.9624071	0.691225950324
10317.000016762	527.625	5.76724404243	402.0	0.94589474	0.666652361852
10317.000014291	643.652173913	6.48716676607	486.0	0.96843408	0.726868689224
10317.000011191	534.886792453	6.02804086004	391.0	0.96701698	0.700037568342
10317.000013764	712.878787879	5.83778175545	455.0	0.94827048	0.661151196997
10317.000016333	667.345679012	6.07217797014	464.0	0.96563284	0.685503612333
10317.000034126	579.671641791	6.00186815857	426.0	0.95692858	0.687128527395
10317.000006036	526.835294118	6.46349600222	440.0	0.973798	0.736047288015
10317.000013902	681.987341772	6.17268628435	498.0	0.95771224	0.688915731397
10317.000015295	531.857142857	4.82997172766	348.0	0.88758174	0.572072018489
10317.000006795	800.621621622	6.2586106817	529.0	0.96126632	0.691779038565
10317.000002141	474.872340426	5.04297129172	328.0	0.90892806	0.603402920968
10317.000006017	446.222222222	4.83191727563	314.0	0.88515168	0.582536251133
10317.000014451	461.057692308	5.34713973888	335.0	0.93555448	0.637473619447
10317.000013984	624.509090909	6.07357381242	399.0	0.97007116	0.702940004277
10317.000015587	428.538461538	4.88622538854	309.0	0.89494808	0.590732905661
10317.000003508	526.03125	6.1065757978	420.0	0.95617062	0.700757832152
10317.000036114	452.8	5.217396944	322.0	0.93340944	0.626269235467
10317.000010712	552.011111111	6.3826409411	453.0	0.97335048	0.723379268646
10317.000013986	573.803571429	5.99865326317	405.0	0.96025774	0.692542939274
10317.000014259	651.764705882	5.76492330738	443.0	0.94707906	0.655763450236
10317.000006899	767.442857143	6.53863994042	519.0	0.97642338	0.724937542882
10317.000003879	387.596774194	5.46483832037	323.0	0.94843222	0.655618763828
10317.000003287	579.927710843	6.80245937838	491.0	0.98021722	0.76093731207
10317.000013952	604.754098361	5.98606990649	404.0	0.96346842	0.691374877873
10317.000010169	315.227272727	3.94762347297	236.0	0.8482812	0.500799471478
10317.000001805	492.4	6.19872425984	405.0	0.96896756	0.715641083144
10317.000005009	530.166666667	5.85641454027	382.0	0.95818566	0.682770403309
10317.000033803	553.666666667	5.57728814965	363.0	0.94526066	0.655856354715
10317.000014237	705.75	5.95220502765	452.0	0.95220276	0.674839484892
10317.000017185	803.416666667	6.4274097957	538.0	0.9717903	0.708530724024
10317.000035361	366.434782609	5.50076618762	296.0	0.95044642	0.670052674963
10317.000044399	460.017857143	5.47411181913	345.0	0.93101442	0.649325974565
10317.000005987	581.725490196	6.22718821213	407.0	0.97271722	0.718337851227
10317.000003922	665.533333333	6.11758852209	474.0	0.96829766	0.688239985202
10317.000015542	449.357142857	4.87879193562	304.0	0.91259414	0.591517314824
10317.000017114	275.162790698	5.03713549706	219.0	0.94710452	0.647880830491
10317.000014222	534.37037037	5.38269186204	300.0	0.94978414	0.65412692447
10317.000001882	659.451612903	6.39611483669	484.0	0.96296172	0.717144625557
10317.000012004	766.178571429	6.44581856734	541.0	0.96488446	0.709932195583
10317.000001732	579.621621622	6.36419926005	461.0	0.9665618	0.719230472684
10317.000001151	572.278688525	6.05784128912	424.0	0.9675166	0.694076134247
10317.000002262	541.967213115	6.38041097493	449.0	0.96641206	0.724176732162
10317.000027295	640.325581395	6.06639934741	483.0	0.96250366	0.680403927604
10317.000029188	748.045454545	5.8524883571	476.0	0.94980682	0.657966077871
10317.000014392	535.014492754	5.52227635257	394.0	0.9476286	0.640482853526
10317.000002512	609.275	5.31697650942	359.0	0.93113426	0.62642279876
10317.000012242	589.042857143	6.09489352162	444.0	0.96267968	0.693041313288
10317.000031519	627.227272727	5.70162722764	380.0	0.95294938	0.66531193619
10317.000015329	620.842105263	6.29043271491	430.0	0.9697464	0.719055103501
10317.000014318	593.701754386	6.3204720276	423.0	0.97450372	0.724449766945
10317.000013609	452.820895522	4.671690586	339.0	0.88612232	0.555813439486
10317.000014317	564.909090909	5.52257160215	388.0	0.9303565	0.642165996736
10317.000029154	481.835820896	5.79734677936	384.0	0.94796542	0.675290868058
10317.000009529	389.06	5.05935565465	294.0	0.93073728	0.617019246853
10317.000011955	555.288135593	5.52211879868	388.0	0.94576556	0.642113344637
10317.000003266	446.157894737	5.39407459926	354.0	0.92899322	0.637024784322
10317.000016405	739.982758621	6.44606651334	456.0	0.97678752	0.729780004393
10317.000010984	673.0	6.09276615542	424.0	0.9695362	0.698077644856
10317.000010843	547.153846154	6.08456181202	426.0	0.9639735	0.696595774395
10317.000008955	419.0	5.77661044936	320.0	0.96650376	0.694143278275
10317.000027648	424.386363636	4.66168859918	305.0	0.87282118	0.564870663586
10317.000014357	532.411764706	5.40107902739	381.0	0.92542686	0.62996282787
10317.000017093	504.837209302	4.96041361933	336.0	0.90208664	0.591066015433
10317.000014379	670.549295775	5.90893723152	461.0	0.94961878	0.667780429938
10317.000005915	482.636363636	4.51918688897	284.0	0.8662564	0.554518664531
10317.000001363	396.435483871	5.13727661079	348.0	0.86991304	0.608469855722
10317.000013604	418.181818182	2.62467974847	209.0	0.56233334	0.340542033073
10317.000014095	510.833333333	5.44282968228	365.0	0.93482836	0.639448760282
10317.000012275	661.888888889	5.77639352612	399.0	0.95809834	0.668545112871
10317.000011389	695.625	6.24694776351	455.0	0.96806428	0.707490818334
10317.000002205	353.684210526	3.91059509291	277.0	0.80361036	0.481971821742
10317.000011155	556.620689655	5.62907653329	396.0	0.93526184	0.65231705921
10317.000006929	437.0	5.25547078727	326.0	0.93394926	0.62949358156
10317.000013648	478.358490566	5.00198233789	325.0	0.90401644	0.599449299628
10317.000012155	867.514285714	6.93024957337	557.0	0.9832852	0.759768032448
10317.000006654	518.528301887	6.28947719482	397.0	0.97141256	0.728539406219
10317.000002071	602.263157895	5.4418498809	414.0	0.92848026	0.625968602415
10317.000004159	410.488372093	5.03138397944	311.0	0.89023886	0.607598509741
10317.000002568	339.717948718	4.81743851703	246.0	0.90506594	0.606538208245
10317.000008957A	625.0	6.45272205234	451.0	0.9724235	0.73185142766
10317.000002749	756.222222222	6.34083245512	513.0	0.96660012	0.704316643642
10317.000017661	631.796875	6.21907420091	438.0	0.97188518	0.708743603539
10317.000002201	227.11627907	3.69630670506	190.0	0.81961492	0.488292894383
10317.000001939	525.568181818	4.93135749997	335.0	0.8818862	0.587905023585
10317.000009447	512.875	5.21757792781	354.0	0.9265663	0.616181032165
10317.000029245	671.0	6.22064448666	500.0	0.96932458	0.693820449964
10317.000014958	497.5	5.90944468553	370.0	0.95907236	0.692671487365
10317.000015364	796.862068966	5.9143690411	464.0	0.95621566	0.667688161033
10317.000016484	609.113207547	5.3718480349	381.0	0.9408602	0.626553427897
10317.000010908	621.109090909	5.95509494463	426.0	0.94630822	0.681773659749
10317.000001524	645.842105263	5.36662712439	431.0	0.92689854	0.61322060292
10317.000014949	483.565217391	5.28586082075	346.0	0.93366662	0.626685691187
10317.000015933	561.725806452	6.21997834088	418.0	0.96984906	0.71433579878
10317.000014012	660.818181818	5.77349962093	438.0	0.95505506	0.657964641388
10317.000004774	525.571428571	5.48972558959	364.0	0.93108614	0.645258356807
10317.000008954B	548.04109589	5.72108277198	407.0	0.94178344	0.65995601307
10317.000016703	678.815384615	6.28636954935	463.0	0.97042596	0.709933708471
10317.000003365	365.0	5.07056470891	280.0	0.91866032	0.623740703619
10317.000017216	743.3	6.89324750363	508.0	0.9838671	0.766880555257
10317.000004163	474.017241379	5.3723254608	355.0	0.94082184	0.634151490095
10317.000013697	625.018518519	5.42742771131	404.0	0.92050714	0.626853215831
10317.000017161	520.666666667	4.67635172761	330.0	0.89584346	0.558949513042
10317.000001072	518.277777778	5.10807762306	363.0	0.91550136	0.600679950465
10317.000011956	647.193548387	5.43661035966	410.0	0.94060564	0.626375116635
10317.000007641	477.23880597	6.02412143928	391.0	0.96363832	0.69958240524
10317.000017079	413.5	4.62459647021	262.0	0.91894516	0.575669483522
10317.000009193	400.3	4.95895203893	311.0	0.89220976	0.598851505082
10317.000012984	623.083333333	6.099053981	453.0	0.96545242	0.691238822444
10317.000015581	483.653846154	5.14891364557	337.0	0.9321672	0.613213766725
10317.000014802	503.482758621	5.60370610855	372.0	0.95112658	0.656236314666
10317.000017353	789.924242424	6.60833196822	515.0	0.9765015	0.733572107352
10317.000001059	392.681818182	5.24320675655	332.0	0.93799208	0.626051590506
10317.000017088	530.368421053	5.6485924309	390.0	0.9495677	0.656253707596
10317.000004602	389.428571429	5.49350586348	308.0	0.94959874	0.664527363376
10317.000014399	472.666666667	5.4697447041	347.0	0.94528422	0.648166799188
10317.000005008	511.948275862	5.63980424522	374.0	0.938082	0.659865904708
10317.000010104	585.584415584	6.41123632924	450.0	0.97151124	0.727410425803
10317.000010565	604.482142857	5.5445801132	383.0	0.93448088	0.646131046614
10317.000027194	441.068181818	4.96459615901	324.0	0.91895138	0.595286025204
10317.000015224	571.157894737	6.6717053193	433.0	0.97674514	0.761764704521
10317.000013933	475.731707317	5.78491150099	340.0	0.95706986	0.687910877842
10317.000018033	653.6	5.40871678697	383.0	0.93392774	0.63029837554
10317.000006084	417.027777778	5.45369874209	285.0	0.95523198	0.668770126956
10317.000002059	588.970588235	6.23005270477	429.0	0.9699222	0.71242665333
10317.000003047	427.542372881	5.18219996624	335.0	0.92637382	0.617809881639
10317.000008982	389.0	5.52083074835	302.0	0.95001972	0.670133469165
10317.000010765	494.048387097	5.24548607719	365.0	0.89534646	0.616263922432
10317.000012072	511.438596491	5.16227482997	348.0	0.91617174	0.611430697424
10317.000017183	503.436619718	5.91672176367	419.0	0.94732176	0.679239265469
10317.000012228	595.766666667	6.213880324	412.0	0.97103836	0.715349098818
10317.000011224	675.0	5.40757721208	417.0	0.8999488	0.621281838252
10317.000026111	415.277777778	4.45111301537	275.0	0.8866068	0.549297164387
10317.000006637	631.0	6.37465755466	488.0	0.96963668	0.713788494019
10317.000012113	375.0	4.3343928398	278.0	0.86788624	0.533861842446
10317.000013079	510.660377358	5.48262661466	350.0	0.94698496	0.648738570379
10317.000004162	450.762711864	5.87724817817	351.0	0.9647055	0.695094113455
10317.000012906	602.596491228	5.2372342562	385.0	0.9389684	0.609780913492
10317.000012976	597.923076923	6.08875988554	426.0	0.96733386	0.697076394095
10317.000009533	299.4	3.86282305056	200.0	0.81847098	0.505350042525
10317.000014309	517.270833333	5.687781043	371.0	0.94018386	0.666385182906
10317.000002371	534.631578947	5.8462241688	426.0	0.94798502	0.669309504607
10317.000002329	590.592105263	5.93453632151	457.0	0.93101734	0.671627716349
10317.000010761	572.054054054	6.1088727798	448.0	0.95213958	0.693610378355
10317.000009129	489.344262295	6.01141248677	380.0	0.95977214	0.701460183404
10317.000014323	537.610169492	5.70816754871	402.0	0.9434169	0.659823539666
10317.000006894	603.942857143	5.91447828583	429.0	0.9537694	0.676339699043
10317.000014241	347.865384615	4.88493336124	284.0	0.91344022	0.599396924789
10317.000001685	451.372093023	5.01722854318	317.0	0.9219273	0.603878648305
10317.000011302	616.522727273	5.3121414764	389.0	0.91423348	0.617430518644
10317.000012231	415.487179487	5.27746861914	286.0	0.94513516	0.64675880309
10317.000001579	594.761904762	5.75022172109	415.0	0.95302568	0.661175484874
10317.000017662	690.059701493	6.19510140307	468.0	0.96600558	0.698404360915
10317.000003432	372.23255814	4.75575052629	277.0	0.87339658	0.586135278761
10317.000011116	630.939759036	6.5042810894	489.0	0.97631248	0.728062045197
10317.000006841	600.695652174	6.26823159355	424.0	0.96563498	0.718181567554
10317.000013563	593.467741935	5.35023881571	432.0	0.8728268	0.611114513395
10317.000017217	758.388888889	6.80281027235	522.0	0.98146172	0.75353135876
10317.000006728	341.416666667	4.44998844184	258.0	0.87283154	0.555469006178
10317.000013286	474.0	5.42692932051	363.0	0.93454394	0.638175038825
10317.000022964	570.202702703	5.54618441085	411.0	0.94532712	0.63874097322
10317.000002466	517.328947368	5.52184739867	407.0	0.92021266	0.636973198825
10317.000017644	588.31884058	5.83823358153	422.0	0.95547314	0.669437814569
10317.000017173	491.692307692	5.61119936184	380.0	0.94428686	0.654760082117
10317.000013332	698.764150943	6.95966768799	568.0	0.9781136	0.760640441434
10317.000002173	385.117647059	4.7939668033	262.0	0.91132302	0.596752692144
10317.000011329	529.382978723	5.82135957276	380.0	0.95696564	0.679283273699
10317.000007039	473.380952381	6.18438379215	401.0	0.96349308	0.71516779696
10317.000002886	535.411764706	5.92528361365	414.0	0.96085192	0.681577328248
10317.000009126	450.631578947	5.24233641829	353.0	0.91269518	0.619403476269
10317.000022636	447.895833333	5.01877982118	323.0	0.9119442	0.602104953411
10317.000014233	574.085714286	6.57157747495	441.0	0.9778805	0.748076339027
10317.000023088	695.517857143	5.99800692417	448.0	0.96146604	0.681022506445
10317.000004974	582.151515152	6.20091226685	441.0	0.96462888	0.70588161897
10317.000002414	237.0	3.81566487623	159.0	0.8486193	0.521772999727
10317.000006027	609.021276596	5.75331348217	402.0	0.95332932	0.66504208824
10317.000017098	628.794117647	6.26136321745	451.0	0.97177396	0.710147992215
10317.000014559	500.108695652	5.28465441125	337.0	0.93713554	0.629379915927
10317.000016313	584.357142857	5.73079727707	356.0	0.95062172	0.676141755017
10317.000022899	520.947368421	5.99536743146	427.0	0.95695158	0.686118577526
10317.000003837	644.607142857	5.50518733496	403.0	0.94120254	0.636096921559
10317.000010285	466.567567568	4.85116394472	280.0	0.93490508	0.596751759609
10317.000005848	475.142857143	4.7071963613	330.0	0.86854826	0.56263627443
10317.000005907	516.916666667	5.70982357612	395.0	0.9463472	0.661954128062
10317.000014132	841.287671233	6.16795301564	532.0	0.94954716	0.681144189547
10317.000003382	656.6	6.20517935818	487.0	0.96140262	0.695041855268
10317.000003221	348.0	4.44327856066	257.0	0.85904374	0.555019603199
10317.000014607	416.634146341	3.92373160063	286.0	0.78609478	0.4808570428
10317.000017125	846.898734177	6.89144580151	595.0	0.97643132	0.747709214026
10317.000013826	607.380952381	5.1291283455	413.0	0.89407472	0.590233549233
10317.000004872	403.06122449	5.44065708815	300.0	0.94343946	0.661171097916
10317.000014293	535.381818182	5.58904767434	361.0	0.95550062	0.657855819885
10317.000016721	610.774647887	6.69284987516	447.0	0.98204162	0.760194260973
10317.000016763	583.671875	6.267259209	416.0	0.96976578	0.720338214164
10317.000012173	460.025641026	5.27578661957	289.0	0.94699756	0.645362028289
10317.000012951	498.776119403	5.83465192564	406.0	0.94566704	0.673332457207
10317.000004705	610.131578947	5.39428160532	449.0	0.88106956	0.612251035341
10317.000007651	362.277777778	4.16415988184	265.0	0.86888816	0.517296674125
10317.000001827	499.095238095	5.28391513975	380.0	0.90315392	0.616569914505
10317.000014666	704.402985075	6.47285163367	500.0	0.96978748	0.721950409262
10317.000017146	447.018867925	5.01902816831	344.0	0.89813982	0.595640929216
10317.000004161	436.630769231	5.9434933875	365.0	0.96179374	0.698269043905
10317.000023299	454.518518519	5.08759923651	331.0	0.9276916	0.607787507675
10317.000013733	484.318181818	5.63723106106	385.0	0.94104152	0.656353284542
10317.000012034	344.340909091	4.83307581401	245.0	0.93080472	0.608957577649
10317.000014391	768.739130435	6.48199066199	503.0	0.97256198	0.722274483435
10317.000014646	615.47826087	5.5447423912	438.0	0.93302552	0.63189480879
10317.000001793	549.0	5.90245360589	422.0	0.95224278	0.676801568033
10317.000013214	440.41025641	4.73866211954	295.0	0.8973845	0.577563657652
10317.000023154	616.56	5.5342761465	384.0	0.94495296	0.644647678546
10317.000009222	476.0	5.82305949431	359.0	0.96227246	0.686047271285
10317.000027198	369.0	4.57019548114	264.0	0.8896573	0.568121776896
10317.000007734	592.216666667	5.96172042495	423.0	0.96031174	0.683329813594
10317.000006818	300.037037037	3.76569824113	200.0	0.7929628	0.492643784451
10317.000026639	863.911764706	6.09048863446	535.0	0.94962322	0.671987547694
10317.000005041	330.775510204	4.79399983137	263.0	0.9264058	0.596348817267
10317.000013312	449.880597015	5.50289668016	373.0	0.9337621	0.64413861448
10317.000001285	584.761363636	6.05636244205	471.0	0.94805726	0.682054807282
10317.000017215	811.459016393	6.77460378774	514.0	0.98206406	0.752263627107
10317.000016698	659.553846154	6.58380582905	483.0	0.97628738	0.738435946619
10317.000014979	555.0	6.07475751331	418.0	0.96757826	0.697657857126
10317.000014538	449.666666667	4.31210712384	324.0	0.82986632	0.517048522737
10317.000004278	321.0	4.33857456075	240.0	0.8519998	0.548708055119
10317.000009556	445.0625	5.68827764129	344.0	0.95233856	0.675065145339
10317.000022663	635.121621622	5.85838026962	441.0	0.95060446	0.666889446473
10317.000001141	420.157894737	5.40818857058	353.0	0.9371438	0.638999585996
10317.000002359	429.636363636	5.54372904199	326.0	0.95096832	0.664020787308
10317.000014236	454.071428571	5.62697977204	329.0	0.94822754	0.67292724327
10317.000001799	487.11627907	5.03182238002	332.0	0.8922919	0.600811783785
10317.000023213	508.769230769	5.60142512773	350.0	0.9486371	0.662795551265
10317.000013652	537.230769231	5.80465146748	396.0	0.95263458	0.672663296123
10317.000010205	512.25	5.33548291857	336.0	0.9342959	0.635757997437
10317.000005989	579.791044776	5.9115932514	413.0	0.9635601	0.680275561725
10317.000011072	424.535714286	3.90587333854	222.0	0.8829827	0.50111174532
10317.000013178	339.181818182	3.62514606285	231.0	0.70608528	0.461699176035
10317.000003423	339.773584906	4.35955835102	274.0	0.82951758	0.538347873453
10317.000013306	662.078431373	5.59798954611	400.0	0.9411914	0.647626409233
10317.000002489	481.882352941	5.67516954357	325.0	0.96522796	0.680125633869
10317.000004759	337.591836735	3.96134270993	263.0	0.84528672	0.492770572163
10317.000002687	471.046875	4.91359064586	348.0	0.8824169	0.581976019179
10317.000004158	546.788461538	5.26087724631	365.0	0.92524936	0.618072148041
10317.000004157	459.272727273	5.27586548257	338.0	0.92641554	0.628013474373
10317.000001321	468.901408451	5.87911889477	386.0	0.95730832	0.684218596528
10317.000003022	462.436619718	6.01077310248	387.0	0.9657065	0.699236902976
10317.000003757	452.75	5.71383112167	360.0	0.95624762	0.672860335295
10317.000002087	491.808219178	5.5362300529	394.0	0.92922652	0.642101227042
10317.000009214	539.982758621	4.86824737723	377.0	0.87852822	0.568825434076
10317.000013829	510.3	5.4798476588	396.0	0.92762078	0.635023895762
10317.000016757	521.368421053	5.66368126105	381.0	0.94435682	0.660591827165
10317.000014593	496.888888889	6.07086578582	409.0	0.95909392	0.699734422701
10317.000006047	445.970588235	5.41482055375	361.0	0.93454288	0.637348511317
10317.000010098	599.263888889	5.49004782668	427.0	0.9223553	0.628289066259
10317.000009117	535.75	5.95092891212	372.0	0.96302884	0.696898727821
10317.000026135	579.461538462	6.11740632391	440.0	0.96660416	0.696635432721
10317.000009624	540.322033898	5.85762301963	396.0	0.9600365	0.678801824692
10317.000009075	647.862068966	5.77453525887	406.0	0.96089598	0.666394853478
10317.000001765	616.283783784	6.31121637547	455.0	0.97411938	0.714769485388
10317.000016353	676.039473684	5.81840453019	478.0	0.94504694	0.653689652447
10317.000008949A	520.101694915	5.98249830684	395.0	0.95911428	0.693565991582
10317.000005571	255.64	3.31359322981	175.0	0.70925296	0.444705321065
10317.000006626	539.47826087	5.57715547311	371.0	0.94973812	0.653424198637
10317.000014608	447.368421053	5.06863485322	346.0	0.8969247	0.600931625725
10317.000015264	569.303571429	5.41558578371	388.0	0.93296008	0.629725659212
10317.000007732	453.41025641	5.23753867227	308.0	0.93655364	0.633564039242
10317.000027644	558.743243243	5.677391608	431.0	0.92440712	0.648730277728
10317.000007697	597.481481481	6.30789262004	465.0	0.96855384	0.711864434574
10317.000004881	393.275	5.11546605512	284.0	0.92672374	0.627684022597
10317.000004642	349.571428571	3.18567577048	241.0	0.74913274	0.402593241877
10317.000001353	482.887096774	5.69354559098	379.0	0.95213012	0.66466374898
10317.000028759	430.5	5.28093655891	298.0	0.94234312	0.642514695467
10317.000004631	507.666666667	6.30056240191	435.0	0.96762958	0.718842522299
10317.000009433	369.0	4.97571420629	264.0	0.92696512	0.618531878531
10317.000009061	647.327868852	6.45015076207	469.0	0.96877066	0.726904985289
10317.000013995	738.933333333	6.41412297453	497.0	0.97410116	0.716093547307
10317.000015155	497.178571429	5.52107377875	361.0	0.95108562	0.649854989437
10317.000022965	669.444444444	6.07923640248	465.0	0.96019702	0.686059900661
10317.000016701	766.029850746	6.53156390788	512.0	0.97414474	0.725729323098
10317.000022638	443.227272727	4.480058431	289.0	0.87102252	0.548024361933
10317.000013972	464.193548387	5.84004184824	371.0	0.95793602	0.684224186163
10317.000017163	558.455696203	5.50208817306	417.0	0.94202162	0.632140295056
10317.000001026	635.96875	6.51232534105	466.0	0.97263016	0.734678315051
10317.000010919	506.661764706	5.13443898176	389.0	0.88953788	0.59677614716
10317.000014311	549.444444444	5.44983207647	395.0	0.94147246	0.63181266324
10317.000005039	445.396226415	5.11959771047	326.0	0.92418982	0.613218877881
10317.000004249	577.35	5.57358171499	381.0	0.94784038	0.650082933564
10317.000017176	426.956521739	5.14306859391	299.0	0.9271761	0.625372999382
10317.000002258	494.566037736	5.13105808173	353.0	0.91574016	0.606255485945
10317.000013118	624.5	6.26050307581	410.0	0.97013542	0.721299317936
10317.000013431	717.851851852	6.6541845304	510.0	0.97909008	0.739817995491
10317.000014197	798.705128205	6.53907600261	528.0	0.97458208	0.722997684125
10317.000015541	490.5	4.61610657061	303.0	0.89133174	0.55999140378
10317.000022661	669.5	6.01028520916	476.0	0.9559205	0.675706390968
10317.000014258	685.571428571	6.35646735144	476.0	0.97176464	0.71462592271
10317.000014324	543.346938776	5.3088130984	356.0	0.93763232	0.626354420138
10317.000002369	525.567164179	3.99439228079	361.0	0.75954444	0.47015777319
10317.000002372	476.355932203	5.17269037614	371.0	0.88454402	0.606036729677
10317.000013056	661.723684211	5.89742185647	445.0	0.95738998	0.670339707789
10317.000013852	679.553191489	5.90675031003	419.0	0.96091164	0.678094543254
10317.000012017	646.68	5.92574696171	446.0	0.95409452	0.673311482814
10317.000021237	318.885714286	2.23831851321	212.0	0.45620494	0.289640470081
10317.000016489	431.25	4.24471641559	295.0	0.8173301	0.517359937644
10317.000012355	558.0	6.12012627824	423.0	0.9656794	0.701486223906
10317.000018409	653.672413793	5.58792057451	406.0	0.93744324	0.644859083123
10317.000004077	267.933333333	4.61534217565	192.0	0.92515158	0.608485826425
10317.000004294	519.333333333	6.03032140871	416.0	0.9603191	0.693105360657
10317.000022993	761.681818182	6.36742065625	501.0	0.97111288	0.709962896724
10317.000008963	295.682926829	3.95146296789	228.0	0.8143909	0.504470630986
10317.000013372	410.12	4.83029319761	303.0	0.91689884	0.585974917829
10317.000016407	678.0	6.00983151693	413.0	0.96058034	0.691580312987
10317.000006657	480.263157895	5.65914643334	355.0	0.95448278	0.668007954758
10317.000005805	553.0	5.92064259876	439.0	0.95180732	0.674480585143
10317.000012988	310.676470588	3.90002794728	213.0	0.8237364	0.504224222856
10317.000011093	776.789473684	6.71320052171	533.0	0.97820852	0.741135643218
10317.000004979	733.348837209	5.62504610133	411.0	0.92694776	0.647823288051
10317.000014188	498.1	5.65395536791	371.0	0.93821008	0.662422138529
10317.000011223	771.22826087	6.78839820557	574.0	0.9764592	0.740694723895
10317.000013608	395.071428571	5.06459656528	291.0	0.91609242	0.618775039703
10317.000009594	532.928571429	4.98603243827	369.0	0.8988525	0.584701950498
10317.000022994	716.108695652	6.64315554585	541.0	0.9792405	0.731666576245
10317.000002494	373.02173913	4.48061437362	284.0	0.83156572	0.549785693705
10317.000005887	487.762711864	5.12112564518	350.0	0.9183233	0.605963521372
10317.000028817	619.088235294	5.96231224046	439.0	0.95399546	0.679227597625
10317.000027879	633.408450704	5.88979784106	452.0	0.94484066	0.667763983719
10317.000002325	622.436619718	4.58090669922	408.0	0.8622308	0.528215178406
10317.000026127	585.981132075	5.64425700845	389.0	0.95292468	0.656032326618
10317.000031851	737.654545455	5.71222265044	464.0	0.9362869	0.644867340941
10317.000036428	470.294117647	5.52272849061	344.0	0.94481712	0.655418343879
10317.000026648	430.8125	4.64755597228	273.0	0.86054326	0.574285857262
10317.000027761	853.25862069	6.63622248331	517.0	0.97484424	0.736211161841
10317.000030744	467.25862069	5.41804280427	340.0	0.9389049	0.644284805572
10317.000021239	435.0	4.99068403667	270.0	0.93537494	0.617902436512
10317.000036165	600.28125	6.09479787973	428.0	0.96689406	0.697228267201
10317.000027762	394.59375	4.62352716894	243.0	0.88483574	0.583424171466
10317.000023342	701.37254902	5.38843902852	389.0	0.93644094	0.626298587648
10317.000029227	555.708333333	5.56978643814	353.0	0.9526586	0.658093034591
10317.000030751	411.019230769	4.56729179997	310.0	0.86944836	0.551863598988
10317.000026658	674.844827586	6.28179980325	450.0	0.97118148	0.712724728124
10317.000036106	364.642857143	3.95577824891	242.0	0.85274098	0.499538649726
10317.000030756	429.0	4.29495216186	299.0	0.8465904	0.522246022315
10317.000038402	518.043478261	5.6140371093	385.0	0.95512004	0.653652769652
10317.000033785	922.548387097	6.47949009581	534.0	0.97232726	0.71512057624
10317.000028955	813.285714286	6.54476781909	557.0	0.97325356	0.717507402307
10317.000035491	567.117647059	6.08426292312	451.0	0.9569467	0.690061724406
10317.000036399	400.405405405	4.12430417637	250.0	0.87713172	0.51775243077
10317.000002326	573.733333333	5.12127792402	332.0	0.9135926	0.611492992482
10317.000036934	383.775	4.51381754216	242.0	0.89873542	0.570008271
10317.000036101	498.947368421	5.6979593979	392.0	0.95013534	0.661422090936
10317.000043083	628.197368421	4.97209436985	448.0	0.87465484	0.564538889809
10317.000036085	469.654545455	4.8708164307	342.0	0.89602954	0.578629338312
10317.000036124	519.032258065	3.41898471663	277.0	0.6731818	0.421381977226
10317.000033728	414.558823529	5.04314954104	353.0	0.8986403	0.595868732531
10317.000036081	550.857142857	5.59168953559	345.0	0.94383716	0.663272760426
10317.000037612	492.181818182	4.59010625416	297.0	0.87255892	0.55879327144
10317.000028718	509.565217391	5.06153239539	310.0	0.93309888	0.611582444575
10317.000030771	301.111111111	3.64204881123	187.0	0.81658816	0.482589074299
10317.000034241	493.590909091	5.87106930625	389.0	0.9590212	0.682394733433
10317.000009144	295.125	4.41745056034	213.0	0.89043974	0.571120413983
10317.000004765	449.266666667	5.93152022039	360.0	0.96477666	0.69849538765
10317.000006675	649.253012048	6.6686155472	496.0	0.97777782	0.744747525746
10317.000031829	441.794117647	3.85209137296	249.0	0.77007324	0.483930959544
10317.000033666	500.318181818	4.98995710605	327.0	0.92552378	0.597374523673
10317.000031926	923.2	5.68565768544	452.0	0.96489546	0.644619310976
10317.000027821	501.523809524	5.11838897784	317.0	0.92460008	0.616054419455
10317.000013063	473.442307692	4.89729795608	322.0	0.9042733	0.587846215216
10317.000014234	467.5	4.82396504794	286.0	0.91051616	0.591181508732
10317.000022526	518.591836735	5.08244709299	334.0	0.9307706	0.606229289069
10317.000033713	538.12	3.77445600866	262.0	0.74380872	0.469844051277
10317.000014018	570.886792453	5.78742154559	382.0	0.95819094	0.674726851324
10317.000010207	622.5	5.56120736609	367.0	0.94997686	0.652751737403
10317.000006777	390.0	5.34534450938	320.0	0.9391108	0.642320439257
10317.000014678	399.428571429	2.27473071978	225.0	0.58143462	0.291117791005
10317.000002711	252.277777778	3.39664890912	189.0	0.73385744	0.449158955581
10317.000013755	408.404255319	4.81904335381	290.0	0.9100973	0.589131651804
10317.000016381	403.7	3.95843432058	242.0	0.82235506	0.499874060452
10317.000001221	433.25	5.51965050802	362.0	0.9338444	0.64938242191
10317.000009497	394.162790698	4.36398360765	272.0	0.88839252	0.539598597646
10317.000002161	503.081967213	5.43824256132	357.0	0.95190698	0.641318806855
10317.000023343	268.085714286	4.17888332369	193.0	0.89605608	0.55039933755
10317.000036151	647.678571429	6.07554281052	429.0	0.96485992	0.694757947769
10317.000038424	618.402985075	5.70462651647	414.0	0.94129594	0.656195441985
10317.000036191	535.392857143	5.58368982876	381.0	0.94720146	0.651261908339
10317.000005799	175.5	1.83185956326	111.0	0.42229094	0.269612516998
10317.000016723	579.56097561	5.58300223446	349.0	0.95020278	0.660938466563
10317.000004927	255.630434783	3.50164652946	209.0	0.80276052	0.45432507678
10317.000016717	603.622222222	6.05033614555	378.0	0.96810926	0.706629857668
10317.000002382	586.666666667	6.28920614563	465.0	0.96873376	0.709755610384
10317.000001575	455.436619718	5.36912259062	371.0	0.92362914	0.629050892175
10317.000012154	401.185185185	4.96640261003	302.0	0.92586862	0.602835472058
10317.000006034	552.693548387	5.69137869915	398.0	0.95216712	0.658981830195
10317.000001782	556.347826087	5.80586443306	468.0	0.94403408	0.654523755967
10317.000014556	330.0	3.61653291782	225.0	0.78761136	0.462840311153
10317.000010979	493.865384615	4.87500132135	340.0	0.90351624	0.579709203481
10317.000005228	161.894736842	0.919032751519	100.0	0.20441706	0.138328212602
10317.000002067	368.023255814	4.5399365713	285.0	0.86976154	0.556718311873
10317.000012156	698.47826087	5.98177691889	465.0	0.9616725	0.675061308206
10317.000008991	458.567567568	5.22291383919	311.0	0.93803878	0.630727982234
10317.000001405	351.717948718	4.97443791346	258.0	0.93413308	0.620933317064
10317.000010776	488.528301887	6.44100019976	397.0	0.97317772	0.746091020866
10317.000013965	522.365853659	5.21363941357	321.0	0.93332572	0.626155475361
10317.000003281	285.689655172	4.54988312548	200.0	0.91665786	0.595234003953
10317.000002272	493.068965517	4.6990451602	344.0	0.89263792	0.557666450912
10317.000002126	473.471698113	4.88262491709	341.0	0.90084592	0.580323370404
10317.000012202	429.468085106	4.83909713992	290.0	0.92670716	0.591583242145
10317.000001794	387.20754717	4.96529118041	323.0	0.90133346	0.595687900521
10317.000002276	511.833333333	5.21282927401	384.0	0.8756398	0.607204664385
10317.000009198	487.418604651	5.15562303409	348.0	0.90265798	0.610642844717
10317.000014594	368.8	3.75140263463	233.0	0.74847872	0.477023631642
10317.000016737	711.118421053	6.08501924748	492.0	0.95827294	0.680459533373
10317.000015605	518.695652174	5.48260089108	342.0	0.94938384	0.651306361259
10317.000009219	522.430769231	4.82487310111	377.0	0.86353	0.563757410714
10317.000007005	268.964285714	3.51134263997	190.0	0.76790348	0.463858602019
10317.000006703	360.6	2.9338301271	218.0	0.67634534	0.377672568575
10317.000017746	369.823529412	4.92004888457	244.0	0.9304661	0.62037723293
10317.000026105	268.933333333	4.27578281483	193.0	0.89508662	0.563161937413
10317.000001301	312.263157895	3.30968354611	227.0	0.69283004	0.422879070063
10317.000009097	361.535714286	4.04151808425	240.0	0.8028249	0.511138738469
10317.000016414	385.487179487	4.54481324861	256.0	0.90522672	0.568101656077
10317.000003732	350.333333333	5.21257612026	287.0	0.93452156	0.638412190986
10317.000013814	369.096774194	4.06507829894	222.0	0.87496422	0.521537260603
10317.000018426	308.972972973	5.01554921385	251.0	0.92893114	0.62918168607
10317.000002132	560.014492754	4.96649407752	419.0	0.85562294	0.570153190215
10317.000003225	266.108108108	4.0551321059	215.0	0.8589822	0.523364890965
10317.000009392	256.833333333	2.75501870153	174.0	0.65740148	0.370151768996
10317.000009149	395.142857143	5.27544558798	312.0	0.93515472	0.63671568967
10317.000013912	305.714285714	4.01570600067	194.0	0.83535536	0.528388428138
10317.000007677	325.171875	4.8512963802	272.0	0.92391066	0.599853931379
10317.000017208	411.902439024	5.29894201278	303.0	0.94562644	0.642827874724
10317.000013117	540.8125	3.86042562367	341.0	0.7066419	0.458830085694
10317.000005026	243.730769231	3.78497089764	171.0	0.84803342	0.510251570794
10317.000009033	344.357142857	5.60525053566	271.0	0.95192754	0.693534665963
10317.000013524	647.43902439	6.28907559674	500.0	0.9634661	0.701452923365
10317.000002274	227.578947368	3.86822728704	181.0	0.83756754	0.515774236602
10317.000008999	368.5	3.12735766558	226.0	0.66695536	0.39990870805
10317.000016761	479.103448276	5.13443345025	356.0	0.9163764	0.605780430929
10317.000004025	155.0	2.96732571049	116.0	0.76672012	0.43268211338
10317.000001128	364.638297872	5.44638367225	304.0	0.9404311	0.660333600576
10317.000003559	444.467741935	5.6509349393	353.0	0.95774296	0.667681061704
10317.000017117	221.565217391	2.97710214828	142.0	0.71134528	0.416392649771
10317.000014561	585.051724138	6.0075541986	410.0	0.95447902	0.692155996642
10317.000002056	491.865384615	6.08821640674	368.0	0.96443854	0.71428077113
10317.000002243	389.285714286	4.83704751217	259.0	0.90036526	0.603363251133
10317.000003189	471.222222222	4.83572115806	330.0	0.89411536	0.577998436377
10317.000016315	400.028571429	3.24361815924	247.0	0.67360974	0.408086096771
10317.000011315	462.567164179	5.61321521462	356.0	0.95072824	0.662268965906
10317.000013913	321.121212121	3.38250161406	218.0	0.74897706	0.435430143344
10317.000013498	477.0	4.10438754972	255.0	0.86973148	0.513410819541
10317.000002589	484.602739726	5.59823211351	375.0	0.95841064	0.654706805618
10317.000004086	643.571428571	6.5699572081	459.0	0.97494844	0.743010280405
10317.000013551	376.583333333	3.24741022162	265.0	0.68563192	0.403412586171
10317.000006766	395.017241379	5.64409200318	332.0	0.9495036	0.67391826026
10317.000011962	431.682926829	3.36555877451	269.0	0.7242441	0.416970137918
10317.000002199	238.230769231	4.11171777171	179.0	0.88135174	0.549414616031
10317.000010556	447.75	4.0448613868	299.0	0.78293662	0.491836157998
10317.000028914	402.0	4.68654524007	272.0	0.91495574	0.579482753993
10317.000038479	299.0	4.67349526295	232.0	0.91190596	0.594745045305
10317.000042999	496.02173913	6.11604016699	356.0	0.97137018	0.721594209729
10317.000041554	754.637931034	6.28386512465	458.0	0.97195294	0.710908502088
10317.000037489	557.666666667	5.91963635575	375.0	0.96630614	0.692294662013
10317.000031493	365.482758621	5.22799696237	311.0	0.92409326	0.631341828858
10317.000039813	399.695652174	4.74928212591	281.0	0.8868623	0.583849670395
10317.000009455	313.935483871	5.06845947125	222.0	0.93781208	0.650268032673
10317.000023819	456.357142857	4.7144968151	303.0	0.8671196	0.571927369791
10317.000008950B	308.818181818	3.68722847703	237.0	0.7778367	0.467403787992
10317.000001067	180.615384615	2.04416523834	101.0	0.64017672	0.307014164935
10317.000009526	315.833333333	5.38652534939	250.0	0.9524818	0.67620778531
10317.000010876	272.034482759	5.0588880777	211.0	0.93997	0.655203094023
10317.000001622	348.103448276	4.35507995881	225.0	0.89329922	0.557358832073
10317.000002271	305.035714286	3.45967674668	195.0	0.78258584	0.454781980536
10317.000002465	451.630769231	6.07059299694	377.0	0.96729142	0.709312290237
10317.000001747	300.666666667	4.33387651019	214.0	0.86860412	0.559826260036
10317.000002038	319.371428571	3.79231228048	210.0	0.83982864	0.491598597918
10317.000023378	338.725490196	4.59721474411	272.0	0.86638938	0.568437201425
10317.000010178	303.0625	4.77380370031	257.0	0.89715	0.596306218331
10317.000011259	334.065217391	3.76444185363	247.0	0.74968746	0.473611968842
10317.000005025	299.083333333	4.29454106549	222.0	0.87600396	0.550976640088
10317.000001225	189.25	2.35902236037	128.0	0.63094294	0.337003194339
10317.000015394	255.375	3.51399388364	166.0	0.83461678	0.476471199422
10317.000042586	712.054545455	6.31077416373	457.0	0.97031942	0.71420758259
10317.000001208	220.130434783	4.12676035685	169.0	0.89753276	0.5576040513
