	chao1	shannon	observed_otus	simpson	equitability
10317.000002503	500.6	5.42488352541	363.0	0.9304392	0.637934465328
10317.000013618	657.196078431	6.62435662498	441.0	0.98001486	0.754084460133
10317.000031796	1010.56976744	6.48879581671	613.0	0.96634672	0.700753318092
10317.000026504	712.551724138	6.08355037596	444.0	0.96399638	0.691751501
10317.000007104	792.306122449	5.79371517163	422.0	0.95729676	0.664333135797
10317.000007077	649.0	5.86720735152	403.0	0.96144982	0.677926527722
10317.000016408	749.370786517	6.40962637923	519.0	0.97250492	0.710633838304
10317.000005802	476.4375	4.49822585066	268.0	0.89012316	0.557671226346
10317.000006952	418.022727273	5.84365709723	333.0	0.96563594	0.69738551492
10317.000013023	655.903846154	6.00528751951	402.0	0.96820872	0.694168493483
10317.000002645	468.5625	4.77778421098	332.0	0.8893242	0.570479010893
10317.000002027	526.096774194	5.78883946393	395.0	0.95664294	0.671114637562
10317.000027353	920.488636364	6.51779963059	600.0	0.95877966	0.706244195404
10317.000023798	747.163934426	6.05675939944	459.0	0.95179698	0.684971660725
10317.000041962	820.847826087	6.56255634284	559.0	0.97450602	0.7190499443
10317.000040352	491.56	4.28961558649	329.0	0.7820217	0.512992636947
10317.000028811	516.810344828	4.96521256672	370.0	0.91084302	0.581993970109
10317.000027772	948.011111111	7.00545240487	624.0	0.98093498	0.754458691153
10317.000027617	762.857142857	5.49323014215	423.0	0.93434174	0.629631660243
10317.000039952	155.954545455	4.44052955957	140.0	0.89950296	0.622857803375
10317.000026028	678.492537313	6.12264759439	459.0	0.96769046	0.692423095286
10317.000001441	627.5	5.10008028518	372.0	0.89749898	0.597257926453
10317.000016347	738.944444444	6.18446375527	457.0	0.95424172	0.699912687995
10317.000001595	578.043478261	6.2842213265	435.0	0.97032872	0.716978139548
10317.000002146	658.739130435	5.91507144888	433.0	0.96074016	0.675373452338
10317.000012158	841.548780488	6.61281595981	561.0	0.97373218	0.724148000603
10317.000014313	343.0	4.12013230209	248.0	0.85609846	0.517982224893
10317.000007749	377.348837209	5.57528567304	302.0	0.94450222	0.676743356202
10317.000017335	664.178082192	5.9832615257	458.0	0.96695908	0.676900507007
10317.000002578	487.0	6.0037688077	382.0	0.96641604	0.699949708482
10317.000007719	467.25	5.06986712553	336.0	0.92863494	0.604108122956
10317.000006716	526.088235294	5.97634699654	428.0	0.9559177	0.68367780898
10317.000006802	578.142857143	5.74234943839	399.0	0.94013126	0.66460493664
10317.000002898	528.80952381	5.74629966402	370.0	0.95642876	0.673548556071
10317.000001647	688.944444444	5.76407543854	407.0	0.9517539	0.664915435953
10317.000002878	401.958333333	5.63250460931	341.0	0.9294275	0.669450165473
10317.000017667	665.762711864	5.96187101575	428.0	0.96325084	0.68202179623
10317.000009213	435.130434783	5.66479700806	356.0	0.95016856	0.668354786545
10317.000031434	600.327868852	5.25985075263	397.0	0.92354842	0.609272984927
10317.000027217	634.625	4.75913049552	370.0	0.8361313	0.557838202118
10317.000001546	556.022222222	6.36625051443	392.0	0.97584862	0.738997671382
10317.000009074	511.8	5.987190632	400.0	0.96793178	0.69265273514
10317.000027277	704.958333333	5.54024052117	466.0	0.9255538	0.625014009268
10317.000001333	258.8	4.32122009086	173.0	0.90990624	0.581228806412
10317.000023984	677.264705882	5.8282309922	461.0	0.94917518	0.658659661671
10317.000028933	593.814814815	6.18563154901	454.0	0.96492784	0.700798455695
10317.000015568	709.0	6.06627021396	442.0	0.96622668	0.690297846723
10317.000006944	568.285714286	2.94548881594	439.0	0.55587014	0.335550573603
10317.000002028	597.630769231	5.61379765569	428.0	0.91486642	0.642203152448
10317.000003896	538.887096774	5.90901383741	393.0	0.95800164	0.685628861213
10317.000011025	697.459016393	6.28197553598	445.0	0.97267326	0.714050605097
10317.000017293	958.126760563	5.99883787209	544.0	0.95590704	0.660122410059
10317.000031284	429.357142857	3.6653885649	223.0	0.80476706	0.469867401444
10317.000020034	663.558441558	5.96468014552	477.0	0.95735016	0.67035106139
10317.000031847	576.246153846	5.48964530651	395.0	0.93755426	0.636428310575
10317.000013935	590.211267606	6.15199808501	459.0	0.96406812	0.695742404008
10317.000014019	667.180722892	6.30680665501	490.0	0.96889198	0.705724758914
10317.000023052	516.3	5.41421762113	346.0	0.94156098	0.641903528526
10317.000015385	701.491803279	6.39996693921	466.0	0.9732145	0.722002768757
10317.000017354	748.178571429	6.6748443878	523.0	0.97499448	0.739130818033
10317.000023475	704.205128205	6.51677589306	486.0	0.97660762	0.730186308164
10317.000003475	644.857142857	5.90986756643	461.0	0.94395044	0.667885568886
10317.000017269	587.878787879	5.6359852466	414.0	0.93577422	0.648299729919
10317.000014801	634.6875	5.67276577694	373.0	0.95487794	0.664022550342
10317.000009716	654.795180723	6.59188374206	511.0	0.97695832	0.732661136307
10317.000013155	600.1875	5.79638867251	451.0	0.946064	0.657411754426
10317.000015604	741.068181818	5.69385429419	399.0	0.95426972	0.658992231843
10317.000009236	487.017241379	5.64714563624	374.0	0.93527484	0.660724858924
10317.000041289	686.387096774	5.58790795986	438.0	0.93869884	0.636814081288
10317.000030735	662.310810811	6.20366733997	475.0	0.96345562	0.697685362918
10317.000022541	656.82	5.2754410653	396.0	0.908532	0.611336545418
10317.000034132	320.0	3.44393204144	237.0	0.76463724	0.43656282538
10317.000026633	613.868421053	5.83229608752	438.0	0.95345088	0.664665256023
10317.000028715	364.25	4.80797780436	253.0	0.910475	0.602277549064
10317.000026126	395.090909091	4.43082385482	271.0	0.89206452	0.54822347771
10317.000033665	642.519230769	4.87678993729	363.0	0.89517606	0.573481875987
10317.000028755	816.193548387	6.15002281342	492.0	0.96108642	0.687728581234
10317.000016485	556.622222222	4.48989367042	331.0	0.8498603	0.536382910054
10317.000001001	434.772727273	4.5410274051	301.0	0.8684331	0.551522608934
10317.000002334	629.904761905	5.88266793998	428.0	0.9574076	0.672961180215
10317.000006797	378.375	4.74954545042	287.0	0.89396888	0.581702338198
10317.000013156	740.12345679	6.61601392953	509.0	0.97714254	0.735805800485
10317.000001529	609.0	6.17638878695	456.0	0.96817618	0.699248918196
10317.000002418b	841.935897436	6.45231541841	547.0	0.97143254	0.709404482536
10317.000005849	449.025641026	4.24810073157	278.0	0.83239366	0.523233349462
10317.000011341	582.881355932	5.77391881874	401.0	0.95802248	0.66770125209
10317.000013355	808.067567568	6.32079487503	531.0	0.96518534	0.698232240791
10317.000006794	585.0	5.37901388822	398.0	0.9260113	0.622814366092
10317.000028723	795.263157895	5.62564590599	460.0	0.94271934	0.635990303939
10317.000002774	522.333333333	4.57406227458	336.0	0.84776368	0.545029703257
10317.000001531	525.342465753	6.2493252336	414.0	0.9676997	0.718851395781
10317.000018027	768.0	6.50452043786	495.0	0.97596942	0.726657753047
10317.000001948	413.022222222	5.05221333497	287.0	0.92931894	0.618771699463
10317.000001032	390.266666667	5.58814492213	325.0	0.95524674	0.669696399048
10317.000016697	858.896551724	7.05338348053	592.0	0.98479836	0.765885140029
10317.000011162	579.2	4.11257086821	392.0	0.74253292	0.477389365705
10317.000005999	476.323076923	4.93218302559	359.0	0.91107288	0.581088122058
10317.000001362	613.461538462	6.57064930803	474.0	0.97679686	0.739210158741
10317.000010947	441.078431373	5.7397492894	317.0	0.96261014	0.690841968362
10317.000002851	470.764705882	5.42266996662	364.0	0.9351873	0.637376687608
10317.000035452	555.773584906	6.50012331209	400.0	0.97459286	0.751993458635
10317.000005928	729.846153846	6.19911630357	514.0	0.9525345	0.688360509558
10317.000027807	989.105263158	6.31549813243	519.0	0.96982164	0.700197860705
10317.000031313	984.555555556	6.51820463109	591.0	0.9698753	0.707960735632
10317.000014458	512.591836735	5.44065065555	328.0	0.94571826	0.650986156299
10317.000016759	631.835820896	6.10483994847	456.0	0.95988358	0.69114864316
10317.000014308	651.52	6.04239116894	431.0	0.95520472	0.690437153506
10317.000010546	484.146341463	4.58684723454	310.0	0.88544074	0.554226472432
10317.000015305	799.482142857	6.70996086375	515.0	0.9755225	0.744853641545
10317.000014295	541.5625	5.05465558781	333.0	0.91638876	0.603225605335
10317.000011055	776.045454545	6.18292851562	504.0	0.95429534	0.688730725599
10317.000002818	502.87755102	3.76399779254	337.0	0.69232864	0.448276165263
10317.000009667	623.784313725	4.79765966631	352.0	0.91004648	0.56713735421
10317.000012254	531.846153846	5.26097917497	380.0	0.91982838	0.613893560804
10317.000026037	638.552238806	6.2508203201	465.0	0.96466314	0.705423655858
10317.000007037	409.017857143	5.72151065174	354.0	0.92584858	0.675694045725
10317.000015594	723.436619718	6.63078736996	509.0	0.9788845	0.737448841639
10317.000004286	498.015873016	5.51038796242	375.0	0.94391386	0.644433533202
10317.000001351	497.163265306	5.01649984263	339.0	0.90703126	0.596837050826
10317.000010115	524.882352941	5.53153228595	368.0	0.93450236	0.648969563953
10317.000010981	548.882352941	6.04194457584	392.0	0.96342258	0.701352069329
10317.000013028	438.818181818	5.97629709587	374.0	0.95893814	0.699236093755
10317.000017095	635.4	6.4326317179	455.0	0.97612842	0.728520239071
10317.000011048	696.192307692	6.36800153595	501.0	0.9698349	0.7100276644
10317.000002079	451.338709677	5.21855516264	340.0	0.94304788	0.620562797267
10317.000014937	533.342105263	6.28801241828	433.0	0.96881018	0.717955259202
10317.000013653	433.282608696	5.01971509808	310.0	0.91286646	0.606529681318
10317.000021178	590.763888889	5.80620859457	425.0	0.94804576	0.664986421174
10317.000006741	573.149253731	5.86766638186	430.0	0.95426716	0.670728970286
10317.000014548	657.615384615	6.03007207793	434.0	0.9625878	0.688242517558
10317.000013215	652.0	6.21014280025	477.0	0.96379886	0.697937813256
10317.000010867	604.396226415	5.73490104339	385.0	0.96042302	0.667725182023
10317.000026613	584.909090909	5.87074538406	408.0	0.95867136	0.676943894304
10317.000006909	589.014084507	6.18615374014	450.0	0.9657693	0.701872851836
10317.000011163	541.139534884	5.23201483252	337.0	0.91337722	0.623110765466
10317.000012276	658.059701493	6.04550484548	461.0	0.95276544	0.683214200241
10317.000015003	615.595744681	5.48207938431	381.0	0.9198327	0.639410424108
10317.000001613	584.394366197	5.8668477335	427.0	0.95361234	0.671410596179
10317.000006029	608.052631579	5.84046162084	412.0	0.95722088	0.672360705276
10317.000005024	595.014492754	6.18810204295	460.0	0.95747152	0.699577073436
10317.000026632	637.765625	6.22976567108	434.0	0.9711124	0.711034553791
10317.000033799	502.6	5.15944207573	274.0	0.9524914	0.637122948251
10317.000029152	520.018181818	4.20544238038	338.0	0.77053994	0.500595492684
10317.000022999	666.87755102	5.40160979974	384.0	0.93493652	0.629194338273
10317.000037575	707.033333333	6.81418087146	532.0	0.979088	0.752508927247
10317.000027681	600.642857143	6.4335574795	441.0	0.97227222	0.732364815682
10317.000021296	769.012820513	6.43173195582	529.0	0.97201624	0.710914542378
10317.000028712	693.52173913	5.63410402577	417.0	0.9464356	0.647307725578
10317.000027363	782.230769231	5.91924997773	473.0	0.95631226	0.666154877348
10317.000033801	747.375	5.54811490125	408.0	0.93679764	0.639742019386
10317.000011225	638.4	5.98789055201	438.0	0.9602649	0.682397249225
10317.000011409	500.0	5.26963754236	326.0	0.93453592	0.631190457398
10317.000009475	442.692307692	4.90855299476	321.0	0.90245962	0.589514749672
10317.000012928	724.146341463	5.67497895421	382.0	0.95187234	0.661617725776
10317.000028841	722.264705882	6.01732671324	461.0	0.96552158	0.680029734993
10317.000014534	524.732142857	5.6095451395	375.0	0.94973664	0.656029850993
10317.000016715	674.214285714	6.53127542644	469.0	0.97759918	0.73604739531
10317.000008954A	531.779661017	5.81520328215	383.0	0.94733282	0.677667795623
10317.000015912	550.708333333	5.24866250272	348.0	0.92999642	0.621662635229
10317.000016725	643.35	6.40595591328	426.0	0.97830772	0.733390827148
10317.000018358	530.06	4.71907162759	327.0	0.87540936	0.564945370431
10317.000010102	450.178571429	5.55609912654	347.0	0.95323686	0.65839983064
10317.000008949B	533.418181818	5.95747125011	397.0	0.95774746	0.690081612936
10317.000010869	651.568965517	6.12022199373	435.0	0.95843002	0.698267160035
10317.000014571	683.05	6.44304796316	463.0	0.97447854	0.727627750553
10317.000010827	549.018181818	5.95827853521	387.0	0.96455108	0.693130177931
10317.000014162	653.844827586	5.87350053652	429.0	0.95790996	0.671653761028
10317.000016736	616.379310345	5.77590827506	472.0	0.9533433	0.650246581222
10317.000001929	509.175438596	5.767469824	386.0	0.95429054	0.671224749683
10317.000003196	589.085365854	6.17510404475	467.0	0.96135616	0.69639223329
10317.000028833	292.777777778	4.08750036956	205.0	0.88880112	0.53226264234
10317.000004291	936.142857143	6.28967496053	523.0	0.97165772	0.696479547484
10317.000035347	988.47826087	6.32449633176	541.0	0.97168352	0.696569957695
10317.000031035	665.163265306	4.94270582387	358.0	0.88657512	0.582604096275
10317.000016765	668.333333333	6.14882120255	463.0	0.96418146	0.694400067445
10317.000004918	661.1875	6.28926901556	490.0	0.9709069	0.703762316263
10317.000001347	589.193548387	5.91185803726	430.0	0.95174146	0.675780488486
10317.000005938	487.590909091	5.69402929303	408.0	0.94109942	0.656567115714
10317.000003982	503.263157895	5.12600375042	378.0	0.88544116	0.59867538157
10317.000001934	580.803278689	5.53612341038	419.0	0.92086112	0.635546599791
10317.000015355	581.25	5.90211949992	405.0	0.95292426	0.681398141732
10317.000002418a	811.935897436	6.43073092274	517.0	0.97733742	0.713414279889
10317.000026083	652.743243243	5.69767924255	447.0	0.93451964	0.647159751353
10317.000009476	408.117647059	4.6825575571	299.0	0.88583534	0.56937701895
10317.000003729	621.939759036	5.76812344574	480.0	0.94327938	0.647602368506
10317.000017219	664.533333333	6.3972121712	473.0	0.97341782	0.719944943246
10317.000004283	291.583333333	3.14949043007	149.0	0.75150474	0.436267753155
10317.000003473	626.625	6.55206237795	505.0	0.96874666	0.729616986608
10317.000007068	395.032258065	4.94654944815	251.0	0.93162046	0.620525926336
10317.000011342	570.086956522	6.01995995219	439.0	0.95025604	0.68579483449
10317.000026056	524.2	4.74681018635	321.0	0.90853728	0.570089519606
10317.000012209	585.263157895	5.75467375284	397.0	0.94682444	0.666590635281
10317.000016355	828.0	6.47087531525	462.0	0.9764596	0.731027877651
10317.000015185	541.525	5.24191254196	357.0	0.91024066	0.618166081991
10317.000003028	489.241935484	5.29725248978	376.0	0.91342696	0.619229349491
10317.000012985	777.741935484	6.17655015745	482.0	0.96014962	0.692990782724
10317.000016755	741.447368421	6.06340974951	490.0	0.94275252	0.678488911702
10317.000014327	519.358490566	5.575224557	366.0	0.95521744	0.654699515351
10317.000013249	489.0	5.30860433682	314.0	0.94650914	0.640005673259
10317.000008950A	313.512195122	3.79301483256	244.0	0.79084542	0.478267615118
10317.000016716	627.212765957	6.14628355537	402.0	0.96909836	0.710466631662
10317.000022662	593.083333333	5.9171784731	423.0	0.95824022	0.67822443436
10317.000022443	536.081081081	5.24323091244	395.0	0.933984	0.607860873563
10317.000017074	449.263157895	5.43381426097	346.0	0.94477976	0.644226884022
10317.000002511	480.333333333	4.95957610551	367.0	0.88936244	0.582134724807
10317.000013821	417.170212766	5.01830130406	301.0	0.92790844	0.609489082696
10317.000004819	397.97826087	4.98537352421	277.0	0.92222154	0.614435783413
10317.000017075	537.5	4.97943959541	373.0	0.90002104	0.582865626651
10317.000010834	668.638297872	5.67200875952	398.0	0.94092988	0.656739062855
10317.000014303	496.016666667	6.02501634391	373.0	0.96790808	0.705255051213
10317.000015265	561.018518519	5.66191066673	373.0	0.95698916	0.662751911249
10317.000003193	417.267857143	4.87970733505	294.0	0.91892282	0.595110039748
10317.000013619	732.649350649	6.67585812662	514.0	0.9776543	0.741298739488
10317.000005015	572.241935484	5.88875314158	392.0	0.96589154	0.683569527951
10317.000022925	359.130434783	5.26315018986	274.0	0.9457079	0.649929530525
10317.000003439	663.0	5.3056599773	365.0	0.94127184	0.623333430037
10317.000016735	556.0	6.06758878693	440.0	0.96477236	0.69096233213
10317.000011168	537.456521739	5.96466350947	377.0	0.96182864	0.696935066562
10317.000004972	539.25	6.34431979264	408.0	0.97271076	0.731550811044
10317.000009382	519.507042254	5.92010492197	394.0	0.96602396	0.686623676816
10317.000027308	570.826086957	5.52597998868	380.0	0.9175961	0.644815997052
10317.000003895	576.567164179	5.98668101162	412.0	0.96427152	0.689193650871
10317.000001322	451.222222222	5.06485564641	319.0	0.93468228	0.608946060705
10317.000026106	542.0	5.61294469669	389.0	0.93494884	0.652392894766
10317.000008957B	610.157894737	6.35790032547	427.0	0.9709557	0.727607369729
10317.000001047	419.234042553	4.86241096653	294.0	0.9070177	0.593000642225
10317.000017071	417.590163934	4.56260427545	312.0	0.84783162	0.550679877081
10317.000015262	594.058823529	5.48529920972	372.0	0.95120526	0.642369972389
10317.000003981	510.25	5.43358612539	379.0	0.94515946	0.634316115819
10317.000014334	678.04	6.39484357505	491.0	0.9706109	0.71534055706
10317.000011378	668.779661017	5.77793783974	445.0	0.9554437	0.656758369569
10317.000016718	574.196721311	5.91774016521	376.0	0.9670645	0.691762078554
10317.000016714	608.130434783	6.5777440792	444.0	0.97838586	0.74794553489
10317.000007748	441.93220339	5.32154721479	344.0	0.92702804	0.631542844867
10317.000007073	752.651515152	5.76342387399	469.0	0.95489196	0.649513740201
10317.000001247	689.034883721	6.74015436267	512.0	0.98030916	0.748906040297
10317.000002036	407.195652174	5.02882683369	293.0	0.93056384	0.61366394672
10317.000012112	540.018518519	5.81031650286	375.0	0.96112168	0.679509830977
10317.000002437	364.1875	4.90826848801	295.0	0.91780928	0.598235837281
10317.000003731	563.875	5.52775668351	403.0	0.94674444	0.638704697146
10317.000013171	591.849056604	5.49156276701	381.0	0.93780474	0.640516532453
10317.000001487	429.559322034	5.75446741508	349.0	0.95966366	0.681237210642
10317.000014306	539.222222222	5.29985261275	350.0	0.9336223	0.627111610705
10317.000002064	566.142857143	6.19845640594	435.0	0.96709814	0.707193065154
10317.000002336	523.75	5.3722367365	360.0	0.90883208	0.632634205462
10317.000006074	468.181818182	5.71081551196	349.0	0.96240898	0.676069521163
10317.000012061	465.046153846	4.6513632147	330.0	0.8938971	0.555962715227
10317.000016756	758.960784314	6.01424856568	436.0	0.96227632	0.685917214204
10317.000011018	679.253521127	6.28600296953	491.0	0.96239962	0.703165419628
10317.000015261	677.441558442	5.833263295	454.0	0.95916412	0.660877046492
10317.000013458	560.0	6.33368734315	427.0	0.96933358	0.724836400781
10317.000041935	507.568181818	4.23050848488	317.0	0.81112516	0.5091882348
10317.000033721	674.166666667	6.28054829092	463.0	0.9718927	0.709276300797
10317.000031491	470.725806452	6.40430452374	386.0	0.97749806	0.745340302077
10317.000017671	398.06	5.18788039209	293.0	0.938887	0.633073132523
10317.000036943	504.808219178	5.9691715102	407.0	0.9612944	0.68857431158
10317.000036102	615.0	6.24771986336	428.0	0.96955274	0.714722125369
10317.000028894	589.892857143	5.25848371865	374.0	0.93741034	0.615250807568
10317.000040358	484.489795918	5.63255897986	346.0	0.9494882	0.66778983351
10317.000031506	682.892307692	6.13502924305	454.0	0.95966886	0.695065489288
10317.000016446	684.542857143	5.92929832649	472.0	0.94505586	0.667515095849
10317.000028793	560.642857143	5.45355775562	353.0	0.95192292	0.644360140658
10317.000042026	722.529411765	6.45499748773	500.0	0.97196478	0.719959044606
10317.000037582	550.0	5.76551038425	376.0	0.95626168	0.67396697658
10317.000029202	561.037037037	4.63394599552	314.0	0.86439424	0.558668821131
10317.000022618	789.447368421	6.32824248761	517.0	0.96682888	0.702044388345
10317.000021229	458.517241379	3.26837310171	248.0	0.6910725	0.410899225286
10317.000034121	406.848484848	4.50826356832	235.0	0.91226972	0.572367659323
10317.000036071	466.620689655	4.92559177813	333.0	0.90998934	0.587823053496
10317.000036166	597.048387097	5.81137206641	397.0	0.96076596	0.673158264739
10317.000031593	612.923076923	4.85729281883	334.0	0.8827778	0.579373108757
10317.000034194	824.780487805	5.99887999165	531.0	0.94721374	0.662671626215
10317.000036131	666.424242424	5.97750952442	441.0	0.96053346	0.680450540007
10317.000002347	381.677966102	4.94328494535	306.0	0.92102296	0.598649965282
10317.000016767	746.279069767	6.22397978174	443.0	0.96642304	0.707981396846
10317.000036109	393.775	4.0788399567	252.0	0.80910242	0.511307111674
10317.000004973	570.779661017	6.29299786645	422.0	0.967709	0.721583108996
10317.000031379	843.620689655	5.89714608442	458.0	0.95103424	0.667158063757
10317.000004737	502.172413793	5.73633199327	395.0	0.92908556	0.665027315161
10317.000006666	484.638297872	4.7969389551	325.0	0.9067252	0.574876419538
10317.000003969	352.538461538	5.00927226596	261.0	0.93434856	0.623982426813
10317.000001749	631.01369863	6.34028733854	482.0	0.96594392	0.71136161343
10317.000009507	554.75	6.35421684056	455.0	0.974228	0.719639453152
10317.000040348	826.537313433	5.93780868509	499.0	0.95489814	0.66248773628
10317.000026595	748.622641509	6.09988627108	424.0	0.96348212	0.698893430897
10317.000012335	585.833333333	5.55154081602	405.0	0.93780984	0.640923925013
10317.000022554	709.220588235	6.30065652691	467.0	0.97258662	0.710551310256
10317.000003718	685.230769231	6.41643006308	516.0	0.96803976	0.712048412631
10317.000006113	481.15625	5.14103181805	362.0	0.90925648	0.604838238992
10317.000006662	673.126760563	6.30710684351	466.0	0.97138016	0.711526894921
10317.000013756	770.8	6.65851747164	517.0	0.97321446	0.73868452968
10317.000001216	576.4	6.25502499953	451.0	0.96975768	0.709429127557
10317.000016722	580.226415094	6.16951913108	394.0	0.97258626	0.715551154211
10317.000016358	382.881355932	4.92964641548	315.0	0.91835058	0.59398998128
10317.000035392	940.175438596	6.00828593894	466.0	0.9660421	0.677815858207
10317.000043118	778.590361446	6.57603473206	534.0	0.97325522	0.725775898633
10317.000006685	505.4	4.96045261474	308.0	0.92598026	0.60004605058
10317.000005992	476.763157895	4.35762860274	319.0	0.82878228	0.523916367396
10317.000012947	676.615384615	5.99954492289	453.0	0.9619595	0.67996092191
10317.000012122	735.184210526	5.63765284427	392.0	0.94798308	0.65442167482
10317.000004758	649.120689655	5.65781591699	413.0	0.94971504	0.651072179256
10317.000042014	791.178571429	6.67466590704	566.0	0.97647836	0.72989779714
10317.000027267	783.666666667	6.32223305149	482.0	0.96796058	0.709335975461
10317.000006625	426.634146341	4.94862947692	301.0	0.91464032	0.601027211748
10317.000008951B	301.6	4.14205439801	214.0	0.87249986	0.535047737759
10317.000006778	825.131578947	6.59391261803	550.0	0.97711796	0.724344078404
10317.000012971	795.24137931	6.38519171528	543.0	0.96860354	0.702842750525
10317.000017652	857.784810127	6.93693975128	580.0	0.9801797	0.755665408367
10317.000015254	688.465753425	6.27191594498	494.0	0.96539058	0.700900598139
10317.000001438	564.015384615	5.96140218126	410.0	0.96616956	0.686838625461
10317.000006803	523.25	5.79581017156	392.0	0.95619358	0.672780659643
10317.000013299	706.038461538	5.80215913952	449.0	0.95134606	0.658545141003
10317.000036039	480.65	5.24753943675	311.0	0.93118224	0.633701811391
10317.000011026	689.763157895	5.836285206	456.0	0.94499762	0.660744693599
10317.000012993	569.287671233	5.97308517622	436.0	0.96261034	0.68122258326
10317.000009419	537.896103896	6.08390198247	429.0	0.95891594	0.695713846087
10317.000010693	694.578947368	6.31025879259	525.0	0.96872358	0.69833306255
10317.000008951A	285.620689655	3.90940390878	195.0	0.85679198	0.513899587312
10317.000001669	466.381818182	5.11266153105	343.0	0.9239708	0.607055594204
10317.000036068	554.385964912	5.77330771307	405.0	0.94998056	0.666526854868
10317.000042981	693.123287671	6.1587828948	465.0	0.96528076	0.6950369588
10317.000028776	1025.22972973	6.77652788125	618.0	0.97441754	0.730901677638
10317.000004011	322.75	4.77323348816	268.0	0.91599666	0.591765522976
10317.000004285	619.857142857	6.19845528394	487.0	0.96393524	0.69428869202
10317.000026116	500.637931034	5.02934116922	347.0	0.90204594	0.595978815106
10317.000022498	674.310344828	6.36143159508	455.0	0.96956618	0.720456551802
10317.000023929	695.890625	5.2354013343	458.0	0.86582322	0.59229331734
10317.000009558	533.166666667	5.46416328454	385.0	0.93707118	0.63620268182
10317.000002051	603.842105263	5.77627292543	413.0	0.93229778	0.66470359883
10317.000016726	764.373333333	6.79188956235	530.0	0.97973128	0.750497593992
10317.000005927	679.813333333	5.80344654578	495.0	0.9283055	0.648336717083
10317.000013539	609.651685393	6.17460165198	479.0	0.96179034	0.693472999638
10317.000004289	586.661764706	6.06453871901	431.0	0.95587772	0.692967855508
10317.000011073	575.352941176	5.51787662748	390.0	0.94527508	0.641067140025
10317.000001111	488.157894737	4.93602833554	350.0	0.88988668	0.584061653439
10317.000013053	469.3	4.22999023455	299.0	0.85878504	0.514346956886
10317.000010225	714.214285714	6.87452925244	509.0	0.98267886	0.764556809195
10317.000003226	587.623655914	6.43597294298	483.0	0.97030406	0.721855093538
10317.000013167	583.52173913	6.0332391928	428.0	0.96298828	0.690186121183
10317.000010879	465.378787879	5.08556537147	359.0	0.91699892	0.599158955777
10317.000013055	842.552631579	5.41644166902	428.0	0.92473322	0.61962616543
10317.000006665	590.53164557	6.95459713629	494.0	0.98477672	0.777191744181
10317.000002638	451.285714286	5.69459260923	372.0	0.9554465	0.666879810435
10317.000002443	642.636363636	6.7283469979	524.0	0.97743738	0.744828067584
10317.000017349	823.5	7.0010527857	537.0	0.98206048	0.771995143237
10317.000005814	524.333333333	6.20800854508	411.0	0.9702281	0.714961697287
10317.000020071	605.765625	5.81850732969	402.0	0.96193718	0.672578032983
10317.000004026	504.888888889	6.0453021806	417.0	0.95244282	0.694550684023
10317.000013134	571.411764706	6.26293453728	420.0	0.97524896	0.718700721088
10317.000004822	490.115384615	6.14742980422	379.0	0.96687836	0.717650131184
10317.000009101	620.909090909	6.64173634582	454.0	0.97999004	0.752472651726
10317.000013159	675.975	6.28903533216	490.0	0.96711514	0.703736167347
10317.000016772	546.518518519	6.27760418927	443.0	0.97058306	0.714081205052
10317.000006635	555.0	5.4069905947	422.0	0.91437498	0.619989576739
10317.000001734	607.838709677	6.22222429747	430.0	0.96752678	0.711258245497
10317.000001286	510.703125	5.66682649025	401.0	0.9354514	0.655316997294
10317.000014397	673.121621622	6.37331057352	479.0	0.97396026	0.715790110869
10317.000016731	642.88	6.25777456806	469.0	0.96073634	0.705224993668
10317.000016458	944.029411765	6.72073957755	619.0	0.97285312	0.724702146565
10317.000009174	506.9375	6.25886857452	425.0	0.96658236	0.716829673991
10317.000013222	510.643835616	5.40159288191	394.0	0.92640234	0.626485782621
10317.000004847	385.406779661	5.499492683	322.0	0.93822324	0.660130543068
10317.000002261	610.208333333	6.14521035122	455.0	0.96016206	0.695968665789
10317.000016729	741.040540541	6.64341763051	516.0	0.97733952	0.737237830342
10317.000001652	496.705882353	6.2538646998	377.0	0.97316564	0.730726486734
10317.000017083	554.181818182	5.73531018848	396.0	0.95785766	0.664627786403
10317.000002606	455.963414634	5.66402766374	398.0	0.93161698	0.6558149639
10317.000011357	598.346153846	6.14963978029	470.0	0.9646778	0.692798742718
10317.000004813	627.28358209	6.31488058198	456.0	0.96633164	0.714928021503
10317.000013453	514.428571429	5.42998752739	367.0	0.92943934	0.63734969032
10317.000016768	687.039473684	6.44205035074	489.0	0.97190804	0.72109619636
10317.000013174	442.384615385	4.04261819963	283.0	0.8059564	0.496352097178
10317.000016166	548.565217391	5.42237069109	349.0	0.93257454	0.641922252437
10317.000011358	685.523255814	6.92709973151	532.0	0.9822824	0.764978870715
10317.000001436	608.04109589	6.11870363392	457.0	0.96180856	0.692470435099
10317.000009385	679.22972973	6.56174058808	503.0	0.97526042	0.731160848701
10317.000006053	537.046875	5.48453808391	404.0	0.9271893	0.633449309345
10317.000002185	430.595744681	5.34989113536	321.0	0.932431	0.642519238725
10317.000016488	404.5	4.2320919526	250.0	0.8408819	0.53128377588
10317.000001516	395.084745763	5.01046052231	321.0	0.88828328	0.601753792554
10317.000011352	690.940298507	6.38745094537	489.0	0.96622008	0.714984567082
10317.000004009	457.666666667	5.57345600934	359.0	0.94807674	0.65664008595
10317.000013801	514.178571429	5.72870351196	378.0	0.9526256	0.669065792363
10317.000003996	778.307692308	6.62622847341	581.0	0.96395344	0.721623164764
10317.000017339	632.818181818	5.9576793467	413.0	0.9503248	0.685578911099
10317.000010183	812.325	6.88020234115	571.0	0.97875114	0.751331405233
10317.000012318	510.654545455	5.1423617912	372.0	0.88751716	0.602209410195
10317.000007666	568.211267606	6.25920685406	437.0	0.96687656	0.71358540369
10317.000002349	473.943661972	5.67758458099	380.0	0.9497761	0.662506445905
10317.000015908	463.977272727	5.50032667019	315.0	0.9492929	0.662753199824
10317.000001423	443.705882353	4.82586011249	324.0	0.89604654	0.578650708445
10317.000005845	487.933333333	6.10959873956	399.0	0.9652027	0.707109437829
10317.000009118	565.5	5.80580104748	401.0	0.9594772	0.671388142176
10317.000005576	583.904761905	6.09752588674	425.0	0.96722222	0.698351058423
10317.000002801	613.378787879	6.55486449269	453.0	0.97301094	0.742898296576
10317.000013265	831.068493151	6.38496897375	539.0	0.96644404	0.703644416385
10317.000010833	577.384615385	4.93525426898	342.0	0.90915392	0.586284240577
10317.000013238	421.0	4.90072396585	256.0	0.9414988	0.612590495732
10317.000012983	649.0	5.83412597503	445.0	0.92381896	0.663145082121
10317.000004915	512.149253731	6.01361711258	387.0	0.96531598	0.699567748406
10317.000001099	793.53	7.27696397991	627.0	0.98600704	0.783115809748
10317.000015856	810.038461538	6.41241717063	526.0	0.9701104	0.709423015985
10317.000003061	565.227272727	5.97411883146	422.0	0.95584948	0.685019021363
10317.000028859	577.923076923	6.33989014074	471.0	0.97104056	0.71398510071
10317.000012903	777.0	6.5162675237	497.0	0.97432808	0.727497296946
10317.000004736	647.4	5.67829828781	467.0	0.9075721	0.640365376401
10317.000010962	646.775862069	6.13475667286	441.0	0.96305636	0.698350788703
10317.000002348	596.0	5.71187437926	457.0	0.92722408	0.646428454992
10317.000002444	481.053571429	5.71677994331	374.0	0.95059668	0.668872181602
10317.000015584	598.654761905	5.63887566154	451.0	0.93576556	0.639547026793
10317.000023375	641.987341772	4.97873114835	458.0	0.85595348	0.563255613029
10317.000015624	862.6375	6.11075605446	542.0	0.9569237	0.672831510101
10317.000006671	647.12345679	6.58830093561	494.0	0.97582258	0.736257326628
10317.000009102	501.328125	5.38222028946	386.0	0.92267076	0.626388967221
10317.000015214	757.783783784	6.38060263292	510.0	0.97229156	0.709400923336
10317.000002172	600.6	5.8143034709	429.0	0.9433552	0.664884385335
10317.000001189	546.25	5.64044919468	370.0	0.94699204	0.661141366235
10317.000007678	326.553191489	3.02586280981	261.0	0.69963538	0.376918066941
10317.000003358	523.068493151	5.82828549249	401.0	0.95463522	0.673988263958
10317.000009231	565.424242424	5.11141215508	418.0	0.90149802	0.587022089883
10317.000018318	548.323076923	6.29830676704	431.0	0.96739226	0.719679490216
10317.000013859	685.0	6.08475305289	464.0	0.95492678	0.686923245403
10317.000013757	547.602409639	6.51665162991	470.0	0.9694956	0.734145123492
10317.000012298	705.441558442	5.85879186063	482.0	0.9424971	0.657339235304
10317.000017171	651.0	6.16510829726	484.0	0.9637224	0.691243730647
10317.000014587	533.5	5.23841795801	334.0	0.93591432	0.624833340402
10317.000016764	718.87755102	6.17317611411	436.0	0.96801174	0.704042694069
10317.000016727	606.447761194	6.02158580055	426.0	0.96484718	0.689385916918
10317.000002013	559.569767442	5.87267255914	468.0	0.93950876	0.662055365793
10317.000013454	537.047619048	6.33003320469	416.0	0.97492024	0.727553251302
10317.000016766	683.678571429	6.0885838649	445.0	0.96287826	0.692068437392
10317.000001234	540.5	4.6047955737	370.0	0.84461984	0.53974794059
10317.000026623	895.923076923	6.59232282843	619.0	0.9648551	0.710854876831
10317.000006761	617.015151515	6.86143492617	482.0	0.98133858	0.769832841779
10317.000009532	519.035714286	6.62713926455	441.0	0.97927088	0.754401222255
10317.000005846	455.368421053	6.20106314853	365.0	0.97232622	0.728529528614
10317.000004821	920.894736842	6.81136379788	619.0	0.97271858	0.734474220939
10317.000002712	540.533333333	5.61273254993	427.0	0.9348612	0.642329284604
10317.000013734	784.846153846	6.69317651911	523.0	0.97901224	0.741160804415
10317.000009659	535.045454545	5.86839070372	408.0	0.95550572	0.67667238083
10317.000017292	696.837837838	6.89638246627	514.0	0.98165368	0.765786140494
10317.000015862	617.161290323	5.95462872044	412.0	0.96399828	0.685503753992
10317.000002446	556.181818182	4.44261062318	380.0	0.84213058	0.518399705458
10317.000006678	462.081081081	5.76266846747	384.0	0.95135118	0.671251443089
10317.000014224	671.739130435	6.660327176	466.0	0.98175024	0.751374922334
10317.000017218	664.8	6.50830451586	462.0	0.97738036	0.735256330179
10317.000009661	633.241935484	6.22771572055	453.0	0.96622946	0.705820754268
10317.000006729	467.172413793	5.80822950268	360.0	0.96327924	0.683976681744
10317.000013686	466.489795918	5.54508590574	328.0	0.95368672	0.663482070189
10317.000010845	744.661290323	6.52126440302	479.0	0.97712012	0.73240688904
10317.000017205	709.561643836	6.38200745256	501.0	0.96218152	0.71158931419
10317.000014551	583.557692308	5.84074675663	380.0	0.9640918	0.681545526969
10317.000005238	549.211764706	5.66084304517	438.0	0.93603818	0.645125973624
10317.000022448	707.672413793	5.86739090998	460.0	0.95063618	0.663320050804
10317.000001004	349.72	5.30159770795	280.0	0.94588402	0.652160553016
10317.000014122	577.467741935	5.82287773037	425.0	0.95545892	0.666895541176
10317.000016728	834.069767442	6.75405514804	574.0	0.9756926	0.736947489164
10317.000010773	499.220588235	4.45655569675	374.0	0.84823256	0.521423976588
10317.000005553	469.369863014	6.32334776727	396.0	0.97019942	0.732771635901
10317.000014054	604.75257732	6.38617872462	503.0	0.97187886	0.711598362291
10317.000026081	552.9	5.37735246856	372.0	0.94140016	0.62972859359
10317.000016769	584.263157895	5.66321441528	396.0	0.94727784	0.656273076269
10317.000004738	685.04	6.3932463521	498.0	0.96995206	0.713531805079
10317.000036427	717.684931507	6.35454121373	482.0	0.97139008	0.712960856352
10317.000043092	581.703125	6.31602287466	434.0	0.96478642	0.720879523168
10317.000036069	349.15	5.13915092029	262.0	0.93861758	0.639721189747
10317.000028711	635.306122449	5.71310891265	398.0	0.95094584	0.661497884146
10317.000027901	822.666666667	6.8735534168	587.0	0.97771462	0.747351470141
10317.000031057	675.564516129	5.71406240149	430.0	0.94844334	0.653170603316
10317.000021275	822.470588235	5.43560445283	481.0	0.9227123	0.610063936988
10317.000031439	665.551724138	5.69361948342	412.0	0.94290952	0.655456068368
10317.000036437	661.125	6.21031256644	492.0	0.96398508	0.694470505218
10317.000043117	632.068493151	5.98294715681	460.0	0.95893884	0.676383911163
10317.000040144	482.23255814	4.5578318019	302.0	0.85142064	0.55324203485
10317.000039994	544.223880597	5.67594509061	399.0	0.94103152	0.656919466116
10317.000036067	608.797101449	6.63637747968	449.0	0.97986394	0.753228933922
10317.000036877	727.068181818	6.54877430131	544.0	0.9707653	0.720638358111
10317.000038417	564.438356164	5.86220246365	446.0	0.9476844	0.666091255475
10317.000031891	531.878378378	6.16495609216	437.0	0.96242866	0.702840277424
10317.000028719	632.651515152	5.85375557773	415.0	0.95999278	0.673080077633
10317.000023341	720.285714286	5.36381804567	436.0	0.9351668	0.611736460708
10317.000035492	662.473684211	6.40075849316	493.0	0.96417758	0.715532801975
10317.000027775	699.126760563	5.99970636956	492.0	0.94942654	0.670919389169
10317.000036094	401.42	4.12950834722	288.0	0.81144354	0.505452418044
10317.000039831	541.3	5.62669772164	427.0	0.93669914	0.643927479187
10317.000043164	536.565217391	5.30669065388	337.0	0.94093132	0.632004338917
10317.000036422	635.1875	6.38651023008	464.0	0.97054676	0.720989380491
10317.000036939	519.304347826	5.57992576658	394.0	0.94806444	0.647169129045
10317.000036147	685.666666667	5.9835141641	463.0	0.94013868	0.675731575572
10317.000035412	598.75	6.07078427236	425.0	0.96212152	0.695288335106
10317.000031272	420.78125	3.89528888768	230.0	0.82421386	0.496500392249
10317.000037565	586.537313433	5.75732541837	435.0	0.93982444	0.656863635567
10317.000014232	601.467532468	6.18263135488	484.0	0.96391172	0.693208449373
10317.000009677	618.818181818	5.40500496737	399.0	0.94378746	0.625561544524
10317.000036045	623.903846154	6.29328726722	409.0	0.97059306	0.725370958307
10317.000018424	631.193548387	4.84929256955	394.0	0.8782663	0.562429068056
10317.000014978	694.681818182	6.31536697945	464.0	0.9697958	0.712957838013
10317.000017133	758.773584906	5.86825910824	448.0	0.95402122	0.666290749059
10317.000026136	614.6875	5.99614074073	433.0	0.9628437	0.684629815172
10317.000013197	683.178082192	6.32989108802	477.0	0.97345574	0.711395935041
10317.000001936	598.022222222	4.83047782568	343.0	0.91475034	0.573550306225
10317.000009495	406.204081633	4.83671947563	299.0	0.92338162	0.588122384606
10317.000033748	571.380952381	5.13105685593	394.0	0.87116428	0.595108561555
10317.000006717	558.085714286	6.04014333105	425.0	0.96043176	0.691779020969
10317.000022553	857.692307692	6.48016066834	560.0	0.9712281	0.709821423688
10317.000034127	547.358490566	5.5527217505	394.0	0.94147876	0.644013961731
10317.000005085	397.8125	5.73508334309	338.0	0.96052932	0.682676544353
10317.000009648	663.5	6.08829061669	470.0	0.95698094	0.685887342224
10317.000013001	744.109589041	5.95048732301	485.0	0.94992426	0.666957342658
10317.000034147	997.0	5.62770037149	516.0	0.94257958	0.62452096834
10317.000028856	657.375	5.40213420205	378.0	0.94064756	0.630925163573
10317.000005163	426.0	4.43905918992	286.0	0.88092194	0.544010929426
10317.000009628	513.024096386	6.02801096137	427.0	0.9618562	0.689854350614
10317.000016762	544.0	5.77094493079	405.0	0.94564036	0.666254072276
10317.000014291	692.892857143	6.47419638813	477.0	0.96812104	0.727613939817
10317.000011191	556.75	6.01143527597	400.0	0.96661268	0.695457576339
10317.000013764	745.596774194	5.85024685851	456.0	0.9487579	0.662325337361
10317.000016333	703.655172414	6.10142322021	484.0	0.96599114	0.684103238035
10317.000034126	673.38028169	6.03564863375	454.0	0.95686316	0.683806206066
10317.000006036	527.869047619	6.46654557765	440.0	0.97386966	0.736394566287
10317.000013902	720.333333333	6.15156102614	504.0	0.95693752	0.685236628306
10317.000015295	532.9375	4.79205436569	336.0	0.88841868	0.571004899395
10317.000006795	757.628205128	6.26464260104	525.0	0.9607965	0.693284886906
10317.000002141	442.9	5.00961957157	309.0	0.90785536	0.605650965817
10317.000006017	495.3	4.85999481519	325.0	0.88837052	0.582433181759
10317.000014451	461.0	5.36024065012	344.0	0.93565526	0.63613484814
10317.000013984	622.84375	6.09691949297	414.0	0.97032378	0.701320370385
10317.000015587	476.307692308	4.90408557653	320.0	0.895933	0.589296797643
10317.000003508	566.238095238	6.07537342436	429.0	0.95619208	0.694738577914
10317.000036114	413.058823529	5.18454996261	316.0	0.93197826	0.624360170365
10317.000010712	561.467532468	6.35664282443	444.0	0.97300292	0.722804438752
10317.000013986	569.394366197	5.91931360631	412.0	0.9583544	0.681438237157
10317.000014259	603.514705882	5.74544666861	428.0	0.94642218	0.657263440741
10317.000006899	771.783783784	6.5397661894	524.0	0.97625304	0.723952170543
10317.000003879	457.078431373	5.45373098806	333.0	0.9484477	0.650851501049
10317.000003287	636.888888889	6.81087282912	508.0	0.9801018	0.757716291811
10317.000013952	594.482758621	6.00653382089	394.0	0.96414012	0.696647845161
10317.000010169	328.071428571	3.93148025273	239.0	0.8476206	0.497601130139
10317.000001805	503.846153846	6.21076723877	403.0	0.96873968	0.717623158074
10317.000005009	573.0	5.86414795274	378.0	0.95840974	0.684884597071
10317.000033803	679.270833333	5.59589116023	380.0	0.94634384	0.652973797457
10317.000014237	768.388888889	5.91824331492	460.0	0.95106194	0.669069014926
10317.000017185	789.5	6.42365761886	533.0	0.97167026	0.709170179823
10317.000035361	370.078947368	5.49713113405	289.0	0.95064804	0.67243805602
10317.000044399	495.046875	5.50086890193	362.0	0.93219502	0.647172781132
10317.000005987	603.835820896	6.22175105421	428.0	0.9722049	0.711751364375
10317.000003922	635.246575342	6.10945322503	461.0	0.968181	0.69044113035
10317.000015542	446.902439024	4.85979647049	298.0	0.9123611	0.5912759251
10317.000017114	319.941176471	5.03694337015	227.0	0.94633244	0.643571477048
10317.000014222	434.588235294	5.38460494315	289.0	0.9494576	0.658673259217
10317.000001882	639.875	6.39419150366	479.0	0.9629984	0.718135259929
10317.000012004	738.538461538	6.49221810923	532.0	0.9658471	0.716953684822
10317.000001732	563.12345679	6.34173943006	458.0	0.96597596	0.71745595894
10317.000001151	528.147058824	6.02227631946	416.0	0.96714206	0.692180684489
10317.000002262	545.93220339	6.37489611409	448.0	0.96624888	0.72381505804
10317.000027295	677.513888889	6.07291766403	478.0	0.96269616	0.68228384887
10317.000029188	686.333333333	5.8310312867	470.0	0.94837214	0.656905329174
10317.000014392	616.654545455	5.49771237336	394.0	0.94748334	0.637633882106
10317.000002512	478.0	5.30889947281	355.0	0.93004182	0.626664660584
10317.000012242	602.014084507	6.13080865863	457.0	0.96358594	0.693840393872
10317.000031519	614.765957447	5.70782163465	377.0	0.953812	0.666924637836
10317.000015329	642.515151515	6.23029656818	440.0	0.96839092	0.709491100631
10317.000014318	613.078125	6.29528099185	429.0	0.97414326	0.719885718681
10317.000013609	608.022222222	4.71816137123	353.0	0.88824914	0.557470051853
10317.000014317	602.52173913	5.53506497682	391.0	0.93074354	0.642788182255
10317.000029154	488.47826087	5.81955832311	385.0	0.95009376	0.677581986367
10317.000009529	371.849056604	5.02628606144	284.0	0.92970508	0.616741352553
10317.000011955	576.75	5.48348611037	388.0	0.94393126	0.63762112605
10317.000003266	409.1875	5.41744612312	348.0	0.93022738	0.641653722518
10317.000016405	610.615384615	6.38488267884	427.0	0.97620392	0.730695269532
10317.000010984	602.6875	6.10020479587	421.0	0.96949816	0.699751229551
10317.000010843	542.671641791	6.08726670532	427.0	0.9639925	0.696635664223
10317.000008955	397.023255814	5.76121493273	308.0	0.96623028	0.696911055386
10317.000027648	545.621621622	4.58816134839	319.0	0.86526118	0.551633249599
10317.000014357	478.803571429	5.384681019	347.0	0.92669302	0.638086720595
10317.000017093	471.1	4.99109776559	344.0	0.90286782	0.592326245482
10317.000014379	647.397058824	5.88529674796	446.0	0.94963894	0.668715337623
10317.000005915	428.028571429	4.52601622239	275.0	0.86472022	0.558540721914
10317.000001363	427.842105263	5.14022420153	356.0	0.86949694	0.60646364629
10317.000013604	348.090909091	2.54475844373	192.0	0.5490108	0.335500464701
10317.000014095	540.571428571	5.42788469465	359.0	0.93401356	0.639489513589
10317.000012275	568.486486486	5.84494698721	403.0	0.96079968	0.675354453722
10317.000011389	671.220779221	6.20859844894	462.0	0.96708904	0.701397929369
10317.000002205	340.288461538	3.9179374766	270.0	0.80598742	0.485084428327
10317.000011155	571.75862069	5.61422591466	404.0	0.93284468	0.648427902904
10317.000006929	455.509090909	5.24912426282	330.0	0.93322426	0.627411200334
10317.000013648	447.357142857	4.93481547378	302.0	0.89920902	0.59900133945
10317.000012155	750.6	6.93059164959	546.0	0.98301462	0.762210135185
10317.000006654	526.4	6.29867200823	393.0	0.97214372	0.730841293486
10317.000002071	568.085714286	5.49031180722	421.0	0.93044022	0.629790731014
10317.000004159	382.517241379	5.01933043846	315.0	0.89071426	0.604796316388
10317.000002568	301.714285714	4.78698967382	242.0	0.90333322	0.604504653052
10317.000008957A	642.5	6.49215149252	464.0	0.97345254	0.732915491249
10317.000002749	740.48	6.32252317729	496.0	0.96684804	0.706096109369
10317.000017661	649.015151515	6.1941539792	439.0	0.97139206	0.705639046889
10317.000002201	243.076923077	3.68413928903	193.0	0.81903134	0.485236764719
10317.000001939	454.772727273	4.91311276046	321.0	0.87928718	0.590062375243
10317.000009447	462.591836735	5.18917209355	338.0	0.92491668	0.617693913227
10317.000029245	716.4	6.23978772126	519.0	0.96958782	0.691803864408
10317.000014958	533.685185185	5.91019375496	376.0	0.95871448	0.690879930927
10317.000015364	802.615384615	5.92020025424	450.0	0.95710398	0.671698119775
10317.000016484	633.705882353	5.35513431639	378.0	0.93983844	0.625435960706
10317.000010908	532.095238095	5.97575228958	413.0	0.94773852	0.687658651847
10317.000001524	591.603448276	5.36226189482	419.0	0.92704556	0.615587309354
10317.000014949	483.1875	5.29107343481	349.0	0.9336276	0.626378750287
10317.000015933	545.344262295	6.21841537163	410.0	0.97020144	0.716450213646
10317.000014012	670.967741935	5.77678850702	431.0	0.95504378	0.660087919116
10317.000004774	485.03125	5.49524394107	379.0	0.92943322	0.641514040956
10317.000008954B	530.238095238	5.74888119763	393.0	0.94373632	0.66704850881
10317.000016703	657.380952381	6.30723440043	458.0	0.97087206	0.713552323448
10317.000003365	365.466666667	5.0328503098	288.0	0.91554082	0.616021604716
10317.000017216	717.0	6.89630937307	517.0	0.98381594	0.765064756152
10317.000004163	539.803571429	5.38522047334	371.0	0.94077208	0.630936933574
10317.000013697	596.103448276	5.44589801022	406.0	0.92115134	0.628469347555
10317.000017161	539.0	4.68968360113	326.0	0.89668434	0.56172431471
10317.000001072	449.835820896	5.08810464697	352.0	0.9148631	0.601471218912
10317.000011956	662.447761194	5.47269499353	422.0	0.94209076	0.627523535177
10317.000007641	477.304347826	6.0257525718	392.0	0.96373076	0.699472493077
10317.000017079	348.5	4.60079876517	251.0	0.91957134	0.577152810372
10317.000009193	389.294117647	4.97143559785	309.0	0.89355246	0.601034615167
10317.000012984	540.761363636	6.09110690623	444.0	0.9652463	0.692610742862
10317.000015581	512.269230769	5.16760230445	346.0	0.93281432	0.612665095008
10317.000014802	536.5	5.60782765222	379.0	0.95030202	0.654657048301
10317.000017353	741.443037975	6.64691829643	526.0	0.97709728	0.735366508351
10317.000001059	435.319148936	5.21904281155	330.0	0.93637496	0.623815659725
10317.000017088	532.789473684	5.66365849454	412.0	0.94965548	0.652006924632
10317.000004602	442.684210526	5.42242710417	299.0	0.94680228	0.659341682916
10317.000014399	509.781818182	5.49065061028	362.0	0.9458779	0.645970607376
10317.000005008	537.5625	5.66043287479	392.0	0.93856392	0.657065992612
10317.000010104	612.544117647	6.3765800255	446.0	0.97139332	0.724537274371
10317.000010565	611.5	5.53246077017	379.0	0.93428972	0.645858728595
10317.000027194	417.666666667	4.96733571811	326.0	0.9186832	0.59498113082
10317.000015224	706.518518519	6.72306097142	468.0	0.9774275	0.757923849126
10317.000013933	456.56	5.77065865704	341.0	0.95708454	0.685870436121
10317.000018033	599.898305085	5.40232334603	387.0	0.93246344	0.628455571513
10317.000006084	431.171428571	5.43060982741	284.0	0.9544976	0.666353169954
10317.000002059	668.117647059	6.22031024854	428.0	0.96966158	0.711586540133
10317.000003047	419.538461538	5.19951723482	330.0	0.92711072	0.621481829371
10317.000008982	385.734693878	5.51436534124	304.0	0.95058876	0.668575873425
10317.000010765	488.015873016	5.24897112686	365.0	0.89556436	0.616673362159
10317.000012072	552.052631579	5.14798011346	356.0	0.91399194	0.60737871895
10317.000017183	508.126760563	5.90609281174	419.0	0.94676388	0.678019062494
10317.000012228	544.721518987	6.21225280927	418.0	0.97082492	0.713448557138
10317.000011224	592.776119403	5.39722367714	410.0	0.89937936	0.621837208595
10317.000026111	350.069767442	4.48640232474	269.0	0.88954732	0.555835129152
10317.000006637	610.12345679	6.3953365011	490.0	0.97003844	0.715631151754
10317.000012113	371.021276596	4.2987717248	274.0	0.86588492	0.530841528011
10317.000013079	547.6	5.50455577721	353.0	0.9486087	0.650385765367
10317.000004162	445.28125	5.8609067074	355.0	0.96411782	0.691823819856
10317.000012906	627.448275862	5.26490978985	397.0	0.93948546	0.609858996747
10317.000012976	643.844827586	6.11073834061	430.0	0.96740474	0.698514361271
10317.000009533	274.607142857	3.86782979375	198.0	0.81858864	0.506966705891
10317.000014309	482.101694915	5.70690933193	371.0	0.94127238	0.668626269231
10317.000002371	550.045454545	5.87097378932	423.0	0.94987094	0.672928473513
10317.000002329	562.740740741	5.97939593307	456.0	0.93382616	0.676946721116
10317.000010761	625.406779661	6.10306545055	446.0	0.95248484	0.693459250753
10317.000009129	547.882352941	5.97538949079	386.0	0.9585713	0.695422678853
10317.000014323	664.368421053	5.73110817335	427.0	0.9443668	0.655876363292
10317.000006894	692.921875	5.92121060906	444.0	0.95407074	0.673292086598
10317.000014241	351.725490196	4.88752081467	285.0	0.91347354	0.599341487365
10317.000001685	400.666666667	5.02124334201	309.0	0.92237582	0.607056251726
10317.000011302	543.466666667	5.3055254504	374.0	0.91514926	0.620754763652
10317.000012231	408.170731707	5.27358540451	285.0	0.94499578	0.64668338815
10317.000001579	542.014925373	5.74720612406	405.0	0.95240736	0.663513433291
10317.000017662	683.109375	6.15670257742	456.0	0.96487046	0.697020178849
10317.000003432	376.0	4.78349097465	281.0	0.8777494	0.588055111245
10317.000011116	714.851851852	6.51107658125	507.0	0.9760824	0.724592823566
10317.000006841	537.764705882	6.26576584287	431.0	0.9656811	0.7159611836
10317.000013563	623.28358209	5.37962982783	452.0	0.87391794	0.609922978973
10317.000017217	803.474576271	6.77568532525	515.0	0.98100994	0.752149526794
10317.000006728	348.765957447	4.47538904434	271.0	0.87511168	0.553737504894
10317.000013286	503.163934426	5.41233725643	372.0	0.93402248	0.633825576518
10317.000022964	570.96875	5.519168381	401.0	0.94510658	0.638241678516
10317.000002466	541.046153846	5.50862257024	406.0	0.92015266	0.635707908255
10317.000017644	597.380952381	5.83147457725	420.0	0.95567428	0.66918869401
10317.000017173	486.764705882	5.60102861238	380.0	0.94351664	0.653573276886
10317.000013332	737.25	6.95399679582	575.0	0.97742536	0.758555646224
10317.000002173	355.238095238	4.78387783439	262.0	0.91200304	0.595496817916
10317.000011329	500.333333333	5.81394726801	387.0	0.9564549	0.676340033542
10317.000007039	460.337837838	6.17764751616	400.0	0.96325022	0.71468652191
10317.000002886	594.0	5.88197224984	423.0	0.95977412	0.674189112295
10317.000009126	470.72	5.25968865523	353.0	0.91446406	0.621453713991
10317.000022636	438.054545455	5.00885806648	323.0	0.91175782	0.600914636668
10317.000014233	534.68	6.57036337745	433.0	0.97774468	0.750193642747
10317.000023088	604.378378378	5.97825608433	441.0	0.96113554	0.680535524747
10317.000004974	673.338709677	6.2228100526	463.0	0.96492708	0.702755793002
10317.000002414	221.272727273	3.75817856503	161.0	0.8440577	0.51264782121
10317.000006027	565.018181818	5.76854628462	403.0	0.95386434	0.666526733834
10317.000017098	563.470588235	6.28673082693	449.0	0.97217352	0.713544034094
10317.000014559	517.525	5.27648083613	333.0	0.93670874	0.629698362455
10317.000016313	470.72	5.7194478545	335.0	0.9510037	0.681859330988
10317.000022899	552.0	6.01041856206	438.0	0.95736536	0.68496460612
10317.000003837	585.716981132	5.47995317268	386.0	0.94110966	0.637763232206
10317.000010285	475.588235294	4.85183899345	276.0	0.93510094	0.598362750129
10317.000005848	424.474576271	4.72714173995	321.0	0.87188436	0.567727349071
10317.000005907	543.882352941	5.71909861552	382.0	0.9486953	0.666761418857
10317.000014132	838.721518987	6.17899517052	531.0	0.95076122	0.682568210019
10317.000003382	681.197368421	6.27021819878	501.0	0.96284926	0.69912489151
10317.000003221	338.0	4.42584818497	249.0	0.86145704	0.556010943557
10317.000014607	427.947368421	3.94043325273	287.0	0.78700804	0.482606022103
10317.000017125	836.361445783	6.8620486156	599.0	0.97578368	0.743739654398
10317.000013826	608.125	5.13298158015	427.0	0.8937719	0.587425885152
10317.000004872	445.222222222	5.43859060242	312.0	0.94367088	0.656406346821
10317.000014293	534.671875	5.60200966088	367.0	0.95633378	0.657540943607
10317.000016721	684.782608696	6.67660341517	432.0	0.98184292	0.762614415493
10317.000016763	622.47761194	6.28987882858	435.0	0.96999404	0.717623614159
10317.000012173	462.526315789	5.26757743097	287.0	0.94660782	0.645148496887
10317.000012951	510.391891892	5.83199027496	409.0	0.94528288	0.672201378224
10317.000004705	641.153846154	5.39329541206	443.0	0.88214778	0.613490556418
10317.000007651	374.3	4.16574941954	263.0	0.8694108	0.518197711046
10317.000001827	515.092307692	5.30826177093	392.0	0.90468464	0.61618578768
10317.000014666	665.478873239	6.48622243937	493.0	0.96975398	0.725086709839
10317.000017146	465.12244898	4.9884808884	345.0	0.89506932	0.591721601874
10317.000004161	494.0	5.92453536901	377.0	0.96087358	0.692246334633
10317.000023299	447.0	5.07650373538	332.0	0.92773712	0.606146845874
10317.000013733	508.820895522	5.64925827269	395.0	0.9410264	0.654932640954
10317.000012034	341.459459459	4.84099108218	238.0	0.93168802	0.613185918576
10317.000014391	760.971014493	6.43603192567	498.0	0.97177978	0.718306979671
10317.000014646	539.012345679	5.53815444892	424.0	0.9320773	0.634533103017
10317.000001793	576.430769231	5.89173030198	431.0	0.95167436	0.673221806597
10317.000013214	380.222222222	4.74812718206	294.0	0.89767128	0.579063038421
10317.000023154	703.226415094	5.54936389252	406.0	0.94528442	0.640409551985
10317.000009222	473.859375	5.87841824976	366.0	0.9635915	0.690303599398
10317.000027198	400.96875	4.57460384477	273.0	0.88956546	0.565271361183
10317.000007734	547.161290323	6.01802739527	414.0	0.96255034	0.692245519513
10317.000006818	359.0	3.78257743888	221.0	0.7938292	0.485699122458
10317.000026639	708.391891892	6.13226661992	505.0	0.95197528	0.682869855964
10317.000005041	326.489795918	4.79453515283	262.0	0.92621832	0.596823440258
10317.000013312	439.304347826	5.48644312042	369.0	0.93222802	0.643384100188
10317.000001285	581.467532468	6.03584606891	464.0	0.9469758	0.681402011613
10317.000017215	712.486486486	6.75433668475	502.0	0.98191612	0.752862274382
10317.000016698	750.625	6.62269923329	510.0	0.97675624	0.736317432908
10317.000014979	601.3	6.07507906728	420.0	0.96767278	0.697143436567
10317.000014538	442.107142857	4.29549059167	323.0	0.82840864	0.515331665212
10317.000004278	413.896551724	4.28401777551	250.0	0.84708712	0.537802383597
10317.000009556	440.02	5.6935105903	343.0	0.95242096	0.676023130714
10317.000022663	692.794520548	5.89776440151	452.0	0.95160034	0.668667203538
10317.000001141	464.208333333	5.41149307406	359.0	0.93711388	0.637558324908
10317.000002359	424.333333333	5.5368028002	323.0	0.9511336	0.664252370267
10317.000014236	429.115384615	5.62762464439	332.0	0.94800258	0.671952017721
10317.000001799	435.068181818	5.01491165574	318.0	0.89191154	0.603269850269
10317.000023213	534.108695652	5.58659990697	349.0	0.94830738	0.661364373638
10317.000013652	555.444444444	5.80829015202	401.0	0.95265272	0.671675984501
10317.000010205	509.538461538	5.37458035963	333.0	0.93608402	0.641405617957
10317.000005989	596.266666667	5.88543080376	405.0	0.96387016	0.679471436156
10317.000011072	347.923076923	3.91527941613	221.0	0.88322452	0.502738623946
10317.000013178	294.0	3.63872049764	223.0	0.70648786	0.466448812871
10317.000003423	358.15	4.33664136472	271.0	0.82378304	0.536570328328
10317.000013306	546.52173913	5.56592938141	391.0	0.93885882	0.64637247162
10317.000002489	442.956521739	5.68042380169	315.0	0.9654507	0.684453720055
10317.000004759	396.794117647	3.94909569588	257.0	0.84570044	0.493290145149
10317.000002687	464.328125	4.94969989738	349.0	0.88330724	0.585965565252
10317.000004158	508.737704918	5.25517573042	367.0	0.92488962	0.616830997763
10317.000004157	479.016393443	5.30627751595	360.0	0.92546356	0.624866852471
10317.000001321	464.387096774	5.87743441254	378.0	0.95736564	0.686436347085
10317.000003022	499.865384615	5.9961164624	376.0	0.96563786	0.700923979675
10317.000003757	450.568965517	5.708023943	360.0	0.9561179	0.672176482359
10317.000002087	509.016129032	5.52104042359	388.0	0.928015	0.641987950914
10317.000009214	509.118644068	4.87050960597	367.0	0.87960024	0.57168046398
10317.000013829	509.103448276	5.46972655789	386.0	0.92687308	0.636573047054
10317.000016757	533.454545455	5.68632276243	381.0	0.94572988	0.663232652112
10317.000014593	523.358208955	6.08768658392	415.0	0.95927798	0.699978074605
10317.000006047	447.381818182	5.38173110952	350.0	0.93336902	0.636799985033
10317.000010098	577.082191781	5.50486754033	424.0	0.92314996	0.630719261134
10317.000009117	548.12244898	5.96330671507	377.0	0.96273134	0.696776533295
10317.000026135	608.380952381	6.08878979593	431.0	0.9661899	0.695738918164
10317.000009624	570.642857143	5.88434364448	411.0	0.9606871	0.677685974323
10317.000009075	549.808823529	5.77137952486	392.0	0.96107624	0.669944737465
10317.000001765	583.194805195	6.28397979734	440.0	0.97398728	0.715604416895
10317.000016353	649.035294118	5.81585674439	474.0	0.9459434	0.654294604033
10317.000008949A	546.580645161	5.99608255954	405.0	0.9598416	0.692246152217
10317.000005571	280.620689655	3.34970545373	190.0	0.71448606	0.442505858374
10317.000006626	477.571428571	5.55218276309	368.0	0.94891078	0.651392315996
10317.000014608	522.818181818	5.16602401443	368.0	0.90094474	0.606087459804
10317.000015264	574.276315789	5.42315373691	409.0	0.9334596	0.625078445676
10317.000007732	475.8	5.2745673879	333.0	0.93728478	0.629470010404
10317.000027644	582.967213115	5.69761160901	428.0	0.9240241	0.651791240288
10317.000007697	632.3	6.30306268747	464.0	0.9687277	0.711568775202
10317.000004881	400.923076923	5.13763573129	284.0	0.9284325	0.630404312668
10317.000004642	341.621621622	3.12060043537	226.0	0.74584978	0.39904463189
10317.000001353	489.378787879	5.68516655687	383.0	0.95216864	0.662514120558
10317.000028759	439.926829268	5.29021460605	299.0	0.94282534	0.643265263753
10317.000004631	540.029850746	6.30396028657	437.0	0.96722372	0.718687551127
10317.000009433	341.139534884	4.99478729695	262.0	0.92896034	0.621750814814
10317.000009061	595.538461538	6.43845414571	469.0	0.9680345	0.725586825597
10317.000013995	702.514285714	6.42034102685	480.0	0.97477694	0.720828549305
10317.000015155	544.12244898	5.51446359161	354.0	0.95169616	0.651242380032
10317.000022965	730.551724138	6.1291166496	477.0	0.9605656	0.688831546907
10317.000016701	679.213333333	6.56264701928	501.0	0.97478818	0.731730498034
10317.000022638	425.162790698	4.45939562132	278.0	0.87038598	0.549258281515
10317.000013972	535.769230769	5.79983831463	377.0	0.95647266	0.677676233612
10317.000017163	603.125	5.50763007801	422.0	0.94215288	0.631529347257
10317.000001026	609.473684211	6.54043102529	474.0	0.97240596	0.735810546232
10317.000010919	489.118421053	5.10857227988	392.0	0.88650932	0.593005727682
10317.000014311	556.390625	5.41785648593	391.0	0.93931856	0.629176737201
10317.000005039	478.770833333	5.10058717746	325.0	0.92402418	0.611266334961
10317.000004249	600.166666667	5.59026619597	382.0	0.94848942	0.651741484313
10317.000017176	411.75	5.14744747125	298.0	0.92730312	0.626273504241
10317.000002258	494.948275862	5.1304829204	357.0	0.91521454	0.605025455926
10317.000013118	570.75	6.2762538847	407.0	0.96994522	0.72399782626
10317.000013431	802.365384615	6.62558914874	496.0	0.97823252	0.73994235988
10317.000014197	767.5	6.53450724064	511.0	0.97471726	0.726283970936
10317.000015541	406.571428571	4.62366102117	293.0	0.89195672	0.564221868117
10317.000022661	598.908045977	6.02474541617	467.0	0.95584146	0.67943566375
10317.000014258	592.592105263	6.31936968193	459.0	0.97148326	0.714670809966
10317.000014324	535.0	5.32620004507	365.0	0.93771088	0.625746572031
10317.000002369	573.153846154	4.03661811787	375.0	0.765523	0.472077845267
10317.000002372	447.725806452	5.15559492261	363.0	0.88370016	0.606267706025
10317.000013056	656.060240964	5.89306327717	451.0	0.95727122	0.668376343767
10317.000013852	606.5	5.92498086	428.0	0.96094296	0.677801662949
10317.000012017	746.515625	5.92503935736	463.0	0.9539778	0.669127885465
10317.000021237	298.024390244	2.30854853358	213.0	0.46783444	0.298466089476
10317.000016489	415.695652174	4.26257245592	297.0	0.81744968	0.518919753815
10317.000012355	638.185185185	6.12842497248	434.0	0.96590822	0.699468029107
10317.000018409	730.454545455	5.63335661194	421.0	0.9381801	0.646199324058
10317.000004077	328.037037037	4.59302991995	202.0	0.92420448	0.599752295989
10317.000004294	516.054054054	6.00111526312	413.0	0.95969208	0.690577291601
10317.000022993	774.164179104	6.35838491789	509.0	0.97074492	0.707153363662
10317.000008963	281.222222222	3.96319219001	226.0	0.81636252	0.506790472322
10317.000013372	373.166666667	4.83445343738	299.0	0.91663528	0.587846844991
10317.000016407	723.538461538	6.00684097799	424.0	0.96123352	0.688232782283
10317.000006657	522.0	5.61653893673	350.0	0.95394688	0.664583911396
10317.000005805	541.68	5.91970777438	435.0	0.95199322	0.675390131286
10317.000012988	341.441176471	3.87516092994	221.0	0.81913512	0.497587238719
10317.000011093	677.244186047	6.69959159253	518.0	0.97814254	0.743011426968
10317.000004979	565.75862069	5.58950785658	398.0	0.92444132	0.647186615392
10317.000014188	477.4375	5.6661624226	364.0	0.93991198	0.665996613956
10317.000011223	811.858695652	6.77828296542	589.0	0.97609262	0.736599843165
10317.000013608	446.553191489	5.09857235046	319.0	0.91656582	0.612999809823
10317.000009594	504.960784314	4.98006427498	353.0	0.89971232	0.588414950479
10317.000022994	725.375	6.64489927051	550.0	0.97914914	0.729944983654
10317.000002494	362.1	4.46719997706	282.0	0.82951486	0.548826315316
10317.000005887	414.288461538	5.09108319478	321.0	0.9179062	0.61143653503
10317.000028817	640.679245283	5.94519972797	427.0	0.95437924	0.680377312499
10317.000027879	729.516666667	5.93806538358	464.0	0.9477714	0.670363301394
10317.000002325	625.78125	4.55706144681	396.0	0.85936658	0.528088204885
10317.000026127	516.068493151	5.65871100022	394.0	0.95262428	0.656306772299
10317.000031851	653.385964912	5.69544005095	444.0	0.93579154	0.647620050894
10317.000036428	509.3125	5.52115587492	353.0	0.94496352	0.652347134765
10317.000026648	391.317073171	4.58929696714	273.0	0.85368044	0.567086950371
10317.000027761	739.261904762	6.66751632438	530.0	0.97560158	0.736754464779
10317.000030744	567.9	5.36295632609	335.0	0.93683686	0.639359236355
10317.000021239	424.567567568	5.01933746519	277.0	0.93555072	0.618621760769
10317.000036165	633.192307692	6.10809684056	424.0	0.96722164	0.699834155496
10317.000027762	454.965517241	4.65370662605	252.0	0.88506582	0.583370104933
10317.000023342	644.6875	5.33197565476	373.0	0.93182734	0.624131545679
10317.000029227	521.365384615	5.59025691199	350.0	0.95315228	0.661474058335
10317.000030751	398.55	4.55777983182	311.0	0.86892082	0.550405265203
10317.000026658	767.695652174	6.24357315256	448.0	0.97044664	0.708904456311
10317.000036106	341.029411765	3.93493009093	231.0	0.85178888	0.501153318856
10317.000030756	449.375	4.30185599223	308.0	0.8464377	0.520378259563
10317.000038402	506.763888889	5.60573266857	383.0	0.95518778	0.653257386895
10317.000033785	838.804878049	6.49770070674	553.0	0.9722332	0.713160350357
10317.000028955	852.240963855	6.55689473592	562.0	0.9729945	0.717822280903
10317.000035491	655.796875	6.1390357873	462.0	0.95838594	0.693539294729
10317.000036399	376.486486486	4.11338072367	240.0	0.87685974	0.520227347771
10317.000002326	555.071428571	5.15903358523	330.0	0.91559886	0.616642946939
10317.000036934	346.363636364	4.49130935952	225.0	0.89732166	0.574793336236
10317.000036101	491.957746479	5.73992093976	388.0	0.95161826	0.667439431665
10317.000043083	639.558823529	4.94972019287	443.0	0.87432352	0.563033611778
10317.000036085	441.918367347	4.85615909705	324.0	0.8946393	0.582283745555
10317.000036124	472.75	3.45644736773	275.0	0.6767954	0.42654876014
10317.000033728	456.720588235	5.02237326019	362.0	0.89685612	0.590878155547
10317.000036081	528.170212766	5.56899220405	347.0	0.94281238	0.659927665161
10317.000037612	451.657894737	4.57814253667	291.0	0.87101754	0.559341754745
10317.000028718	541.775	5.02429397707	302.0	0.93115558	0.609862483823
10317.000030771	341.05	3.61459779167	187.0	0.81436078	0.478951681501
10317.000034241	524.944444444	5.87741320306	386.0	0.95917492	0.684020086172
10317.000009144	322.551724138	4.41448664107	219.0	0.89158212	0.567795182971
10317.000004765	434.524590164	5.9219761544	355.0	0.96475422	0.699032482305
10317.000006675	713.638888889	6.66508189973	507.0	0.97733114	0.741731486761
10317.000031829	520.965517241	3.85344867018	258.0	0.76827336	0.481006036568
10317.000033666	488.714285714	4.98306048259	328.0	0.92352972	0.596234457152
10317.000031926	1010.01492537	5.67952476931	468.0	0.96474452	0.640280862045
10317.000027821	447.926829268	5.12479382495	307.0	0.92541714	0.620277777109
10317.000013063	472.666666667	4.88717047102	314.0	0.9047234	0.58919757985
10317.000014234	431.538461538	4.81257747943	275.0	0.90913714	0.593904300725
10317.000022526	531.5	5.1068024851	332.0	0.93201714	0.609764590001
10317.000033713	523.037037037	3.76898062391	263.0	0.74335754	0.468841722243
10317.000014018	598.294117647	5.79972068049	385.0	0.9584677	0.675272252784
10317.000010207	494.181818182	5.54492914581	351.0	0.9500884	0.655791195461
10317.000006777	378.381818182	5.33516985879	318.0	0.93891776	0.641795378028
10317.000014678	324.8	2.25126069986	217.0	0.57892562	0.290052933033
10317.000002711	271.171428571	3.40737165147	194.0	0.7337222	0.448343516857
10317.000013755	424.538461538	4.84146705692	305.0	0.91098262	0.586654953669
10317.000016381	421.941176471	3.94635639176	252.0	0.817754	0.494699500282
10317.000001221	433.833333333	5.52533564184	358.0	0.93443772	0.651279540587
10317.000009497	397.303030303	4.39704107296	262.0	0.89058618	0.5473434017
10317.000002161	646.133333333	5.43267080954	367.0	0.9519416	0.637664642986
10317.000023343	359.64	4.18899675257	203.0	0.89595536	0.546485737588
10317.000036151	598.0	6.04312037837	418.0	0.9637853	0.694024478226
10317.000038424	690.049180328	5.69310923389	423.0	0.93907434	0.652541715187
10317.000036191	538.85	5.54281278761	379.0	0.94629118	0.647067221723
10317.000005799	171.5	1.79107592979	110.0	0.41043736	0.264117522953
10317.000016723	509.522727273	5.57934430026	339.0	0.95025282	0.66380135596
10317.000004927	270.727272727	3.49281932187	211.0	0.80168214	0.452373326194
10317.000016717	575.294117647	6.05386314725	379.0	0.96803922	0.706727172193
10317.000002382	587.823529412	6.30490010156	465.0	0.96858118	0.711526719967
10317.000001575	444.5	5.36562722219	365.0	0.92381778	0.630378658832
10317.000012154	395.02	4.95015599482	292.0	0.92557952	0.604427599056
10317.000006034	611.508474576	5.73311711535	417.0	0.95258458	0.658683436343
10317.000001782	604.014492754	5.79432171952	463.0	0.94432222	0.654365651608
10317.000014556	385.333333333	3.64162346357	248.0	0.7921169	0.457824187569
10317.000010979	482.117647059	4.86447418343	335.0	0.90293234	0.579931349442
10317.000005228	238.615384615	0.940417286814	107.0	0.20925328	0.139497425221
10317.000002067	380.7	4.54255033766	285.0	0.87026274	0.557038829917
10317.000012156	714.4	6.03494762395	485.0	0.96290132	0.676424032496
10317.000008991	426.195652174	5.23238158337	312.0	0.93788524	0.631518114047
10317.000001405	349.833333333	4.97951684129	253.0	0.93448544	0.623765608063
10317.000010776	504.06	6.42711550723	399.0	0.9728036	0.743858021928
10317.000013965	525.734693878	5.22304839434	330.0	0.93391556	0.624294434351
10317.000003281	236.526315789	4.56531254678	196.0	0.91764842	0.599538608855
10317.000002272	507.620689655	4.6941108494	347.0	0.89196864	0.556253896459
10317.000002126	436.057692308	4.89068341664	327.0	0.90230352	0.58548993796
10317.000012202	429.162790698	4.86124862468	282.0	0.92765588	0.597237908358
10317.000001794	432.902439024	4.94769529053	324.0	0.89965168	0.593259505725
10317.000002276	479.850746269	5.22062872065	392.0	0.87318686	0.606013297618
10317.000009198	415.5	5.14921531032	335.0	0.90333124	0.613877527329
10317.000014594	309.263157895	3.75580924523	224.0	0.75260344	0.481060395323
10317.000016737	677.804878049	6.08353141769	490.0	0.95842492	0.680740504339
10317.000015605	464.172413793	5.51136361914	339.0	0.95158068	0.655713368218
10317.000009219	499.245901639	4.79958601864	366.0	0.8628575	0.56361615719
10317.000007005	247.096774194	3.51690097596	190.0	0.76639936	0.464592874412
10317.000006703	297.025	2.95879195577	220.0	0.6775074	0.380240994466
10317.000017746	330.783783784	4.88501670518	232.0	0.92992132	0.621663084731
10317.000026105	277.171428571	4.24858008919	200.0	0.89140126	0.555816329312
10317.000001301	292.0	3.35043855702	221.0	0.69504246	0.430210641629
10317.000009097	309.837209302	4.03684088499	240.0	0.80134176	0.510547203882
10317.000016414	380.25	4.52764216146	254.0	0.90465106	0.566756899162
10317.000003732	333.418604651	5.22174624839	282.0	0.9356943	0.641527526803
10317.000013814	409.689655172	4.07593010076	225.0	0.87325496	0.521633508926
10317.000018426	304.333333333	5.01899212542	251.0	0.92909876	0.629613586309
10317.000002132	546.365853659	4.94699499853	426.0	0.85192372	0.566360556175
10317.000003225	257.578947368	4.04063883393	211.0	0.85738134	0.523324300748
10317.000009392	277.037037037	2.75338869565	177.0	0.65640786	0.368711051646
10317.000009149	378.62295082	5.26584131634	310.0	0.93527594	0.636268989986
10317.000013912	294.5	4.03423813865	202.0	0.83683656	0.526785940521
10317.000007677	430.161290323	4.85694568347	264.0	0.92668886	0.603767743276
10317.000017208	357.25	5.33569533756	305.0	0.94571408	0.646542063438
10317.000013117	535.519230769	3.86283310514	343.0	0.70662554	0.458656304884
10317.000005026	258.052631579	3.79366449542	168.0	0.84996532	0.513190151133
10317.000009033	349.075	5.61209756878	274.0	0.95202516	0.693019922777
10317.000013524	682.120481928	6.27740852575	507.0	0.96326456	0.698588798886
10317.000002274	251.09375	3.86300494904	182.0	0.83790942	0.514532580361
10317.000008999	356.384615385	3.14578550266	232.0	0.67366514	0.400329996294
10317.000016761	577.837209302	5.1220752713	358.0	0.9170284	0.603746640164
10317.000004025	162.0	2.96609792032	119.0	0.7656181	0.430192359267
10317.000001128	360.090909091	5.45215151079	302.0	0.94054474	0.661796996301
10317.000003559	471.344262295	5.66724190846	362.0	0.95775072	0.666746430905
10317.000017117	227.375	3.03506484976	146.0	0.72034806	0.422133367081
10317.000014561	548.779661017	5.99437150766	400.0	0.95422368	0.693483484229
10317.000002056	485.0	6.10986290579	372.0	0.9649592	0.715511099037
10317.000002243	365.837209302	4.87423440523	262.0	0.90514676	0.606744398284
10317.000003189	476.529411765	4.83087476907	327.0	0.89588698	0.578329924038
10317.000016315	383.552631579	3.23451349183	248.0	0.67129992	0.406642401773
10317.000011315	482.05	5.60018606075	357.0	0.94972086	0.660416412499
10317.000013913	288.25	3.42548442526	217.0	0.75301406	0.441340180934
10317.000013498	315.777777778	4.05077054092	228.0	0.8661488	0.517148911015
10317.000002589	473.47826087	5.61184435761	370.0	0.95942148	0.657788469966
10317.000004086	563.666666667	6.570713006	449.0	0.97476226	0.74577601527
10317.000013551	358.275	3.18936060886	249.0	0.6792825	0.400673346071
10317.000006766	397.631578947	5.63534057627	332.0	0.94899146	0.672873318683
10317.000011962	419.763157895	3.39800701222	262.0	0.72818642	0.422983703407
10317.000002199	206.027777778	4.07970578033	176.0	0.87909276	0.546919120504
10317.000010556	520.097560976	4.05136259469	306.0	0.78461224	0.490634892278
10317.000028914	484.75	4.74414392832	291.0	0.91768978	0.579623235488
10317.000038479	288.583333333	4.66557909051	229.0	0.91208722	0.595159816817
10317.000042999	509.181818182	6.06397298837	366.0	0.97013412	0.712093322161
10317.000041554	729.603448276	6.26215855989	458.0	0.97135548	0.708452787153
10317.000037489	544.8	5.92397249284	367.0	0.9665567	0.695331621801
10317.000031493	347.842105263	5.22671577882	303.0	0.9239358	0.634065930101
10317.000039813	452.964285714	4.80125520191	269.0	0.89130832	0.594843286909
10317.000009455	366.322580645	5.12957358409	240.0	0.93966278	0.648747256847
10317.000023819	405.3	4.72498409356	294.0	0.86956954	0.576240597777
10317.000008950B	357.75	3.67935280794	244.0	0.77789942	0.463935779403
10317.000001067	171.928571429	2.01391081545	98.0	0.63813456	0.304459434035
10317.000009526	297.41025641	5.37006309683	239.0	0.95154102	0.679680246147
10317.000010876	266.034482759	5.07606078023	211.0	0.9405817	0.65742722068
10317.000001622	303.162162162	4.34205705784	222.0	0.89282588	0.557072798307
10317.000002271	354.785714286	3.45007464497	202.0	0.78092464	0.450506577514
10317.000002465	493.101694915	6.06319993256	382.0	0.96735008	0.70687848936
10317.000001747	310.689655172	4.33231978381	225.0	0.86742306	0.554446007354
10317.000002038	324.25	3.79549542496	213.0	0.83920696	0.490709491541
10317.000023378	369.0	4.57653713742	276.0	0.8639151	0.564410597984
10317.000010178	302.630434783	4.77071212656	256.0	0.8970138	0.59633901582
10317.000011259	353.902439024	3.74555874216	245.0	0.74719634	0.471932671106
10317.000005025	305.025641026	4.2734897369	230.0	0.87362434	0.544706539573
10317.000001225	159.620689655	2.38230817906	127.0	0.6348334	0.340880764527
10317.000015394	382.058823529	3.52676109691	177.0	0.83521794	0.472274690094
10317.000042586	669.305084746	6.3096951289	451.0	0.97083724	0.715629675466
10317.000001208	231.0	4.16513959808	186.0	0.8976453	0.552467417445
