	chao1	shannon	observed_otus	simpson	equitability
10317.000002503	494.355932203	5.44499590521	363.0	0.93021828	0.640299563157
10317.000013618	699.555555556	6.59039832303	449.0	0.97952526	0.748010299019
10317.000031796	1072.75362319	6.43167462534	596.0	0.96552106	0.69764150759
10317.000026504	729.214285714	6.10776540321	470.0	0.96400624	0.688081309367
10317.000007104	690.142857143	5.76568843591	412.0	0.95601204	0.663752729637
10317.000007077	659.0	5.84941983571	410.0	0.9600897	0.673936660796
10317.000016408	832.818181818	6.45042054185	549.0	0.9727094	0.708785833554
10317.000005802	476.216216216	4.52922203092	280.0	0.89236656	0.557149015662
10317.000006952	417.0	5.84771207318	332.0	0.96571812	0.698230989969
10317.000013023	591.522727273	5.9501808593	364.0	0.9680207	0.69937993463
10317.000002645	477.444444444	4.77439895219	343.0	0.89045618	0.566891740297
10317.000002027	616.655737705	5.81519390237	421.0	0.9575594	0.667057782391
10317.000027353	957.06122449	6.56217453765	624.0	0.96070552	0.706719470302
10317.000023798	774.960784314	6.08029712217	452.0	0.95278624	0.689362103431
10317.000041962	777.610526316	6.57409943864	551.0	0.97503742	0.721959750909
10317.000040352	560.0	4.34419494868	329.0	0.78825502	0.519519751176
10317.000028811	597.62	4.9713636911	383.0	0.91107052	0.57933195287
10317.000027772	929.125	7.01349952349	637.0	0.98095582	0.752913249177
10317.000027617	713.59375	5.47421667604	436.0	0.93395102	0.624327280686
10317.000039952	160.333333333	4.43540712449	141.0	0.89826514	0.621244516015
10317.000026028	648.25	6.0959260513	457.0	0.96662928	0.689892633739
10317.000001441	447.375	5.02804639201	348.0	0.89111798	0.59553239868
10317.000016347	655.630769231	6.1677361103	450.0	0.9541907	0.699783211824
10317.000001595	550.04	6.27929226177	433.0	0.97062824	0.716959605598
10317.000002146	696.303571429	5.85602316394	415.0	0.95921682	0.673340810608
10317.000012158	855.012345679	6.62956831295	563.0	0.97374644	0.725574560774
10317.000014313	375.8	4.10330905006	240.0	0.85580752	0.518953563407
10317.000007749	386.294117647	5.5116522783	291.0	0.94049422	0.673394773578
10317.000017335	706.835820896	5.96133555166	461.0	0.9661501	0.673702065484
10317.000002578	545.0	6.01336313865	392.0	0.96693328	0.698034321233
10317.000007719	460.355932203	5.05536837606	329.0	0.92871488	0.604568568368
10317.000006716	575.365853659	5.96871387765	455.0	0.95457808	0.675979762528
10317.000006802	503.553846154	5.71032792813	390.0	0.93913722	0.663426140275
10317.000002898	485.9	5.74193665756	366.0	0.9565187	0.674276544102
10317.000001647	560.75862069	5.79826283059	393.0	0.95292764	0.672778309704
10317.000002878	408.97826087	5.62793783038	342.0	0.92874932	0.668571683863
10317.000017667	606.058823529	5.9490944565	419.0	0.96337782	0.682955648455
10317.000009213	496.263157895	5.71389423733	371.0	0.95147946	0.669444626589
10317.000031434	561.609375	5.26600302209	387.0	0.92322514	0.612597345041
10317.000027217	550.56	4.76504296491	375.0	0.8341938	0.557266293168
10317.000001546	524.716981132	6.32962456481	390.0	0.97571868	0.735376049726
10317.000009074	529.04	6.00857360627	403.0	0.9685536	0.694260692935
10317.000027277	683.917647059	5.59223053867	488.0	0.9278031	0.626177920959
10317.000001333	243.090909091	4.3331601028	182.0	0.9094894	0.577154851785
10317.000023984	666.015151515	5.8459147603	456.0	0.94871472	0.661834886535
10317.000028933	658.304347826	6.16304213239	455.0	0.96482226	0.697988183468
10317.000015568	615.192307692	6.10673410681	448.0	0.96720064	0.693367550287
10317.000006944	644.301075269	2.97505347765	443.0	0.55960598	0.338414100088
10317.000002028	568.227272727	5.57820000574	425.0	0.91228662	0.638872544449
10317.000003896	491.107142857	5.91672570566	372.0	0.95842082	0.692893273979
10317.000011025	664.246153846	6.28233357306	451.0	0.97224114	0.712526396952
10317.000017293	794.743589744	5.91753342984	508.0	0.95475384	0.658331406212
10317.000031284	488.0	3.65422884176	203.0	0.80685514	0.476721291962
10317.000020034	715.630769231	5.93801761891	476.0	0.95695136	0.667581706216
10317.000031847	609.692307692	5.46164555093	399.0	0.93587502	0.63211698178
10317.000013935	657.043478261	6.16137025478	475.0	0.96442648	0.692928489989
10317.000014019	668.714285714	6.30073398394	493.0	0.9684126	0.704351186949
10317.000023052	537.25	5.38027689997	346.0	0.93987516	0.637879554945
10317.000015385	718.564516129	6.4036867864	473.0	0.97334666	0.720673599158
10317.000017354	766.379746835	6.65966813359	522.0	0.97487924	0.737675839349
10317.000023475	695.5	6.5273833931	478.0	0.97673354	0.733342441126
10317.000003475	557.681818182	5.91583894945	444.0	0.94444122	0.672681283141
10317.000017269	625.716666667	5.6696743502	419.0	0.93739244	0.650878238812
10317.000014801	587.319148936	5.65722566823	359.0	0.9549443	0.666509458907
10317.000009716	665.917647059	6.60159211603	520.0	0.97692492	0.731691752413
10317.000013155	650.04	5.80431179598	463.0	0.94587574	0.655493853184
10317.000015604	674.12244898	5.70848439453	398.0	0.95429774	0.660962429808
10317.000009236	501.666666667	5.63332358416	364.0	0.93667362	0.662136760746
10317.000041289	608.47761194	5.57363273752	421.0	0.93827936	0.639348430365
10317.000030735	677.630769231	6.23806396504	477.0	0.96342924	0.701075782433
10317.000022541	656.52173913	5.1704389084	380.0	0.9039979	0.603328590901
10317.000034132	376.0	3.42236385741	229.0	0.7677827	0.436570339274
10317.000026633	630.04	5.83225516309	443.0	0.9520235	0.663422488814
10317.000028715	393.615384615	4.78020520043	243.0	0.90781844	0.603194737826
10317.000026126	502.033333333	4.44226203559	268.0	0.894218	0.550733066632
10317.000033665	713.23255814	4.80645924533	351.0	0.89145608	0.568453369113
10317.000028755	763.153846154	6.14433957343	484.0	0.96100806	0.688915101618
10317.000016485	425.181818182	4.44712703539	306.0	0.85060398	0.538563419826
10317.000001001	450.222222222	4.56261312663	302.0	0.86982958	0.553822405065
10317.000002334	609.263157895	5.86704820109	421.0	0.95557972	0.673005961264
10317.000006797	360.346938776	4.72000219525	284.0	0.89375044	0.579159343969
10317.000013156	665.04	6.58490457402	478.0	0.9767804	0.739804865759
10317.000001529	592.670731707	6.16515385575	449.0	0.9686941	0.699745046217
10317.000002418b	793.928571429	6.45189098587	545.0	0.9715544	0.709770208333
10317.000005849	488.5	4.25780753738	282.0	0.8323662	0.523101010491
10317.000011341	543.887096774	5.75786456511	398.0	0.95805196	0.66667996099
10317.000013355	746.154639175	6.33356846773	541.0	0.9654907	0.697569148308
10317.000006794	607.678571429	5.36925056188	389.0	0.92577976	0.624068311033
10317.000028723	718.333333333	5.55047188304	414.0	0.94083572	0.638463243826
10317.000002774	462.018518519	4.59023699681	332.0	0.85047978	0.548085419112
10317.000001531	510.513888889	6.24306209953	408.0	0.96800934	0.719874989216
10317.000018027	694.328947368	6.48086399747	494.0	0.97560198	0.724251009123
10317.000001948	400.275	5.02878922683	279.0	0.9283336	0.618994846803
10317.000001032	415.157894737	5.54041412783	323.0	0.95445808	0.664685622636
10317.000016697	930.1875	7.07357587649	601.0	0.98507198	0.766266535924
10317.000011162	589.892307692	4.17321128667	411.0	0.7491184	0.48061889783
10317.000005999	438.545454545	4.95092511905	351.0	0.91130442	0.585539150651
10317.000001362	648.373333333	6.60146139007	483.0	0.97722596	0.74041618438
10317.000010947	460.609756098	5.73304238004	309.0	0.96282168	0.693111044648
10317.000002851	441.181818182	5.40416969281	340.0	0.93541046	0.642635089015
10317.000035452	675.567567568	6.5194567846	405.0	0.97536676	0.752669568651
10317.000005928	690.247058824	6.1685638305	507.0	0.95037292	0.686475888819
10317.000027807	825.043478261	6.34624026404	507.0	0.97063712	0.706248819925
10317.000031313	930.5125	6.45620389717	566.0	0.96897728	0.706008220945
10317.000014458	628.027027027	5.46773991765	338.0	0.94576368	0.650853277817
10317.000016759	619.774647887	6.1069391932	456.0	0.9599882	0.691386305434
10317.000014308	630.672413793	6.07669438579	438.0	0.95645554	0.69251758983
10317.000010546	418.56	4.59662902708	303.0	0.88683076	0.557628534384
10317.000015305	790.333333333	6.71932168659	526.0	0.97567668	0.743376690791
10317.000014295	516.765957447	5.02597325019	330.0	0.91397088	0.600738666463
10317.000011055	696.220779221	6.19006833443	503.0	0.95273002	0.68974619709
10317.000002818	427.086956522	3.75981009562	337.0	0.68832714	0.44777742833
10317.000009667	575.113207547	4.77875689456	347.0	0.9073115	0.566284484562
10317.000012254	541.820895522	5.27813629768	386.0	0.92028356	0.61427555294
10317.000026037	632.128205128	6.29055086111	485.0	0.96512962	0.705073191225
10317.000007037	427.4	5.72012668714	356.0	0.92588132	0.67488279731
10317.000015594	756.232876712	6.64384157382	518.0	0.97886676	0.73682852755
10317.000004286	573.508474576	5.51760344036	399.0	0.94169466	0.638593405752
10317.000001351	476.263888889	5.08532287547	358.0	0.909494	0.599414580536
10317.000010115	489.654545455	5.51974361225	362.0	0.93476752	0.649393375548
10317.000010981	523.307692308	6.03263345265	386.0	0.9633639	0.702084796756
10317.000013028	425.453125	5.96986515213	367.0	0.95904024	0.700718314135
10317.000017095	629.134328358	6.44191472003	451.0	0.9760696	0.730625687343
10317.000011048	708.232876712	6.35941615519	490.0	0.9697543	0.711611704378
10317.000002079	424.49122807	5.22338880135	325.0	0.94369442	0.6259831697
10317.000014937	542.430769231	6.29557292786	427.0	0.96900018	0.720474531604
10317.000013653	441.772727273	5.00829441949	308.0	0.91194044	0.605833281751
10317.000021178	599.246153846	5.79475210137	418.0	0.9487189	0.665500528171
10317.000006741	523.164383562	5.83757898865	417.0	0.9531591	0.670685163202
10317.000014548	677.75862069	6.01332865309	433.0	0.9621401	0.686592303674
10317.000013215	663.402985075	6.14822117701	449.0	0.96298768	0.697823186951
10317.000010867	653.078431373	5.75463089023	391.0	0.9609128	0.668286414879
10317.000026613	625.518518519	5.87260337014	413.0	0.95880284	0.675788807944
10317.000006909	547.342465753	6.17576066797	436.0	0.96570058	0.70433745907
10317.000011163	464.272727273	5.22252574719	323.0	0.91344646	0.626548430843
10317.000012276	582.976470588	6.02888709789	455.0	0.95333984	0.682794610746
10317.000015003	556.172413793	5.4926954826	386.0	0.91843704	0.639246196841
10317.000001613	532.067567568	5.89698803151	417.0	0.95456066	0.677510726279
10317.000006029	550.044117647	5.84477444495	409.0	0.95727558	0.673674895203
10317.000005024	578.916666667	6.17933584271	457.0	0.9563205	0.699332348098
10317.000026632	721.468085106	6.21341101529	423.0	0.97103804	0.712178480073
10317.000033799	464.775510204	5.16353534475	291.0	0.95222084	0.630863040477
10317.000029152	625.318181818	4.24760446129	347.0	0.7756279	0.503342721979
10317.000022999	687.5	5.43091148735	380.0	0.93633898	0.633722636128
10317.000037575	670.845360825	6.81281808105	521.0	0.9791868	0.754871216566
10317.000027681	691.25	6.42098430872	449.0	0.97168836	0.728781806097
10317.000021296	962.577464789	6.42342687078	562.0	0.97126414	0.703210759559
10317.000028712	645.272727273	5.6039118032	414.0	0.94497152	0.644610365276
10317.000027363	745.245901639	5.87114383479	454.0	0.9556834	0.665168705893
10317.000033801	644.901408451	5.612810938	418.0	0.9402056	0.644605425464
10317.000011225	645.630769231	5.97219429235	440.0	0.95936494	0.680099037869
10317.000011409	493.166666667	5.27763484153	345.0	0.93459714	0.626020348158
10317.000009475	405.283018868	4.94152881756	310.0	0.90681926	0.597082471889
10317.000012928	621.4	5.67446622382	364.0	0.95169246	0.666972636717
10317.000028841	817.517857143	6.01340870799	455.0	0.96614754	0.681041623662
10317.000014534	553.125	5.60383304551	373.0	0.95017224	0.655953666498
10317.000016715	665.341463415	6.56129764329	486.0	0.97787898	0.735174844361
10317.000008954A	516.015625	5.75482142844	391.0	0.94387988	0.66830854212
10317.000015912	522.857142857	5.22402910878	341.0	0.9296339	0.620900894697
10317.000016725	682.225806452	6.38022567982	431.0	0.97806562	0.729039999884
10317.000018358	515.157894737	4.77824071726	342.0	0.87643178	0.567631793122
10317.000010102	568.708333333	5.55929542626	366.0	0.9531444	0.652828954969
10317.000008949B	490.615384615	5.94081007282	388.0	0.95801538	0.690798869924
10317.000010869	653.739130435	6.14863260443	448.0	0.95850244	0.69812476718
10317.000014571	732.016949153	6.42697479812	471.0	0.97385924	0.723792391766
10317.000010827	579.886792453	5.91887053364	391.0	0.96278958	0.687359596908
10317.000014162	635.444444444	5.89988818699	431.0	0.9584764	0.67415397182
10317.000016736	633.037037037	5.75171389558	466.0	0.9527774	0.648871064046
10317.000001929	529.044776119	5.76498773629	400.0	0.95394238	0.666946280656
10317.000003196	587.228915663	6.15643570819	470.0	0.9609384	0.693564350212
10317.000028833	263.0	4.09824001084	194.0	0.89011482	0.53924829086
10317.000004291	1085.83783784	6.34441293376	573.0	0.97155584	0.692440729294
10317.000035347	1082.08955224	6.3566155645	560.0	0.97221988	0.696288586157
10317.000031035	631.166666667	4.94153288432	362.0	0.88650276	0.581367350651
10317.000016765	667.25	6.15912929042	463.0	0.96410564	0.695564182757
10317.000004918	611.2625	6.26651496085	464.0	0.9708929	0.707442809405
10317.000001347	665.887096774	5.8772309428	445.0	0.95001102	0.668044675909
10317.000005938	478.5	5.68109763718	405.0	0.94069854	0.655881225893
10317.000003982	491.098360656	5.1132402485	376.0	0.88652226	0.5977189947
10317.000001934	496.571428571	5.4417463929	387.0	0.91699012	0.633041678612
10317.000015355	632.75	5.97221274052	434.0	0.95431504	0.681638739771
10317.000002418a	827.808823529	6.38759483794	502.0	0.97668054	0.711983930026
10317.000026083	687.739130435	5.7032026363	462.0	0.93329782	0.644302341788
10317.000009476	371.982758621	4.68778044909	295.0	0.88650612	0.571362033027
10317.000003729	537.365591398	5.7278039002	458.0	0.94111392	0.647999982522
10317.000017219	737.615384615	6.43182096864	487.0	0.97368514	0.720427971658
10317.000004283	201.4	3.12650128431	145.0	0.7471625	0.435451374818
10317.000003473	603.43902439	6.54769485802	498.0	0.96823728	0.730769357826
10317.000007068	328.456521739	4.93990048049	249.0	0.93224212	0.620590361994
10317.000011342	572.6	6.03058918712	441.0	0.95057574	0.68649287001
10317.000026056	498.12244898	4.73411035739	327.0	0.90666156	0.566745737419
10317.000012209	597.25	5.74305463379	402.0	0.94603762	0.663856238386
10317.000016355	750.253521127	6.47179377437	492.0	0.97599296	0.723710738239
10317.000015185	548.06	5.17000597174	359.0	0.90838874	0.609107376098
10317.000003028	483.0	5.28357485865	364.0	0.91472852	0.621027549688
10317.000012985	805.307692308	6.15946580768	478.0	0.95905	0.692007412375
10317.000016755	700.2	6.06769127237	483.0	0.94249728	0.680548829179
10317.000014327	481.158730159	5.5947145296	364.0	0.95593556	0.657598680528
10317.000013249	461.270833333	5.28787004052	315.0	0.9452392	0.637153572824
10317.000008950A	374.813953488	3.80560540209	262.0	0.79053614	0.47372152585
10317.000016716	617.928571429	6.14807013192	413.0	0.9690289	0.707488097482
10317.000022662	631.596491228	5.89641612921	414.0	0.95815528	0.678256740712
10317.000022443	581.458333333	5.21743826697	407.0	0.93166866	0.601858056305
10317.000017074	470.865384615	5.42280081603	347.0	0.94323452	0.642603930842
10317.000002511	547.352941176	4.94107776318	370.0	0.88720026	0.579165025741
10317.000013821	422.97826087	5.03750173682	302.0	0.92888798	0.611465677666
10317.000004819	415.775	4.964950109	274.0	0.92080722	0.613105759292
10317.000017075	537.701754386	4.96911914125	367.0	0.89729144	0.583254847247
10317.000010834	496.101694915	5.59722967038	371.0	0.9376879	0.655776108374
10317.000014303	514.775862069	6.05826276696	379.0	0.96798528	0.707240783208
10317.000015265	672.163265306	5.61623849763	379.0	0.9563099	0.655638929267
10317.000003193	414.294117647	4.84691732288	288.0	0.9181316	0.593263380267
10317.000013619	723.283783784	6.69122820714	508.0	0.97820912	0.744405710102
10317.000005015	535.14084507	5.91624327203	402.0	0.96589412	0.683875612263
10317.000022925	406.871794872	5.29683743834	285.0	0.9468749	0.649534712793
10317.000003439	566.3	5.34708145329	398.0	0.94125326	0.619117037988
10317.000016735	625.850746269	6.06673060982	436.0	0.96504	0.691902722971
10317.000011168	536.108695652	5.94024120324	373.0	0.96172918	0.695331742667
10317.000004972	535.018518519	6.33686461549	405.0	0.97255012	0.731589350819
10317.000009382	519.904109589	5.94486842702	396.0	0.96681996	0.688912127376
10317.000027308	527.108695652	5.50329267766	364.0	0.91759706	0.646853022481
10317.000003895	565.125	5.97235313133	402.0	0.96420546	0.690361512626
10317.000001322	425.115384615	5.05354839833	314.0	0.9349347	0.609256113247
10317.000026106	581.529411765	5.59544451158	388.0	0.9340729	0.650639676734
10317.000008957B	622.109090909	6.35240140467	427.0	0.97078072	0.726978065227
10317.000001047	409.25	4.8750911605	283.0	0.90918712	0.59856301089
10317.000017071	431.326086957	4.60040221177	301.0	0.85187704	0.558733873117
10317.000015262	583.796875	5.50916182006	390.0	0.95043888	0.640054653329
10317.000003981	465.125	5.42643210532	368.0	0.94582038	0.636639017033
10317.000014334	708.010869565	6.42644992478	521.0	0.9708884	0.71206100254
10317.000011378	674.967213115	5.75920316921	445.0	0.95576746	0.65462886385
10317.000016718	638.395833333	5.92829793191	380.0	0.96686074	0.691761705548
10317.000016714	612.774647887	6.56470220828	449.0	0.97832664	0.745093789646
10317.000007748	493.386363636	5.34154456688	347.0	0.92730028	0.632975034838
10317.000007073	642.766233766	5.76854102971	454.0	0.9550659	0.65354436539
10317.000001247	712.906976744	6.70774951631	515.0	0.9799332	0.744608166165
10317.000002036	369.212765957	5.01380953156	284.0	0.92949624	0.615210442488
10317.000012112	532.898305085	5.77534935542	375.0	0.9599054	0.675420463308
10317.000002437	424.0	4.90744121053	304.0	0.91836854	0.594990826791
10317.000003731	552.217391304	5.5023433383	403.0	0.9459727	0.635768311939
10317.000013171	587.288135593	5.50444517615	385.0	0.93879264	0.640892777291
10317.000001487	470.01754386	5.78237885671	359.0	0.96065682	0.681254457397
10317.000014306	524.0	5.31552542452	349.0	0.93397016	0.629273476083
10317.000002064	638.904761905	6.20950557425	447.0	0.96716392	0.70529454404
10317.000002336	521.125	5.32267598209	362.0	0.9050538	0.626208528107
10317.000006074	458.01754386	5.69641155046	347.0	0.96256482	0.675026905506
10317.000012061	523.139534884	4.63994518946	319.0	0.89405688	0.557859205131
10317.000016756	623.482758621	6.03633862441	423.0	0.9630002	0.691882519306
10317.000011018	670.494505495	6.22775493798	507.0	0.9602583	0.693063040908
10317.000015261	654.940298507	5.85883629045	438.0	0.95968026	0.66768985397
10317.000013458	614.157894737	6.34017742608	431.0	0.97000456	0.724463864122
10317.000041935	446.037735849	4.2730522988	318.0	0.81379646	0.514027723209
10317.000033721	621.584415584	6.21640831809	448.0	0.97051524	0.705820121149
10317.000031491	531.981132075	6.4026045904	395.0	0.9774709	0.742269963766
10317.000017671	437.558139535	5.20687678629	293.0	0.9404914	0.635391248183
10317.000036943	514.764705882	5.96710589402	408.0	0.96072652	0.68805503175
10317.000036102	625.684210526	6.26317141299	427.0	0.96953086	0.716766455069
10317.000028894	625.678571429	5.28710997232	387.0	0.93818168	0.615052729442
10317.000040358	513.333333333	5.62602639436	344.0	0.9505778	0.667677382345
10317.000031506	657.161764706	6.13037276524	463.0	0.95795966	0.692316644347
10317.000016446	674.7	5.90929490695	480.0	0.94534794	0.663452059226
10317.000028793	534.701754386	5.41804073576	349.0	0.95011842	0.64140965475
10317.000042026	787.092307692	6.47851550893	505.0	0.97197666	0.721427039404
10317.000037582	500.046875	5.76228427554	367.0	0.95642798	0.67635332126
10317.000029202	495.657894737	4.63454962012	314.0	0.8670828	0.558741594151
10317.000022618	766.678571429	6.36194711513	525.0	0.96698646	0.704053218532
10317.000021229	454.75	3.26941412068	261.0	0.6877879	0.40725615398
10317.000034121	373.096774194	4.50627782961	226.0	0.9122356	0.576237174528
10317.000036071	414.193548387	4.95241820226	321.0	0.91232008	0.594782939064
10317.000036166	592.1	5.78096493159	388.0	0.96095188	0.672212037224
10317.000031593	584.825	4.86012079477	331.0	0.88332906	0.580611908983
10317.000034194	861.5	5.99563573288	530.0	0.94574784	0.662512273009
10317.000036131	789.358490566	5.95533305712	447.0	0.95940394	0.676424855876
10317.000002347	451.142857143	5.01428096259	322.0	0.92461906	0.601888247831
10317.000016767	649.448275862	6.21603093748	441.0	0.96623896	0.707602654722
10317.000036109	388.083333333	4.06484953671	245.0	0.80855976	0.512162652241
10317.000004973	598.962264151	6.31075437347	418.0	0.96789544	0.724761007068
10317.000031379	706.53164557	5.96039194643	472.0	0.95263944	0.671015587738
10317.000004737	633.117647059	5.70891460326	414.0	0.92978136	0.656688694786
10317.000006666	522.58490566	4.83546355029	339.0	0.9102246	0.575298294681
10317.000003969	329.022727273	5.02055763905	259.0	0.9343188	0.626253922869
10317.000001749	583.6	6.28937917977	474.0	0.96499302	0.707566750851
10317.000009507	554.538461538	6.3568587185	442.0	0.97468358	0.723364725035
10317.000040348	704.342105263	6.03833653775	490.0	0.95822754	0.675683246761
10317.000026595	644.275862069	6.09444454136	411.0	0.9630352	0.701882798915
10317.000012335	612.518518519	5.51333297027	400.0	0.93624796	0.637832565608
10317.000022554	697.553571429	6.31542115958	453.0	0.97281476	0.715760886718
10317.000003718	662.126582278	6.42849484676	495.0	0.96897952	0.718164492747
10317.000006113	549.147540984	5.162419678	378.0	0.91101464	0.602928464556
10317.000006662	676.92	6.25519593443	432.0	0.97020254	0.714480446823
10317.000013756	797.59375	6.67448677258	520.0	0.97370466	0.739771079044
10317.000001216	560.5	6.25141126795	456.0	0.96958904	0.707742455519
10317.000016722	524.304347826	6.16127336872	399.0	0.97216088	0.713090128138
10317.000016358	385.886792453	4.93639954145	312.0	0.91868346	0.595794798014
10317.000035392	941.981132075	5.9645975108	458.0	0.965238	0.674789002923
10317.000043118	748.178571429	6.52200280857	523.0	0.97216302	0.722206090666
10317.000006685	516.6	4.93016422389	288.0	0.92498298	0.603452812973
10317.000005992	405.12	4.34279219347	312.0	0.82673458	0.524149833497
10317.000012947	546.988636364	5.98994034807	438.0	0.96175928	0.682630849886
10317.000012122	648.056603774	5.64623165845	402.0	0.94769126	0.652664191593
10317.000004758	550.144927536	5.70897760399	403.0	0.95179522	0.659643870079
10317.000042014	756.8	6.67731055179	550.0	0.9769674	0.733505376554
10317.000027267	808.515151515	6.34351011422	507.0	0.96808636	0.705944991988
10317.000006625	382.428571429	4.91370861641	297.0	0.91210318	0.598188181412
10317.000008951B	311.666666667	4.16581684123	223.0	0.87329516	0.53401747166
10317.000006778	693.732673267	6.56939939536	536.0	0.97656482	0.724612261952
10317.000012971	831.25	6.40719863237	555.0	0.96967104	0.702825459374
10317.000017652	807.974683544	6.92708736497	571.0	0.97991108	0.756451340532
10317.000015254	689.68	6.26202605106	489.0	0.96504114	0.700945028536
10317.000001438	566.677966102	5.90141903466	397.0	0.9649411	0.683588824028
10317.000006803	463.545454545	5.75392663048	376.0	0.9550619	0.672612878333
10317.000013299	590.082191781	5.83721920852	451.0	0.95332922	0.662042650632
10317.000036039	453.042553191	5.28503715568	316.0	0.93363152	0.636461548776
10317.000011026	719.444444444	5.82383906626	431.0	0.94659112	0.665464177171
10317.000012993	662.84375	5.957570788	454.0	0.96172422	0.674960410242
10317.000009419	604.544117647	6.11826911107	438.0	0.96071012	0.697255565236
10317.000010693	724.070588235	6.31823881378	526.0	0.96889446	0.69900381022
10317.000008951A	301.0	3.98636484498	220.0	0.86101856	0.512296692576
10317.000001669	424.924242424	5.12814983065	339.0	0.92576836	0.610120585494
10317.000036068	577.381818182	5.76569631731	408.0	0.9496744	0.664830896775
10317.000042981	619.458333333	6.14701215106	445.0	0.96508318	0.698709780206
10317.000028776	859.777777778	6.77661270665	594.0	0.97422304	0.735443673895
10317.000004011	319.872340426	4.77992210665	267.0	0.91616206	0.592991243828
10317.000004285	623.379310345	6.19198745134	479.0	0.96440406	0.695425608585
10317.000026116	550.372881356	5.03426788897	366.0	0.90143552	0.591174886923
10317.000022498	608.808823529	6.38439051362	451.0	0.97042572	0.724101437228
10317.000023929	628.128205128	5.29492970247	463.0	0.86512302	0.597968199333
10317.000009558	498.714285714	5.49631030916	388.0	0.9386897	0.639112327069
10317.000002051	622.25862069	5.81742025896	427.0	0.93248398	0.665754044031
10317.000016726	702.465753425	6.80487394009	508.0	0.98055002	0.757048909515
10317.000005927	655.0	5.83798100445	496.0	0.93231884	0.651982690806
10317.000013539	697.887096774	6.20217589281	477.0	0.96351958	0.697042438361
10317.000004289	618.794117647	6.07673147133	441.0	0.9554915	0.691745482671
10317.000011073	549.220588235	5.49326367802	402.0	0.9447392	0.634982181834
10317.000001111	468.72	4.93761688088	333.0	0.89019216	0.589258136413
10317.000013053	395.75	4.22717146097	294.0	0.8585526	0.515529314246
10317.000010225	700.630769231	6.8469284059	500.0	0.98242054	0.763673114198
10317.000003226	624.865853659	6.42821885911	494.0	0.97011782	0.71836779747
10317.000013167	535.012345679	6.01206023151	425.0	0.96217658	0.688562657045
10317.000010879	497.163934426	5.08353790741	366.0	0.91518984	0.596960673103
10317.000013055	720.075	5.38127904643	410.0	0.92422964	0.620000159542
10317.000006665	570.168674699	6.94318519785	487.0	0.98472348	0.777705855515
10317.000002638	449.4	5.68901067982	368.0	0.9552154	0.667445219399
10317.000002443	654.151898734	6.7177234614	522.0	0.97754052	0.74410649202
10317.000017349	838.720588235	7.02154174881	549.0	0.98235066	0.771541838083
10317.000005814	501.135135135	6.20101605404	411.0	0.97025232	0.714156388592
10317.000020071	628.448275862	5.81057001619	398.0	0.96170186	0.672782513016
10317.000004026	539.373333333	6.05217947831	431.0	0.95366282	0.691555620065
10317.000013134	582.084745763	6.25700009654	410.0	0.97514576	0.720895724722
10317.000004822	473.892307692	6.13975523271	385.0	0.96659826	0.71486310737
10317.000009101	559.0	6.63575263371	438.0	0.97972884	0.756229477551
10317.000013159	585.898876404	6.29659476415	475.0	0.96707658	0.708136294619
10317.000016772	569.743243243	6.27647071517	442.0	0.97071682	0.7142171494
10317.000006635	515.875	5.37898688876	420.0	0.9131279	0.617263637782
10317.000001734	598.508474576	6.24154773651	424.0	0.96782448	0.715124269178
10317.000001286	521.0	5.68193550244	398.0	0.93779288	0.657888440459
10317.000014397	715.554216867	6.37136909644	490.0	0.9738696	0.712949225417
10317.000016731	643.012048193	6.30311414682	480.0	0.96156572	0.707667179602
10317.000016458	857.851851852	6.62834043508	555.0	0.97169866	0.727083188531
10317.000009174	497.540540541	6.25911878911	418.0	0.96677244	0.718830898573
10317.000013222	582.017241379	5.37988696507	397.0	0.92557248	0.623177337901
10317.000004847	435.4375	5.49122447198	326.0	0.93846382	0.657731856941
10317.000002261	601.042253521	6.14474190989	454.0	0.9593107	0.696165881685
10317.000016729	749.092307692	6.59762549138	504.0	0.97644116	0.734924782072
10317.000001652	513.4	6.26789508736	380.0	0.97354382	0.731388645717
10317.000017083	602.120689655	5.71907203228	399.0	0.95752982	0.661910868789
10317.000002606	446.876712329	5.64320435562	387.0	0.93174886	0.656477406352
10317.000011357	590.753424658	6.17399880598	465.0	0.96523726	0.696754119611
10317.000004813	628.017241379	6.2700890324	443.0	0.96528164	0.713226351495
10317.000013453	515.442307692	5.43790051066	364.0	0.92994678	0.639166874687
10317.000016768	756.0625	6.45346868108	493.0	0.97206068	0.721425208086
10317.000013174	403.731707317	4.00682512079	268.0	0.8101671	0.496749419226
10317.000016166	589.692307692	5.43039071943	369.0	0.93037892	0.63681094837
10317.000011358	681.75	6.9178439936	528.0	0.98241178	0.764876441949
10317.000001436	632.077922078	6.11862276956	471.0	0.96142808	0.68906643449
10317.000009385	712.702702703	6.50220856666	495.0	0.97439966	0.726399480489
10317.000006053	559.935483871	5.48722115695	403.0	0.9295022	0.634021019355
10317.000002185	440.384615385	5.34084605925	321.0	0.93210194	0.641432929626
10317.000016488	443.551724138	4.17228302192	248.0	0.83643018	0.524538603162
10317.000001516	406.948275862	5.01211303849	325.0	0.8881373	0.600663386558
10317.000011352	657.734042553	6.46691069166	519.0	0.96729898	0.716984937168
10317.000004009	525.12	5.56647843218	360.0	0.9480526	0.65550809335
10317.000013801	529.142857143	5.73207606628	384.0	0.95268974	0.667687956214
10317.000003996	818.563380282	6.59600416847	563.0	0.9623284	0.721901125607
10317.000017339	589.754098361	5.93427359584	409.0	0.94960064	0.683990662161
10317.000010183	809.518518519	6.88499987394	576.0	0.97876024	0.750824011413
10317.000012318	459.390625	5.13593360526	364.0	0.88719586	0.603673904045
10317.000007666	606.216666667	6.28807077166	437.0	0.96766898	0.71687605549
10317.000002349	471.875	5.68073736756	376.0	0.95054688	0.664057322456
10317.000015908	438.326086957	5.498261938	308.0	0.94969852	0.665102686628
10317.000001423	435.42	4.84344330382	322.0	0.89701738	0.581381782423
10317.000005845	526.631578947	6.09757955768	395.0	0.96487662	0.706907648822
10317.000009118	591.47826087	5.78678201848	414.0	0.95862812	0.665645677824
10317.000005576	553.733333333	6.08308828306	424.0	0.96703554	0.696968804279
10317.000002801	634.616438356	6.57378555279	469.0	0.97269426	0.740838108567
10317.000013265	785.038461538	6.31400198165	535.0	0.96336854	0.696648653736
10317.000010833	484.166666667	4.89663968018	317.0	0.90984154	0.589364452079
10317.000013238	432.578947368	4.93114752845	269.0	0.94168954	0.610936074152
10317.000012983	647.25	5.8103596085	446.0	0.92372558	0.660200624319
10317.000004915	527.388888889	6.04792497452	398.0	0.96596596	0.700264888222
10317.000001099	806.227272727	7.29152335822	643.0	0.98611832	0.781624766113
10317.000015856	793.421052632	6.42515223828	549.0	0.97037434	0.706009298987
10317.000003061	548.891891892	5.96004280903	423.0	0.95484598	0.683137525984
10317.000028859	602.511111111	6.34333531277	480.0	0.97088554	0.712182915539
10317.000012903	704.214285714	6.52145596643	499.0	0.97481464	0.72760589463
10317.000004736	673.147540984	5.68807364058	462.0	0.90749394	0.642593188529
10317.000010962	569.936708861	6.15185083508	445.0	0.96330406	0.699259776818
10317.000002348	637.878787879	5.76698643049	464.0	0.93062606	0.651049763334
10317.000002444	495.692307692	5.72397573051	374.0	0.95078516	0.669714099943
10317.000015584	615.753424658	5.61965303894	448.0	0.93431422	0.638063651195
10317.000023375	710.958333333	4.99042012809	472.0	0.85499048	0.561817029049
10317.000015624	825.5	6.07959298671	521.0	0.95659824	0.673628695131
10317.000006671	674.45	6.56832004989	497.0	0.97528492	0.733308610241
10317.000009102	580.818181818	5.38952946271	391.0	0.92394372	0.625887114434
10317.000015214	686.936708861	6.33320414482	492.0	0.9716062	0.708212901532
10317.000002172	623.727272727	5.78589189757	431.0	0.94298528	0.661128123049
10317.000001189	453.258064516	5.66537256907	353.0	0.94881546	0.669386926676
10317.000007678	320.52	3.04257285732	262.0	0.70149824	0.378739281715
10317.000003358	543.948275862	5.79698550654	388.0	0.95418796	0.674074913655
10317.000009231	519.154929577	5.11562041318	410.0	0.9013336	0.589392492929
10317.000018318	526.225352113	6.2849413469	429.0	0.96711572	0.718703346877
10317.000013859	678.085714286	6.10400394854	468.0	0.95491932	0.688134495198
10317.000013757	544.776470588	6.52529653103	469.0	0.9693746	0.735373598829
10317.000012298	713.232876712	5.81911338721	475.0	0.9404001	0.654437127738
10317.000017171	749.076923077	6.2191841911	514.0	0.96473838	0.690588882218
10317.000014587	525.428571429	5.23765303439	318.0	0.93606554	0.630064571168
10317.000016764	652.0	6.1766219289	440.0	0.96800046	0.703378762561
10317.000016727	648.631578947	5.98038431865	417.0	0.96395194	0.687092207328
10317.000002013	545.285714286	5.82702932982	451.0	0.93823756	0.660886940342
10317.000013454	556.472727273	6.33732156377	411.0	0.97503012	0.729854372555
10317.000016766	667.322033898	6.06633020021	438.0	0.96242148	0.691336457398
10317.000001234	548.3	4.6471459042	367.0	0.84981306	0.545462947746
10317.000026623	892.965517241	6.57008540999	611.0	0.96421948	0.709893584922
10317.000006761	592.764044944	6.87206692395	500.0	0.9813615	0.766476942314
10317.000009532	556.098591549	6.61791305427	438.0	0.979646	0.75419642771
10317.000005846	497.234042553	6.23785420313	372.0	0.97271984	0.730499846778
10317.000004821	896.470588235	6.77925915306	600.0	0.9725664	0.734574963536
10317.000002712	623.25	5.64781100398	437.0	0.93603114	0.643882777676
10317.000013734	827.0	6.71308998211	536.0	0.97903672	0.740461497905
10317.000009659	521.049180328	5.85021228733	394.0	0.95522308	0.678517412077
10317.000017292	711.838235294	6.86364346089	508.0	0.9810189	0.763587076426
10317.000015862	594.181818182	5.95527682741	411.0	0.96404844	0.685855181644
10317.000002446	497.214285714	4.40984790691	368.0	0.83805026	0.517371485026
10317.000006678	484.111111111	5.78561852923	383.0	0.95159154	0.674220171641
10317.000014224	722.888888889	6.64673027791	460.0	0.9816377	0.751425894962
10317.000017218	665.513888889	6.51820239338	466.0	0.97751392	0.735341325984
10317.000009661	610.378787879	6.20668623992	450.0	0.96597612	0.704202442205
10317.000006729	487.418918919	5.80541566969	381.0	0.96274004	0.677123229208
10317.000013686	435.018518519	5.53702472228	324.0	0.95365262	0.66392377805
10317.000010845	722.090909091	6.51323814353	478.0	0.9767659	0.73175324202
10317.000017205	772.828125	6.36569365135	504.0	0.96226346	0.70908935731
10317.000014551	547.518518519	5.82940001232	375.0	0.96403856	0.681741625455
10317.000005238	553.929577465	5.70392226948	434.0	0.93706468	0.651017396138
10317.000022448	720.560606061	5.88259642784	471.0	0.9521803	0.662485644031
10317.000001004	330.882352941	5.26642835657	275.0	0.94468958	0.649912539341
10317.000014122	587.012987013	5.79244497043	436.0	0.95500562	0.660620803107
10317.000016728	874.363636364	6.77641748603	570.0	0.97623746	0.740202307169
10317.000010773	542.166666667	4.48637611486	380.0	0.85135098	0.523506616669
10317.000005553	494.125	6.34463416198	397.0	0.97121288	0.734928494351
10317.000014054	599.568181818	6.37727375111	489.0	0.97208726	0.713845374485
10317.000026081	664.857142857	5.37401928379	377.0	0.9412195	0.627921840236
10317.000016769	595.781818182	5.69204960136	398.0	0.94968796	0.659059511261
10317.000004738	649.02247191	6.3877299707	497.0	0.96986732	0.71314694653
10317.000036427	737.718309859	6.38944593719	498.0	0.97110916	0.713107651721
10317.000043092	572.14084507	6.31661261298	439.0	0.96451862	0.719589554725
10317.000036069	355.023809524	5.15825343707	268.0	0.94002808	0.639498685828
10317.000028711	532.568965517	5.72901509571	388.0	0.9519958	0.666171297412
10317.000027901	834.936170213	6.89916101423	597.0	0.97783292	0.748153319326
10317.000031057	869.571428571	5.70551632104	433.0	0.94691784	0.651446781061
10317.000021275	757.285714286	5.44720950055	475.0	0.92325112	0.61261156168
10317.000031439	803.3	5.72750567042	425.0	0.9445373	0.65597255696
10317.000036437	698.727272727	6.19872577521	501.0	0.9641438	0.691153536879
10317.000043117	652.395604396	5.99624227922	487.0	0.95895394	0.671638822638
10317.000040144	412.886363636	4.52366711414	284.0	0.84769064	0.555068402468
10317.000039994	521.046875	5.68981708729	388.0	0.94154704	0.661613343263
10317.000036067	587.043478261	6.62574276487	444.0	0.97957942	0.753403394331
10317.000036877	789.925925926	6.54285607742	554.0	0.97075614	0.717911035688
10317.000038417	581.743243243	5.90157014563	454.0	0.94897242	0.668615841643
10317.000031891	515.4	6.16113015973	428.0	0.96297352	0.704816499258
10317.000028719	731.901639344	5.83691876951	425.0	0.9595886	0.668503664655
10317.000023341	772.35	5.38047711214	434.0	0.93580178	0.614100970182
10317.000035492	629.6	6.37068009797	491.0	0.9625556	0.712637580051
10317.000027775	712.3875	5.99929840141	495.0	0.95143554	0.670216465283
10317.000036094	418.076923077	4.18005303799	286.0	0.81910654	0.512269478949
10317.000039831	494.858974359	5.63354656923	418.0	0.93685746	0.646986816987
10317.000043164	615.372093023	5.33073965614	352.0	0.94191904	0.630153407044
10317.000036422	534.865979381	6.34819233819	443.0	0.9696568	0.722110648917
10317.000036939	566.652173913	5.56968619501	409.0	0.94717186	0.641967932052
10317.000036147	648.265822785	6.08004020269	477.0	0.94380928	0.683316004166
10317.000035412	658.058823529	6.09504099986	436.0	0.96266136	0.695131486075
10317.000031272	380.12	3.84245513115	209.0	0.82174912	0.498543673041
10317.000037565	545.625	5.70795327471	420.0	0.9365228	0.655014052925
10317.000014232	643.544117647	6.16056866504	477.0	0.96382456	0.692366336941
10317.000009677	697.442307692	5.43652683089	408.0	0.94463792	0.626875022443
10317.000036045	754.622222222	6.28936268077	424.0	0.97028468	0.720602658275
10317.000018424	634.375	4.77400501318	391.0	0.87555948	0.554406139287
10317.000014978	757.59375	6.31433766691	480.0	0.96988348	0.708927273679
10317.000017133	683.1	5.79564709825	438.0	0.95158334	0.660488631677
10317.000026136	629.924242424	6.00863530728	442.0	0.96287056	0.683739409566
10317.000013197	727.514285714	6.32867464143	487.0	0.97316212	0.708874556279
10317.000001936	586.555555556	4.83657582879	351.0	0.914364	0.572015216297
10317.000009495	390.217391304	4.79134648727	289.0	0.92147502	0.586102757793
10317.000033748	606.2	5.12927803387	392.0	0.8717048	0.595409262376
10317.000006717	482.026315789	6.02451029517	406.0	0.96018874	0.695242556404
10317.000022553	778.462365591	6.50980009142	558.0	0.97192044	0.713471453188
10317.000034127	524.625	5.52015305046	384.0	0.93979196	0.643002581548
10317.000005085	378.5	5.74254732376	331.0	0.96036894	0.686030554562
10317.000009648	641.838709677	6.06650902777	480.0	0.9562412	0.681102901473
10317.000013001	721.263157895	5.94641992438	480.0	0.95029136	0.667620182436
10317.000034147	821.541666667	5.62438975902	490.0	0.94360048	0.629363055481
10317.000028856	615.62	5.38250114787	380.0	0.93971172	0.628073726544
10317.000005163	452.875	4.44574719783	289.0	0.88203382	0.543827231035
10317.000009628	478.158536585	6.02957533582	409.0	0.96131762	0.694975241685
10317.000016762	579.029850746	5.77202258187	410.0	0.94583918	0.665019392371
10317.000014291	628.0	6.50076620062	483.0	0.9689446	0.729122268752
10317.000011191	529.047619048	6.01675917028	398.0	0.9670842	0.6966563252
10317.000013764	639.942857143	5.90640646836	449.0	0.95115464	0.670377214239
10317.000016333	760.651515152	6.12126232061	477.0	0.96673216	0.687948824339
10317.000034126	711.681818182	6.00386622695	451.0	0.95705958	0.680943334307
10317.000006036	523.023255814	6.46762606537	440.0	0.97390228	0.736517609615
10317.000013902	810.633802817	6.14406813203	519.0	0.95737484	0.681191455031
10317.000015295	578.357142857	4.7833949087	340.0	0.8863553	0.568815856586
10317.000006795	781.957746479	6.27454210178	521.0	0.9617677	0.695229371079
10317.000002141	539.139534884	5.05167708586	335.0	0.90901582	0.602249246039
10317.000006017	492.522727273	4.88562600478	322.0	0.88666592	0.586445174794
10317.000014451	478.615384615	5.33771112832	339.0	0.9348233	0.635053098361
10317.000013984	521.608108108	6.08224886854	392.0	0.9703621	0.706030612591
10317.000015587	463.2	4.89038351934	318.0	0.89399056	0.588289711962
10317.000003508	568.0	6.12680959961	437.0	0.95700218	0.698491358955
10317.000036114	413.020408163	5.18012889332	312.0	0.93247412	0.625211517375
10317.000010712	559.584415584	6.38017689929	449.0	0.97335436	0.724150164574
10317.000013986	540.444444444	5.93930922746	399.0	0.95899076	0.687400562287
10317.000014259	662.794520548	5.75434078708	447.0	0.94641006	0.653595542051
10317.000006899	745.710144928	6.54071269268	507.0	0.97667544	0.727890913121
10317.000003879	388.0	5.44882343681	319.0	0.94821902	0.655110391878
10317.000003287	585.891304348	6.81131223776	503.0	0.98040958	0.758970088756
10317.000013952	592.5625	5.98710650235	384.0	0.96379664	0.697394601531
10317.000010169	331.243902439	3.96375777923	240.0	0.84968438	0.501304239802
10317.000001805	513.971014493	6.20010828361	407.0	0.96867892	0.715214043659
10317.000005009	507.222222222	5.8545713611	375.0	0.95808112	0.684685385738
10317.000033803	639.630434783	5.58140738387	370.0	0.94590722	0.65422082106
10317.000014237	671.508196721	5.95877917926	447.0	0.9523349	0.676816276919
10317.000017185	740.379310345	6.41994362974	534.0	0.97155644	0.708548623433
10317.000035361	360.529411765	5.5072639759	297.0	0.95069098	0.670446800874
10317.000044399	509.108695652	5.46037230028	346.0	0.92920892	0.647375575178
10317.000005987	544.014705882	6.17570690809	411.0	0.97142038	0.711241593965
10317.000003922	669.884057971	6.12792146976	469.0	0.96826076	0.690591093161
10317.000015542	454.162790698	4.92630417859	307.0	0.9157101	0.596253646416
10317.000017114	352.7	5.02416187995	228.0	0.94614114	0.641418668061
10317.000014222	487.571428571	5.39891704464	297.0	0.95005534	0.65725679332
10317.000001882	638.640625	6.39725870499	480.0	0.9629837	0.718237036406
10317.000012004	731.558441558	6.43859097381	520.0	0.96489282	0.713625414884
10317.000001732	553.408450704	6.33509710254	446.0	0.96617668	0.719823787861
10317.000001151	576.833333333	6.05559959256	423.0	0.96781356	0.694090203134
10317.000002262	532.4	6.37753407549	450.0	0.96625544	0.723586612503
10317.000027295	637.117647059	6.03677312851	476.0	0.96173192	0.678684295637
10317.000029188	764.652173913	5.81541115103	482.0	0.94780278	0.652472047127
10317.000014392	590.549019608	5.49463317473	383.0	0.94762572	0.640310539565
10317.000002512	490.254237288	5.32842672392	361.0	0.93090838	0.627179572516
10317.000012242	604.390625	6.10889997611	439.0	0.96351562	0.695926896741
10317.000031519	640.22	5.71034250949	389.0	0.95335482	0.66371344832
10317.000015329	613.28358209	6.30352622687	442.0	0.97007368	0.717295871713
10317.000014318	607.881355932	6.29486204931	426.0	0.97409742	0.720672160038
10317.000013609	585.52	4.6758446764	356.0	0.88490788	0.551674343523
10317.000014317	611.212765957	5.4960662166	386.0	0.92946034	0.639638486729
10317.000029154	466.428571429	5.7846297729	373.0	0.94799146	0.677116730291
10317.000009529	397.0	5.03317389827	287.0	0.92985388	0.6164398374
10317.000011955	609.018518519	5.50602015749	388.0	0.94478518	0.640241390644
10317.000003266	400.358490566	5.34089460902	333.0	0.92781426	0.637385540437
10317.000016405	776.018181818	6.42186264909	453.0	0.97676388	0.727824477253
10317.000010984	650.181818182	6.07989964788	416.0	0.9691772	0.698803720828
10317.000010843	547.318181818	6.0831732156	428.0	0.96386692	0.695898437306
10317.000008955	395.3125	5.77859850435	310.0	0.9665144	0.698225186256
10317.000027648	453.471698113	4.62500461581	321.0	0.8690108	0.555460731753
10317.000014357	561.529411765	5.39047610302	368.0	0.92400922	0.632420592565
10317.000017093	444.666666667	5.03722163247	348.0	0.90618442	0.596619133475
10317.000014379	615.25	5.90109196198	460.0	0.94923122	0.667130020835
10317.000005915	390.4	4.55559511135	274.0	0.8691778	0.562555824017
10317.000001363	434.123076923	5.14668802861	361.0	0.8707541	0.605788118126
10317.000013604	433.391304348	2.59718059862	196.0	0.557395	0.341074138317
10317.000014095	488.263157895	5.46899222175	363.0	0.93632874	0.643121389155
10317.000012275	569.083333333	5.78045587095	399.0	0.95816616	0.669015278342
10317.000011389	658.961538462	6.24710155115	466.0	0.96817236	0.704757486949
10317.000002205	360.428571429	3.92034822805	275.0	0.80540444	0.483797234004
10317.000011155	567.267857143	5.59654023911	396.0	0.93301622	0.648546639745
10317.000006929	484.632653061	5.24884662883	334.0	0.93349554	0.626077261998
10317.000013648	516.333333333	5.03502123367	330.0	0.9041845	0.601820143275
10317.000012155	823.473684211	6.91731395455	559.0	0.98310194	0.757920230147
10317.000006654	514.052631579	6.28383326317	395.0	0.97168362	0.728500506741
10317.000002071	540.238095238	5.47294372874	403.0	0.93024878	0.63237133378
10317.000004159	412.340909091	5.03149243108	313.0	0.89335766	0.606933774697
10317.000002568	276.553191489	4.80410607413	235.0	0.90454976	0.609927726523
10317.000008957A	646.35	6.42332488052	450.0	0.9718666	0.728781976902
10317.000002749	709.272727273	6.36231239106	493.0	0.96767276	0.711234960214
10317.000017661	600.590909091	6.23131710022	429.0	0.9724982	0.712571241034
10317.000002201	279.617647059	3.68382309044	198.0	0.81802118	0.482848459428
10317.000001939	448.234042553	4.88596826994	323.0	0.87685962	0.586171500317
10317.000009447	524.936170213	5.22372854441	352.0	0.925882	0.617503489584
10317.000029245	723.4	6.23317908701	526.0	0.96915904	0.689593423106
10317.000014958	518.459016393	5.91513026127	381.0	0.95842776	0.689919952607
10317.000015364	695.318181818	5.88461643308	443.0	0.95596488	0.669378614374
10317.000016484	673.0	5.42818642369	415.0	0.94079924	0.624147026802
10317.000010908	617.571428571	5.99388075289	419.0	0.94798612	0.688097112306
10317.000001524	550.014705882	5.32777409762	417.0	0.92469724	0.612113180329
10317.000014949	455.0	5.27673179724	346.0	0.93327176	0.625603364467
10317.000015933	606.372881356	6.20320947013	422.0	0.9694941	0.711287572347
10317.000014012	664.056603774	5.74896413752	418.0	0.95427648	0.660241991896
10317.000004774	547.948275862	5.50864676642	392.0	0.92953086	0.639446582195
10317.000008954B	554.693548387	5.72864259422	400.0	0.94292684	0.66274154364
10317.000016703	731.28358209	6.29845235786	480.0	0.97035158	0.707143788313
10317.000003365	379.204081633	5.01670135723	290.0	0.91447504	0.613295490454
10317.000017216	736.884057971	6.85855790716	506.0	0.98349282	0.763504710332
10317.000004163	527.02	5.35238266906	367.0	0.93917702	0.628240749982
10317.000013697	616.788461538	5.42749530755	399.0	0.92011588	0.628164519364
10317.000017161	574.957446809	4.71293829129	334.0	0.8985777	0.56215464273
10317.000001072	483.654545455	5.13282544861	356.0	0.91706078	0.60559071264
10317.000011956	660.018181818	5.45429029462	408.0	0.94146306	0.628923291876
10317.000007641	470.294117647	6.0285313788	390.0	0.96395314	0.700395030636
10317.000017079	324.069767442	4.57183700536	243.0	0.91898256	0.576901599033
10317.000009193	414.019607843	4.95805050627	315.0	0.89248526	0.597412487467
10317.000012984	627.892307692	6.11258425376	449.0	0.96635754	0.693778395678
10317.000015581	508.5	5.15926484682	341.0	0.93285632	0.613203351793
10317.000014802	480.241935484	5.56663306976	367.0	0.95016364	0.653388584273
10317.000017353	776.379746835	6.60902091839	527.0	0.97677824	0.730952229845
10317.000001059	408.705882353	5.19082812682	323.0	0.9349012	0.622745655085
10317.000017088	545.378378378	5.6646168078	412.0	0.94936828	0.652117246764
10317.000004602	481.0	5.46072807736	311.0	0.94823692	0.659446835197
10317.000014399	477.017241379	5.50146177768	358.0	0.94661452	0.648465492664
10317.000005008	646.607142857	5.69007244134	405.0	0.94020652	0.65691736467
10317.000010104	621.567164179	6.42640715324	457.0	0.9722324	0.727294084462
10317.000010565	606.777777778	5.53652033695	380.0	0.93385054	0.646045930058
10317.000027194	432.595744681	4.9450553195	323.0	0.9179726	0.593260196472
10317.000015224	661.630434783	6.70493913205	444.0	0.97742706	0.762408695921
10317.000013933	514.046511628	5.78222537575	348.0	0.95794376	0.684858945058
10317.000018033	621.875	5.43630153048	389.0	0.93469922	0.631861649088
10317.000006084	372.375	5.45111806584	281.0	0.95468942	0.670129379904
10317.000002059	606.5	6.24092207784	436.0	0.97047438	0.71176903298
10317.000003047	448.571428571	5.17719229748	335.0	0.92654718	0.617212878963
10317.000008982	381.372881356	5.54946424268	315.0	0.95115128	0.668673954236
10317.000010765	491.0	5.24873237308	366.0	0.89526606	0.616359485744
10317.000012072	680.651162791	5.20539880717	366.0	0.9189825	0.611270818138
10317.000017183	509.119402985	5.91870886974	418.0	0.94728078	0.679736390789
10317.000012228	544.291666667	6.22624847076	413.0	0.97132082	0.71648445618
10317.000011224	674.517857143	5.37535569175	418.0	0.8965263	0.617334786611
10317.000026111	413.886363636	4.47881829396	285.0	0.88784488	0.549223567474
10317.000006637	653.0	6.37390722891	482.0	0.96975634	0.715133666364
10317.000012113	351.019230769	4.30637545282	274.0	0.8640626	0.531780487989
10317.000013079	583.52	5.50329436409	363.0	0.94869598	0.647155119784
10317.000004162	471.052631579	5.84483222029	352.0	0.9641817	0.690924932523
10317.000012906	588.888888889	5.27306805181	410.0	0.9389869	0.607532708337
10317.000012976	687.333333333	6.04982640208	419.0	0.9663067	0.694519669117
10317.000009533	276.964285714	3.86036605685	198.0	0.81827304	0.505988414108
10317.000014309	509.444444444	5.72792507878	375.0	0.94219736	0.669874248711
10317.000002371	536.151515152	5.82779290721	413.0	0.94831658	0.670632251743
10317.000002329	577.835294118	5.9403898648	465.0	0.93209502	0.670390656115
10317.000010761	530.791044776	6.07681727885	426.0	0.95147112	0.695709135513
10317.000009129	516.654545455	6.01373452827	378.0	0.95874528	0.702355087641
10317.000014323	672.222222222	5.71425544886	407.0	0.94406484	0.659168446603
10317.000006894	732.964912281	5.9077398815	444.0	0.95341588	0.671760350122
10317.000014241	353.352941176	4.88611479789	285.0	0.91355182	0.599169071897
10317.000001685	420.3125	5.02745773357	313.0	0.92265412	0.606447081291
10317.000011302	544.411764706	5.27073840038	380.0	0.91255412	0.615032346082
10317.000012231	393.534883721	5.28310587532	283.0	0.94581842	0.648659000513
10317.000001579	549.538461538	5.81635466357	423.0	0.9550558	0.66666805297
10317.000017662	613.0	6.14562515964	456.0	0.96447198	0.695766068612
10317.000003432	361.0	4.73636274994	276.0	0.87147552	0.584121411385
10317.000011116	700.658227848	6.48623804585	499.0	0.9757003	0.723676593144
10317.000006841	537.238095238	6.19062243984	422.0	0.96351012	0.709844287501
10317.000013563	633.672413793	5.39168806192	441.0	0.87281492	0.613763480976
10317.000017217	725.448275862	6.7735916851	495.0	0.9811353	0.756717264705
10317.000006728	345.024390244	4.43197591907	260.0	0.87327472	0.552452346036
10317.000013286	509.048387097	5.42662479797	380.0	0.93459336	0.633222430574
10317.000022964	625.482142857	5.55506515327	404.0	0.94719402	0.641594995032
10317.000002466	576.387096774	5.51647113022	408.0	0.91988904	0.636093239514
10317.000017644	575.985074627	5.82301498202	418.0	0.95506608	0.668746389542
10317.000017173	528.737704918	5.6131040086	387.0	0.9442375	0.652975814615
10317.000013332	776.070588235	6.97114102976	578.0	0.97805086	0.759803541848
10317.000002173	372.837209302	4.78282490776	269.0	0.91220714	0.592559897193
10317.000011329	498.164179104	5.80680943903	388.0	0.95629926	0.675217242964
10317.000007039	483.85	6.16774338117	398.0	0.96308888	0.714138179226
10317.000002886	589.092307692	5.90352071457	424.0	0.9596489	0.676394880694
10317.000009126	438.451612903	5.2624822829	357.0	0.91393354	0.620591821845
10317.000022636	468.2	4.98862827282	334.0	0.90977696	0.5950386725
10317.000014233	540.915492958	6.53899738128	430.0	0.9775077	0.747468362175
10317.000023088	699.01754386	5.9474263149	438.0	0.96109096	0.677785828249
10317.000004974	599.041666667	6.19264511748	450.0	0.96371892	0.702609354955
10317.000002414	289.0625	3.81178903248	167.0	0.84916986	0.516243457415
10317.000006027	550.454545455	5.76114315808	398.0	0.95376958	0.667059576072
10317.000017098	612.0	6.30570161261	461.0	0.97239328	0.712619540358
10317.000014559	491.468085106	5.30794534759	337.0	0.93779202	0.632153767614
10317.000016313	589.578947368	5.69991642613	348.0	0.9493222	0.675110099805
10317.000022899	529.512195122	6.01601039789	435.0	0.9571553	0.686377471205
10317.000003837	624.888888889	5.49580757562	401.0	0.94056448	0.63554021362
10317.000010285	430.4	4.85088379585	275.0	0.9351841	0.598631556788
10317.000005848	428.103448276	4.65816729789	319.0	0.86609458	0.56005004371
10317.000005907	504.970588235	5.74318595402	391.0	0.9481356	0.666957312191
10317.000014132	843.313432836	6.16579087159	522.0	0.94976474	0.682970211911
10317.000003382	668.47761194	6.19173220941	481.0	0.96062466	0.694927778728
10317.000003221	324.076923077	4.44550536546	241.0	0.86292584	0.561805577781
10317.000014607	411.523809524	3.94012751364	284.0	0.78873326	0.483466229793
10317.000017125	804.630136986	6.85588477656	579.0	0.97552022	0.747038396598
10317.000013826	605.213333333	5.16827625934	427.0	0.8962463	0.591465059625
10317.000004872	430.022222222	5.41601241627	304.0	0.94221564	0.656651311186
10317.000014293	583.692307692	5.59458722418	363.0	0.95682518	0.657890624356
10317.000016721	599.358208955	6.67979628254	437.0	0.98188094	0.76153500563
10317.000016763	602.615384615	6.24779985332	419.0	0.96879584	0.71724700817
10317.000012173	451.526315789	5.26567258351	285.0	0.94669478	0.645713063504
10317.000012951	538.405797101	5.8208663082	415.0	0.94509848	0.669298383676
10317.000004705	638.131147541	5.42277375571	445.0	0.882981	0.61638808674
10317.000007651	391.234042553	4.16535015291	266.0	0.8690612	0.51709548191
10317.000001827	502.690140845	5.28802986884	390.0	0.90121656	0.614363533881
10317.000014666	683.863013699	6.49509849842	503.0	0.9699594	0.723735061872
10317.000017146	440.466666667	5.020508642	337.0	0.8988272	0.597921275663
10317.000004161	464.056603774	5.9136440666	363.0	0.96063192	0.695409836561
10317.000023299	456.471698113	5.03215202619	324.0	0.92570866	0.603386394773
10317.000013733	483.0	5.63622678493	388.0	0.94059652	0.655381849603
10317.000012034	360.0	4.8323117728	240.0	0.93045888	0.611151971103
10317.000014391	849.615384615	6.46032936155	512.0	0.97181564	0.717814373505
10317.000014646	572.142857143	5.52440758161	423.0	0.93245058	0.633205204854
10317.000001793	538.4375	5.90979286071	432.0	0.95173232	0.675027846931
10317.000013214	445.958333333	4.74882931348	307.0	0.89790352	0.574773033033
10317.000023154	525.779661017	5.53068748692	377.0	0.94459044	0.646227577752
10317.000009222	464.0	5.8465042303	351.0	0.96302832	0.691458068738
10317.000027198	369.682926829	4.59365374305	272.0	0.89109754	0.567996890152
10317.000007734	557.916666667	5.97919013653	416.0	0.9613142	0.687228499965
10317.000006818	360.75	3.7777798617	212.0	0.79253042	0.488848181592
10317.000026639	783.2875	6.10467338484	527.0	0.95004622	0.675171811109
10317.000005041	354.243902439	4.78479773464	263.0	0.9261219	0.595204123964
10317.000013312	436.015151515	5.50284686621	364.0	0.9339824	0.646800622127
10317.000001285	638.164179104	6.05541809445	478.0	0.9457035	0.680317796579
10317.000017215	725.2	6.75931824639	508.0	0.9820752	0.751980793846
10317.000016698	665.690140845	6.61672351991	491.0	0.97646348	0.740160511058
10317.000014979	625.232142857	6.08384717771	423.0	0.96797646	0.697327929113
10317.000014538	500.489795918	4.31330210058	332.0	0.82788704	0.515018721516
10317.000004278	322.636363636	4.30334738236	249.0	0.84747218	0.540621399226
10317.000009556	467.022222222	5.69277496726	348.0	0.9518982	0.674264250384
10317.000022663	740.1	5.87783981588	444.0	0.95211992	0.668360457955
10317.000001141	424.833333333	5.39285608702	349.0	0.93675084	0.638428193804
10317.000002359	456.775	5.5469504874	328.0	0.9513957	0.663705171602
10317.000014236	484.894736842	5.60995676257	330.0	0.94711326	0.670540366354
10317.000001799	433.571428571	4.99109563531	320.0	0.89139026	0.599752314416
10317.000023213	549.080645161	5.67024856379	376.0	0.95050192	0.66283121984
10317.000013652	614.5	5.81590573198	413.0	0.95291656	0.669264337128
10317.000010205	463.362068966	5.38226057879	334.0	0.93580396	0.641990746695
10317.000005989	568.0	5.88636557497	419.0	0.96280326	0.675754377022
10317.000011072	462.565217391	3.92366871012	216.0	0.88485504	0.505960751723
10317.000013178	296.375	3.61928813738	227.0	0.7035147	0.462437323842
10317.000003423	365.139534884	4.31889251553	272.0	0.82500458	0.534023166512
10317.000013306	525.344827586	5.62363677312	383.0	0.94156942	0.655343820416
10317.000002489	397.796875	5.67301426606	322.0	0.96485446	0.680959172808
10317.000004759	350.023255814	3.96325460427	261.0	0.84549548	0.493684729986
10317.000002687	448.344262295	4.90875318105	339.0	0.881872	0.584017913629
10317.000004158	490.285714286	5.27147841888	378.0	0.92520032	0.615665634971
10317.000004157	405.402985075	5.30840152426	333.0	0.92588438	0.633507796369
10317.000001321	515.147058824	5.9328626152	403.0	0.9590812	0.685512665772
10317.000003022	511.050847458	5.99976569977	388.0	0.96534048	0.697654244859
10317.000003757	467.192307692	5.7013278372	354.0	0.95625088	0.673310513046
10317.000002087	509.016393443	5.55667579778	390.0	0.9313837	0.645574829271
10317.000009214	459.846153846	4.86763541493	359.0	0.87787226	0.573483406324
10317.000013829	514.956521739	5.48275977855	399.0	0.9274551	0.634560688849
10317.000016757	554.555555556	5.70383330976	392.0	0.94599798	0.66210393768
10317.000014593	501.638888889	6.07477452688	409.0	0.95899754	0.700184948337
10317.000006047	422.166666667	5.46062037118	348.0	0.93670352	0.64676737134
10317.000010098	565.144927536	5.49822555056	418.0	0.92238578	0.631445822684
10317.000009117	484.0	5.91358830302	365.0	0.96178812	0.69475565651
10317.000026135	642.765625	6.09787735755	439.0	0.9665182	0.694671198209
10317.000009624	530.083333333	5.83291310783	393.0	0.96027428	0.676798816472
10317.000009075	557.3	5.78265194242	404.0	0.96094034	0.667880653405
10317.000001765	616.28	6.28150086546	453.0	0.9737908	0.71191651606
10317.000016353	651.238636364	5.81328958981	488.0	0.94481488	0.650930530154
10317.000008949A	582.714285714	5.99106613214	417.0	0.9595312	0.688319451334
10317.000005571	284.363636364	3.3085452927	191.0	0.71001802	0.436631655379
10317.000006626	552.807692308	5.55944996559	384.0	0.94873404	0.647579994103
10317.000014608	534.3	5.15232678667	364.0	0.90108434	0.605600746676
10317.000015264	526.287671233	5.40135798543	393.0	0.93166556	0.626725038467
10317.000007732	420.375	5.23397293949	321.0	0.93640094	0.628597521613
10317.000027644	543.418918919	5.68241013579	423.0	0.92405616	0.651315389196
10317.000007697	635.625	6.30446427569	472.0	0.96810156	0.709750942445
10317.000004881	394.902439024	5.12120492979	286.0	0.9273876	0.627608539207
10317.000004642	321.0	3.12047883159	216.0	0.7478688	0.402388665305
10317.000001353	480.737704918	5.68656408577	377.0	0.95163412	0.664440821068
10317.000028759	402.02	5.28070363422	299.0	0.9423834	0.642108774222
10317.000004631	527.95890411	6.29826294509	435.0	0.96731358	0.718580173125
10317.000009433	353.56	4.99011451696	268.0	0.92810994	0.618653525784
10317.000009061	590.405063291	6.4073894617	469.0	0.96807264	0.722085965771
10317.000013995	734.615384615	6.4002215991	484.0	0.9741255	0.717605083612
10317.000015155	512.285714286	5.52737562377	349.0	0.95158116	0.654353162594
10317.000022965	707.46875	6.10888119532	475.0	0.96126918	0.687025393241
10317.000016701	668.891891892	6.52931338398	497.0	0.97416294	0.728953779211
10317.000022638	441.813953488	4.46915494247	284.0	0.8720319	0.548379584904
10317.000013972	508.964912281	5.81397818648	373.0	0.95798726	0.680552093075
10317.000017163	670.625	5.50436610168	430.0	0.94214252	0.629200361299
10317.000001026	561.08	6.50349237357	451.0	0.97211352	0.737609669186
10317.000010919	516.25	5.1042893607	385.0	0.88674154	0.59430189234
10317.000014311	596.185185185	5.45696587198	392.0	0.94195804	0.633447437085
10317.000005039	503.025641026	5.09467277514	323.0	0.9228429	0.611209860408
10317.000004249	544.216666667	5.58754410115	375.0	0.94823724	0.653456854868
10317.000017176	421.666666667	5.15253362614	298.0	0.92762716	0.626892320471
10317.000002258	492.75	5.12926068831	344.0	0.91551634	0.608722943989
10317.000013118	644.0	6.29651949009	422.0	0.97038208	0.721986914017
10317.000013431	701.623188406	6.59737446993	486.0	0.97781854	0.739217150755
10317.000014197	833.089552239	6.51151912781	521.0	0.97372518	0.721486807254
10317.000015541	428.1875	4.62341053596	301.0	0.89129346	0.561528309233
10317.000022661	690.615384615	5.97403273042	467.0	0.95475316	0.673716582706
10317.000014258	623.405797101	6.36555863173	470.0	0.97171718	0.717123469718
10317.000014324	516.25	5.31550616776	355.0	0.93819896	0.627444517553
10317.000002369	567.448275862	3.99002135955	359.0	0.7613415	0.470086776336
10317.000002372	469.258064516	5.19084163345	369.0	0.88570698	0.60871951103
10317.000013056	657.413333333	5.89513147122	445.0	0.95725884	0.670079367557
10317.000013852	614.119402985	5.87234498378	429.0	0.95871278	0.671521619839
10317.000012017	615.189873418	5.93424255525	446.0	0.95416742	0.674276792457
10317.000021237	310.166666667	2.31512745732	211.0	0.46985982	0.299844283921
10317.000016489	385.0	4.28370635969	290.0	0.82421312	0.523686304157
10317.000012355	577.660377358	6.09574796137	417.0	0.96506782	0.700346449145
10317.000018409	715.58490566	5.64008315692	415.0	0.93848242	0.648511465624
10317.000004077	314.5	4.60525389897	207.0	0.92601386	0.598591240151
10317.000004294	494.214285714	6.02863424237	407.0	0.96031524	0.695433640348
10317.000022993	720.193548387	6.33272962943	483.0	0.97022924	0.710275381749
10317.000008963	315.8	3.96974238788	230.0	0.8156442	0.505990366708
10317.000013372	418.057692308	4.84226749163	309.0	0.91675792	0.585418501575
10317.000016407	831.222222222	5.97208791511	428.0	0.96009184	0.683190581673
10317.000006657	446.9375	5.58652517647	331.0	0.95223866	0.667391446481
10317.000005805	545.328947368	5.91960108455	435.0	0.95217356	0.675377958852
10317.000012988	294.033333333	3.88232857087	204.0	0.82342092	0.506010602623
10317.000011093	729.639534884	6.70803315064	536.0	0.97826792	0.739903723615
10317.000004979	561.620689655	5.63611570919	401.0	0.92656088	0.65176557449
10317.000014188	472.703125	5.62339619616	363.0	0.93758526	0.661278390387
10317.000011223	761.153061224	6.77324707869	576.0	0.97605884	0.738637129271
10317.000013608	382.269230769	5.07735115703	300.0	0.91641514	0.617020662139
10317.000009594	524.873015873	5.00476486225	377.0	0.90028788	0.584776681343
10317.000022994	751.494505495	6.63826582715	550.0	0.97923296	0.729216297107
10317.000002494	357.166666667	4.48781188102	283.0	0.83321402	0.551012915118
10317.000005887	522.642857143	5.1128264606	344.0	0.91813116	0.606772586601
10317.000028817	606.590909091	5.97134405006	435.0	0.95381882	0.681281407063
10317.000027879	635.833333333	5.94164352348	455.0	0.94685718	0.672913940985
10317.000002325	800.406779661	4.60370980321	432.0	0.86285344	0.525844541357
10317.000026127	569.567164179	5.65751147962	405.0	0.95329338	0.653158210215
10317.000031851	739.566037736	5.64833574119	449.0	0.93556806	0.641086183207
10317.000036428	464.451612903	5.47244846088	355.0	0.94266944	0.645970049889
10317.000026648	404.03030303	4.58156704066	260.0	0.85782684	0.571099100345
10317.000027761	850.35	6.60912881821	522.0	0.9736941	0.73207771777
10317.000030744	506.23255814	5.40514359234	326.0	0.93910102	0.647421199073
10317.000021239	435.222222222	5.04013010751	287.0	0.93686428	0.617291801703
10317.000036165	547.291666667	6.07062489949	416.0	0.96662118	0.697737711674
10317.000027762	401.5	4.61874261886	250.0	0.88346558	0.579822708449
10317.000023342	745.348837209	5.35901205074	379.0	0.93530412	0.625610348343
10317.000029227	529.942307692	5.5958594576	356.0	0.95359554	0.660221266181
10317.000030751	395.380952381	4.56251768998	312.0	0.86887768	0.550669426716
10317.000026658	706.528301887	6.26267454518	445.0	0.97127222	0.711856727697
10317.000036106	303.170212766	3.92707041766	229.0	0.85248806	0.500952714563
10317.000030756	486.47826087	4.32655209196	318.0	0.84623954	0.520463492055
10317.000038402	525.205479452	5.60886313629	390.0	0.95504954	0.651637956467
10317.000033785	866.817073171	6.50902549208	554.0	0.9730549	0.714198994604
10317.000028955	992.721518987	6.57816481745	586.0	0.97352782	0.715425641112
10317.000035491	623.327868852	6.11188309502	445.0	0.9577829	0.694716780938
10317.000036399	332.02173913	4.12230062815	243.0	0.8776208	0.520176423893
10317.000002326	512.56	5.13422230481	337.0	0.91207268	0.61146409038
10317.000036934	388.45	4.50613860905	244.0	0.89613424	0.568186590635
10317.000036101	540.223880597	5.70706257512	395.0	0.95073696	0.66163403831
10317.000043083	629.876712329	4.91428549988	440.0	0.87141582	0.559626943913
10317.000036085	491.529411765	4.86359955755	342.0	0.89380256	0.577772008828
10317.000036124	387.068181818	3.46070989953	270.0	0.68174548	0.428474546428
10317.000033728	509.944444444	5.03851812351	371.0	0.89633626	0.590316996369
10317.000036081	422.059701493	5.55143836033	339.0	0.9424922	0.660481252419
10317.000037612	447.303030303	4.56133587807	285.0	0.87279968	0.559342442354
10317.000028718	471.47826087	5.0417097495	303.0	0.93161858	0.611622387154
10317.000030771	323.6	3.64903644184	194.0	0.81670214	0.480141880257
10317.000034241	488.043478261	5.85282703454	388.0	0.9586649	0.680568180393
10317.000009144	309.5	4.4224427116	217.0	0.8900447	0.569788509945
10317.000004765	443.803278689	5.91807101709	356.0	0.9646793	0.698237039342
10317.000006675	672.35443038	6.66457442541	499.0	0.97751762	0.743573775869
10317.000031829	474.676470588	3.82046011836	254.0	0.76566624	0.478233935642
10317.000033666	465.914893617	4.96089521012	314.0	0.92321434	0.59808583904
10317.000031926	1114.59649123	5.66509640319	468.0	0.96444796	0.638654281112
10317.000027821	504.0	5.11461721385	318.0	0.92621714	0.61526395131
10317.000013063	480.458333333	4.87931273488	319.0	0.90422766	0.586638292634
10317.000014234	392.857142857	4.85571311204	275.0	0.91265112	0.599227526758
10317.000022526	525.066666667	5.10157537675	330.0	0.93181946	0.609775149236
10317.000033713	515.538461538	3.76619849921	259.0	0.74313234	0.4697877714
10317.000014018	563.122807018	5.79221000507	385.0	0.9585074	0.674397770893
10317.000010207	494.270833333	5.53832481275	348.0	0.949391	0.655970848967
10317.000006777	374.454545455	5.34602299935	317.0	0.9393666	0.643452678081
10317.000014678	380.5	2.22696459133	220.0	0.57450806	0.286192217468
10317.000002711	271.636363636	3.40297116813	192.0	0.73379258	0.448647065533
10317.000013755	428.772727273	4.7934287541	295.0	0.90893112	0.584238794426
10317.000016381	409.7	3.92372785952	238.0	0.81829	0.497000434609
10317.000001221	437.052631579	5.52764509623	362.0	0.9336638	0.650322978753
10317.000009497	419.2	4.39465786189	264.0	0.88961698	0.546300665617
10317.000002161	569.06122449	5.44253929933	356.0	0.95195938	0.642131957507
10317.000023343	259.193548387	4.16406767203	190.0	0.89488088	0.550085482139
10317.000036151	552.4375	6.04186585857	409.0	0.96430106	0.69639186036
10317.000038424	622.158730159	5.6664859111	410.0	0.9385698	0.652860061449
10317.000036191	545.263157895	5.55732913225	377.0	0.94699692	0.649340493817
10317.000005799	139.055555556	1.8245373296	106.0	0.420909	0.271188897361
10317.000016723	497.58490566	5.61122936671	349.0	0.9509977	0.664280109056
10317.000004927	273.125	3.49885215322	211.0	0.80228298	0.453154669783
10317.000016717	567.918367347	6.05424382285	375.0	0.96817484	0.708036850442
10317.000002382	581.518987342	6.27146689715	453.0	0.96808002	0.710779312085
10317.000001575	448.901408451	5.37613453748	366.0	0.92444004	0.631320342376
10317.000012154	427.692307692	4.97219728899	306.0	0.92688162	0.602151356302
10317.000006034	555.149253731	5.70361626861	412.0	0.95212896	0.656606909855
10317.000001782	614.078947368	5.7916898249	469.0	0.9442682	0.652699194525
10317.000014556	345.30952381	3.66703854604	239.0	0.79183638	0.46413116879
10317.000010979	492.411764706	4.87728063854	338.0	0.90384172	0.580567865012
10317.000005228	216.230769231	0.940188534096	102.0	0.21042396	0.140906564841
10317.000002067	377.142857143	4.53878210933	286.0	0.87035076	0.55623206813
10317.000012156	699.232876712	6.01507904025	481.0	0.96258332	0.675101146972
10317.000008991	410.058823529	5.22047366737	313.0	0.93685114	0.629730011929
10317.000001405	352.486486486	4.98069005772	256.0	0.9346605	0.622586257215
10317.000010776	477.0	6.42947421366	400.0	0.973192	0.743820127556
10317.000013965	436.388888889	5.24519039179	315.0	0.93498006	0.632010955765
10317.000003281	241.65625	4.56616824212	190.0	0.91822796	0.603204139997
10317.000002272	510.982758621	4.68447756066	348.0	0.8912057	0.554839383085
10317.000002126	392.109090909	4.8642318459	316.0	0.90122362	0.58578519754
10317.000012202	457.75	4.85834623825	318.0	0.92599258	0.584435780509
10317.000001794	432.571428571	4.97490294805	324.0	0.90205202	0.596521873454
10317.000002276	522.05	5.20207154338	397.0	0.87116812	0.602580150293
10317.000009198	435.0	5.15363762442	338.0	0.90254256	0.613464062127
10317.000014594	432.115384615	3.71532241412	234.0	0.74278916	0.472064833904
10317.000016737	739.081081081	6.09828400407	499.0	0.95856302	0.680392141161
10317.000015605	476.886792453	5.4889797716	333.0	0.95045656	0.655058111849
10317.000009219	520.516666667	4.79771894958	372.0	0.86361976	0.561849130073
10317.000007005	256.096774194	3.50420647721	189.0	0.76707198	0.463381928353
10317.000006703	294.090909091	2.94083907593	210.0	0.67421454	0.381221866636
10317.000017746	325.375	4.9088597643	234.0	0.93084604	0.623714394339
10317.000026105	318.125	4.22310391241	193.0	0.8914091	0.556223616634
10317.000001301	307.238095238	3.33882302587	232.0	0.6938101	0.424895787855
10317.000009097	382.230769231	4.00618215381	235.0	0.79846786	0.508623568132
10317.000016414	359.902439024	4.50497122318	251.0	0.90269216	0.565131607535
10317.000003732	339.382978723	5.22353984097	285.0	0.93533494	0.640546456233
10317.000013814	443.565217391	4.09694373619	224.0	0.87653482	0.524754385716
10317.000018426	303.486486486	5.0142582597	249.0	0.92898102	0.629931789275
10317.000002132	515.038961039	4.96599244805	416.0	0.85474922	0.570774881378
10317.000003225	248.071428571	4.0578133407	214.0	0.85826332	0.524165942686
10317.000009392	243.322580645	2.75818836304	172.0	0.6561418	0.371409915232
10317.000009149	392.069767442	5.3150512509	301.0	0.93820634	0.645530332898
10317.000013912	253.807692308	4.05968102944	188.0	0.8407916	0.537379480094
10317.000007677	392.4375	4.86146200363	283.0	0.92570926	0.596889624916
10317.000017208	388.109090909	5.33773402788	312.0	0.946491	0.64423354315
10317.000013117	547.625	3.87552699969	342.0	0.70826344	0.460393787232
10317.000005026	248.65	3.78722815224	166.0	0.849398	0.513519715724
10317.000009033	330.857142857	5.63829251543	275.0	0.95311584	0.695803067685
10317.000013524	677.0	6.31219726037	493.0	0.96490984	0.705632652312
10317.000002274	235.454545455	3.85981071806	180.0	0.8362362	0.515201068204
10317.000008999	371.794117647	3.14892828336	232.0	0.6722832	0.400729943901
10317.000016761	479.245283019	5.11239353973	349.0	0.91683592	0.605225899026
10317.000004025	154.272727273	2.96121168179	117.0	0.76612986	0.431012297404
10317.000001128	379.075	5.45320473013	304.0	0.94088364	0.661160603223
10317.000003559	472.147058824	5.62192283132	360.0	0.95706338	0.662037221741
10317.000017117	215.315789474	3.0077677122	140.0	0.71610706	0.42188922856
10317.000014561	572.092307692	6.0133895417	407.0	0.95502182	0.693675086544
10317.000002056	454.178571429	6.09806969386	364.0	0.9646841	0.716762680783
10317.000002243	364.375	4.90974016791	262.0	0.90537094	0.611164153434
10317.000003189	449.051724138	4.79318144514	328.0	0.89077314	0.573515000863
10317.000016315	520.125	3.1973844733	247.0	0.66681918	0.402269344148
10317.000011315	490.355932203	5.61874292237	359.0	0.95005284	0.66197559096
10317.000013913	326.772727273	3.36186576675	204.0	0.74931584	0.438175103296
10317.000013498	430.323529412	4.07162857734	254.0	0.8673868	0.509674462942
10317.000002589	496.643835616	5.6027829873	380.0	0.95839834	0.653777991528
10317.000004086	597.042857143	6.57077786435	452.0	0.975054	0.744971036569
10317.000013551	451.285714286	3.22745060009	264.0	0.68622822	0.401204932553
10317.000006766	396.454545455	5.63706234573	330.0	0.94892834	0.673780210871
10317.000011962	401.133333333	3.34914482451	263.0	0.72037836	0.416616317314
10317.000002199	278.130434783	4.07591895034	182.0	0.87918322	0.542891640711
10317.000010556	552.527777778	4.03478652787	305.0	0.78226722	0.488907076253
10317.000028914	400.12244898	4.72042354643	280.0	0.91616056	0.580669111481
10317.000038479	334.043478261	4.68048082348	226.0	0.91349288	0.598513262417
10317.000042999	530.0625	6.07900152882	366.0	0.97038134	0.713858126081
10317.000041554	708.818181818	6.26754799945	462.0	0.97161366	0.708057579369
10317.000037489	521.842105263	5.97266061355	377.0	0.96716532	0.697869480089
10317.000031493	358.632653061	5.2128718659	302.0	0.92330524	0.632752581457
10317.000039813	399.59375	4.76460348897	263.0	0.88903268	0.592692064109
10317.000009455	328.5	5.11771561143	224.0	0.94031146	0.655499290415
10317.000023819	536.193548387	4.72292782874	302.0	0.86671692	0.573281840135
10317.000008950B	339.121212121	3.72764760274	236.0	0.78461484	0.472893112043
10317.000001067	151.647058824	2.02215769796	101.0	0.63564078	0.303708841811
10317.000009526	318.936170213	5.36245851496	250.0	0.95167716	0.673186509115
10317.000010876	271.0	5.07370789926	212.0	0.94048906	0.656542459138
10317.000001622	302.617647059	4.34533117611	221.0	0.89217568	0.557959109398
10317.000002271	365.59375	3.46470271562	214.0	0.783263	0.447551183995
10317.000002465	449.75	6.07664963087	377.0	0.9674999	0.710019971494
10317.000001747	297.085714286	4.34310433841	222.0	0.86982316	0.55720716124
10317.000002038	317.837837838	3.79144662906	212.0	0.83936898	0.490616673833
10317.000023378	372.0	4.57997916069	277.0	0.8627003	0.564471863532
10317.000010178	300.775510204	4.77929804015	257.0	0.8975012	0.596992528288
10317.000011259	336.02173913	3.75124300152	247.0	0.74745366	0.471951394824
10317.000005025	285.162162162	4.24069403748	218.0	0.87233952	0.545905434292
10317.000001225	186.8	2.39603736296	128.0	0.6373672	0.342291051851
10317.000015394	320.166666667	3.51748350346	166.0	0.83500586	0.476944365681
10317.000042586	598.666666667	6.31418683468	442.0	0.97091542	0.718508972079
10317.000001208	280.916666667	4.19303065716	186.0	0.9001052	0.556166909626
